400_2

CUSTOMER  VEHICLE
NUMBER	  NUMBER     CAPACITY    DispatchingCost
    400     500          40000       100

CUSTOMER
CUST NO.  XCOORD.   YCOORD.   DDEMAND   PDEMAND   READY TIME  DUE TIME   SERVICE TIME

    0      41         23          0          0          0        960          0
    1      95         66         82        101          0        108         20
    2      82         90       2138       7578         30        154         20
    3      62         45       3063          0        120        200         10
    4     108         35         26          0        120        288         10
    5      90         29        600          0        120        192         10
    6      80         93       2005         32        120        197         20
    7      28        139         28          0         60        168         10
    8      58          2        324          0         30        200         10
    9      62         67       2332          0        360        441         10
   10     146        112         64          0        120        294         10
   11      69         24       3371          0          0        172         10
   12     111         87         10       1976        180        263         20
   13      86        140       4314          0        300        416         10
   14     150         76        910         20         30        187         20
   15      91         55         90        839          0        158         20
   16      12         30        303          0        150        227         10
   17     130        122       9733          0        150        257         10
   18       7         97       4446       3145         90        255         20
   19      70         76         19      11041          0        104         20
   20     167         35      11558       3442        150        218         20
   21      42         16       2135          0        120        252         10
   22      69         51       7005       1959        120        239         20
   23     107         77       3438       2076        150        220         20
   24     105        152        367          0         30        179         10
   25      35        109       2377          0        120        202         10
   26      85         75       4920        383        120        220         20
   27       9         49       1501          0        150        257         10
   28      98        116       1524      11435        120        224         20
   29     109         94       1274       1998        120        200         20
   30     115         96      11435          0          0        160         10
   31     137         93       5834          0        300        462         10
   32     142         31       1380          0         60        168         10
   33     174         99        805        140        180        246         20
   34     126         66        123          0         90        222         10
   35     139        104       1682          0        300        407         10
   36      30         45      12886          0        420        492         10
   37     169        111       1118       3641        120        248         20
   38     128        111       2939          0          0        162         10
   39     116         85        152          0         60        141         10
   40     150         46       3578       1196         30        162         20
   41     100         14        396          0        120        255         10
   42     133         89       5152        235        120        285         20
   43      30         38       1519        107         90        253         20
   44     100         19       9275       4376        420        523         20
   45      87        113       6124          0        120        229         10
   46      88        127       1988        553         60        149         20
   47      35         23      11040        503        120        281         20
   48     173         62         44       5374        180        285         20
   49      90        124        108        137        210        285         20
   50      87         93         35          0          0        128         10
   51      65         82       2552          0         90        170         10
   52     104        109       3716          0         60        233         10
   53     147        113       1183        841        300        440         20
   54     137         17        493       2819        300        460         20
   55     185         98       3330       1980         60        203         20
   56      16        118       7875       2080        390        525         20
   57      96         81       6831          0        120        198         10
   58      34         67      10530        127        120        294         20
   59      44         48        922      14078        390        486         20
   60     121        120        603      14397         90        164         20
   61     104         68         23       1460        120        292         20
   62      39         52        100          0        120        201         10
   63     146         88      10696          0         30        163         10
   64     111         85       3239         34        120        268         20
   65     106         82       1920       3037          0        161         20
   66     104         81       4870        938         90        260         20
   67     115         61         14          0         60        166         10
   68     143         31         67          0        210        278         10
   69     105         62       2193          0        150        234         10
   70     156         42        432         72        300        408         20
   71     109         65       1160       1863         90        253         20
   72     113         64       5953          0          0        142         10
   73     109         64       2869         98         90        217         20
   74     120         33       1841       1896        150        222         20
   75     132         44       1508          0         60        221         10
   76      76         78         13       5049        180        287         20
   77     151        123       1225          0        120        221         10
   78     142         19       5356          0        330        423         10
   79      17        119        170       2379        150        279         20
   80      58         21        451          0          0        174         10
   81      60        148       1697       5044         30        189         20
   82      81         11       1613          0        120        234         10
   83      39        156         94         70        330        447         20
   84     170        137       1498      13502         90        218         20
   85      56         10        887      14113        120        216         20
   86     176         77       5595          0        120        189         10
   87      97         37       1253         95         30        153         20
   88      54        104        126        152        120        258         20
   89      85         74       7744         73         90        252         20
   90      15         37         90       6257        180        253         20
   91     160         37       2511          0         60        153         10
   92     115         60        742          0         90        220         10
   93     120         85        853       2631          0        163         20
   94      10         48         25         20        120        230         20
   95     134        122        950          0        120        295         10
   96      97         36       1434          0        300        410         10
   97     183         89        248          0          0        193         10
   98      99         64       1879          0         90        176         10
   99     143         87        250          0         90        252         10
  100      37         14        902          0          0         76         10
  101      32         56        683          0         30        189         10
  102      73         81       1936         35        150        261         20
  103      60         60        208        908        120        192         20
  104      42        125        199       1517         60        233         20
  105      79         16      14945         55          0        154         20
  106      30        155       1745       2364        120        269         20
  107      34         49         84         22          0         96         20
  108      85         45        667          0        120        203         10
  109     162         96       1169       6106        210        278         20
  110      61        103       2360       8296        180        274         20
  111      14        122       9250          0         90        232         10
  112       7        116        147       1749        120        281         20
  113      81        134       4190        363          0        165         20
  114      13         87       1330          0          0        122         10
  115     150         53         54          0         90        230         10
  116      86         77        357        986        180        260         20
  117      16         10      11938        630        120        207         20
  118      48        138        127          0        120        233         10
  119      35        150        232          0         90        206         10
  120      69         21         28          0        150        280         10
  121      83         85        300       4834         90        174         20
  122     151        120       2582          0        300        443         10
  123     173         97       6144       4815        150        254         20
  124      38         68       7844        348          0        107         20
  125     121         66       7575          0        180        259         10
  126     164         73        887        104        150        229         20
  127     107         98         82       5359         60        193         20
  128     159        127       2388       2516         60        201         20
  129      44         49       7334          0        360        431         10
  130      90         47       2146          0        120        281         10
  131      78         65         89          0        120        287         10
  132     123         53        438       5972         30        192         20
  133      32         43       3449          0        120        261         10
  134     117        100         13          0         30        160         10
  135      13          8       1062          0        120        288         10
  136      20         21       2489       2006        210        291         20
  137     112         75         74          0        300        435         10
  138      70         51        396          0         60        228         10
  139     126        132       1472        222         60        196         20
  140     122         34       2224          0        120        223         10
  141     142         28      14988         12        150        244         20
  142      34         33       6923          0          0         76         10
  143     172         39        150       2010         60        168         20
  144      80         11       1799          0        360        524         10
  145      56         19       4992       2542          0        140         20
  146      78         17       2692        337        390        461         20
  147      80         64        414          0          0         99         10
  148     101         97         17         91          0        133         20
  149     127         93       3480        233        180        254         20
  150     198         79       3403          0         60        222         10
  151     138        146         31          0         90        208         10
  152     138        106       3816       2415         90        163         20
  153     126        133       1838          0        330        431         10
  154      82         92       4707       1260        300        440         20
  155      76        127       4385          0        330        405         10
  156      33         70        712       2199         30        183         20
  157      22         99       2276          0         60        134         10
  158      79        130       1720          0        120        191         10
  159      93         65        975          0        120        188         10
  160      31        106        686          0         30        169         10
  161      10         51        117          0        150        296         10
  162      63        150       1004       1465        120        232         20
  163      57        153        299         30        360        455         20
  164      22         92       6293          0          0        113         10
  165      68         86       1828          0        120        194         10
  166      97        112       2654       1890        120        225         20
  167     101        117       3956          0        330        441         10
  168     193         92       2155       4270          0        207         20
  169      99         45        936      14064        120        198         20
  170      80          5         37          0        120        287         10
  171      31         76       1011        179        330        426         20
  172     126         36         51        569        120        254         20
  173      22         15         90          0         30        174         10
  174      21         80       1559        450        420        514         20
  175     172        113         47          0         60        231         10
  176     106         55       4592          0        120        293         10
  177     164         70       1545          0        120        195         10
  178      60         10       2247          0          0         93         10
  179      45         79       1104          0        150        227         10
  180     148         30       1881       2382         90        218         20
  181      74         20        127          0          0         75         10
  182      70         64        104       5643        300        427         20
  183      57        145       2633          0         60        215         10
  184      81         18        225         22          0         89         20
  185     140        109      11467        576        120        248         20
  186     152         56       2295          0        390        515         10
  187     104         91       1115        109         90        161         20
  188      68         73      10273       4727          0        101         20
  189     162        117       3616          0        210        281         10
  190      27        127       1363       1951         60        162         20
  191      53         45         31          0         30         95         10
  192      78          8       4580          0        330        430         10
  193      31         40      14657        343        330        433         20
  194     139         66       1790          0        150        219         10
  195     131         18       2262          0         30        158         10
  196     136         72       1950         36        120        293         20
  197      47         96        920          0        210        283         10
  198     121         91      14100        900        180        286         20
  199     116         94        824       1815         30        203         20
  200      30         42       1110          0        120        220         10
  201     147         57       1502       7667        360        522         20
  202     120         62        394        119          0        147         20
  203      27         73       2314          0        300        469         10
  204     186         83       3419       8738         60        216         20
  205     114         56       1924          0        150        277         10
  206      53         69         82       2826         90        194         20
  207     179         67         70       3422        180        263         20
  208     174         54       1034          0        180        264         10
  209     105         41       4551       1073          0        169         20
  210      86         99       2432          0          0        165         10
  211     148         32        768       1958        150        278         20
  212     144         54       5306          0          0        146         10
  213     100         23        584          0        120        222         10
  214     134         34        299        201          0        142         20
  215      82         99        454       5804        180        275         20
  216      88        103         82        326         60        134         20
  217      84         66        450          0        180        273         10
  218      22        151        380          0         60        177         10
  219     160         23        108        270        120        203         20
  220      11         34       5652       3785          0         79         20
  221     150         20        176        388         90        174         20
  222      33        113       1782         96        210        285         20
  223      76         59       1014          0         60        225         10
  224      91         70        763          0        120        218         10
  225      48        151       1789         40        330        460         20
  226      33         20        720          0          0        168         10
  227      51          1       1834       3239         30        141         20
  228      39        107        542       9983          0        161         20
  229      56         64        170       5400         60        195         20
  230      79        101        403        306        120        259         20
  231      13        119       2319          0         60        227         10
  232      20        116       2331      12669        120        252         20
  233      37         15       3805        746        420        522         20
  234     110         21        806          0        330        464         10
  235      73         89         54          0         90        258         10
  236     170         36       5879       1769        120        186         20
  237      35         26       1192         21        120        234         20
  238     182         66       2961        686         60        182         20
  239      51        150         20        746          0        173         20
  240      86        135         18       2115         90        257         20
  241      18         22        690        281        150        232         20
  242      33         64       4213        333        300        410         20
  243      92         65        223          0         30        202         10
  244      65        100       1999       2382         60        161         20
  245     122         40        307       3485        120        198         20
  246     131         51       2121          0        120        236         10
  247     153        115       1624          0          0        184         10
  248     121         32       2146         93         30        205         20
  249      52         10         94         97        120        287         20
  250     148         47       1068       9983          0        148         20
  251      34        149       1526       3958         60        216         20
  252      48        129       2461          0          0        177         10
  253     169         35       1862        106          0        162         20
  254     179         61       3315         98        180        262         20
  255      77         42       7692       2905        360        445         20
  256      57          0       4103        156        120        247         20
  257     185         44        233        984        150        256         20
  258      18         37         47         17        120        254         20
  259     137        103       1733          0         30        170         10
  260     122        146        344        287        300        451         20
  261      95         68         42          0         30        115         10
  262     114         77         11        615         30        170         20
  263     111         67       3489        829        120        236         20
  264      11         19       5746        781        300        400         20
  265      33        137      14137          0        390        460         10
  266      16          6        552       5947        120        219         20
  267      50         85       1874          0         60        198         10
  268     138         53       6618       1944        360        451         20
  269     127         37         54         92         30        159         20
  270     150         27         93          0        150        227         10
  271      12         55       3909         68        120        256         20
  272      62         56         21          0          0        155         10
  273     110         69       7646         29        300        400         20
  274     112         47        105         93        180        265         20
  275     180         65       1322          0         90        232         10
  276     152        104        330       2683         60        227         20
  277     122         83       4009          0         60        228         10
  278      44        133        690        106        150        216         20
  279     174         93        530       5280         90        188         20
  280     117         42      12636          0        120        188         10
  281      26        126        346        593         60        190         20
  282     103         67       5652       1649          0        125         20
  283       7          4       1847        908        120        253         20
  284     125         29       4183        151        450        535         20
  285     139        107        481          0        120        230         10
  286     160        117         82        290         30        183         20
  287      68          2         26        174          0        145         20
  288      41         73        120          0         30        163         10
  289     132         27        922          0          0        140         10
  290     105        126        525          0         60        171         10
  291     120        149       3823       1756        300        392         20
  292      43         16       3023        129        120        231         20
  293      13         26        384        211        120        187         20
  294      36         87       9982         43         30        165         20
  295       1         25       3149       3212         60        173         20
  296     131        104       1308       1932         60        165         20
  297      55         47       1590       1646         30        158         20
  298     116         43       3860          0        120        198         10
  299     110        128        190       2028          0        168         20
  300      96         82       1738          0          0        137         10
  301      63        135       7890        890         60        226         20
  302      40         29        860          0        120        283         10
  303      53         57        538         68          0         75         20
  304     171         80        204        249         30        201         20
  305      98         10        165          0          0        133         10
  306     128         89       1706       1109        150        245         20
  307     131         32       5051        306          0        134         20
  308      35         63       1931          0          0        100         10
  309      56        102        780         34        420        502         20
  310     144         18        498        686        120        218         20
  311     110         49      13648          0          0        111         10
  312      15         41       2076          0        120        262         10
  313      78         87         56       1532        120        278         20
  314     123         72      10147          0        300        412         10
  315      12         16        690          0        150        288         10
  316     155        145        396          0         30        204         10
  317     116         49       3116       4606         30        172         20
  318      63         90       1747       1114        150        223         20
  319      37        100       2569          0        120        286         10
  320      95         84       3947          0        210        271         10
  321     183         61       6107          0        450        519         10
  322      67         94        266          0         30        128         10
  323      85         76       5364       1506        120        233         20
  324      99         37       1069          0          0        100         10
  325     140        104        856        542        150        230         20
  326      56         49         44          0          0         94         10
  327      86         80        437        941         90        230         20
  328      93         84       3602          0        120        227         10
  329     128         56        200       1556        150        241         20
  330      28         75        589          0        390        496         10
  331      99         74       3110       1521        120        197         20
  332     129         72       2012       1440         90        174         20
  333      45         86       3936       3369         30        202         20
  334      29        130       1851       2076         30        160         20
  335      91         65        268          0         90        204         10
  336      24         59       3281          0        120        220         10
  337     124        136        994          0         60        188         10
  338     135         29       4413       2159         30        143         20
  339      92         84       1989         56         60        146         20
  340     142        136       8188        204         60        190         20
  341     132         36         13       2630         90        182         20
  342      39         27       6210          0        120        192         10
  343      52        152       3862          0        180        245         10
  344      83         86         89          0         90        182         10
  345      42        107         23       3646         90        236         20
  346     150         79      12923          0        210        287         10
  347      29         38         22          0         90        162         10
  348      85         77       7409          0         60        220         10
  349     106         81       5184         42         60        186         20
  350      74        120       4007          0        420        502         10
  351     107         61        197          0         90        251         10
  352     168        139         35        643        120        278         20
  353     191         97       4636          0          0        204         10
  354     158         75       1639       1839         60        206         20
  355      67         87       1522        122        120        225         20
  356      48         46       3295       5889          0        146         20
  357      69         92       2542          0        120        291         10
  358      96        118        579       5307        180        297         20
  359     151         77       4561       1854         90        228         20
  360     158         30         30          0        330        494         10
  361      31        128       3008        982          0        138         20
  362      61         76       6572          0         30        164         10
  363      43        122       6257          0         30        164         10
  364      26        113        236       4829          0        128         20
  365      73        157       1944          0        180        263         10
  366      75         90       3133       1153        390        472         20
  367      10        117       1817          0          0        149         10
  368      94        118       2191          0        180        250         10
  369      62         76       9568          0        300        429         10
  370      21         41       7170          0          0        102         10
  371     140        133       2253          0         60        196         10
  372      19         13        108          0         90        247         10
  373     100         65       3415          0          0        128         10
  374      80         46       5532          0          0        136         10
  375      26        142       2365         31         30        168         20
  376       8         46       1713          0        180        266         10
  377     172         43        183          0         90        186         10
  378     155         74       1604       7172        180        274         20
  379     177        112        280        193          0        200         20
  380      86         56       7609       7391          0        132         20
  381     179         72         30         54         60        190         20
  382      65         32       1190        196          0         74         20
  383     160         78        270          0        120        188         10
  384      50         93        804       2139          0        105         20
  385     106         68       3813          0        360        514         10
  386      67         80        420          0        150        258         10
  387      88         87       9970          0        180        279         10
  388      59         64        610         25        120        289         20
  389      35        124       6109        251          0        146         20
  390      90         28        374      14626        300        434         20
  391      82         85      15000          0        120        227         10
  392      15        118       1205          0        330        404         10
  393     109         98       2338       2432        120        246         20
  394     142        102       3349          0        450        528         10
  395     101         81        196          0         60        224         10
  396       2         22       6503          0          0        136         10
  397     199         60        253       1149        180        248         20
  398      53        103        618        889          0        138         20
  399     174         66         54       2020         90        226         20
  400     157         96       1116        621         90        230         20
