400_322

CUSTOMER  VEHICLE
NUMBER	  NUMBER     CAPACITY    DispatchingCost
    400     500          40000       100

CUSTOMER
CUST NO.  XCOORD.   YCOORD.   DDEMAND   PDEMAND   READY TIME  DUE TIME   SERVICE TIME

    0      41         23          0          0          0        960          0
    1     197         58         60         56          0        214         20
    2     160        108        591       3008        180        248         20
    3     164         85        630       5376          0        171         20
    4     109        146       4850       6304         60        190         20
    5     128         56       2475          0         90        243         10
    6     111         70       5395       2706         90        173         20
    7     137         49       8190       1015          0        145         20
    8     174         99        805        140        180        246         20
    9      32          5        585          0        120        246         10
   10      52        152       1744          0        120        206         10
   11     192         62       1622        257          0        205         20
   12      40         67       9378          0          0         95         10
   13     168         49       2348      12652         90        168         20
   14     127         37         54         92         30        159         20
   15      29         38       2338        449          0        138         20
   16     163        111       2219       7051        210        277         20
   17     134        130      15000          0         90        191         10
   18      91         55         90        839          0        158         20
   19      60         37         58      14448          0         65         20
   20     131        104       1308       1932         60        165         20
   21     167        103      14692        308        150        214         20
   22      55        116      10997        108         30        131         20
   23      34        122        556          0          0        129         10
   24     151         92        543       7575          0        168         20
   25      51        150       1346       4497         90        249         20
   26     142         91        108       4191        120        287         20
   27     141        103         49       1836          0        171         20
   28     192         92        889       1774         90        205         20
   29      39        156         94         70        330        447         20
   30     134         73        233        192          0        162         20
   31      93         68       2354         34         60        217         20
   32     113        121       2180       2542         30        172         20
   33     148         94       7866          0        450        539         10
   34     108        137        258          0         60        225         10
   35     118         94        325       1706         60        162         20
   36      77         44       4410          0          0        128         10
   37      73         89         54          0         90        258         10
   38      31        101       1764         43        390        459         20
   39      65         74       2221        200        180        272         20
   40     198         86       2360       2542         30        214         20
   41      43         16       3023        129        120        231         20
   42      97         36       9156       2225          0        165         20
   43      35        150        232          0         90        206         10
   44     180         58       3535         63          0        196         20
   45     163        140       3726          0        120        251         10
   46      38         32        545        109          0        165         20
   47     167         57       1475          0         60        181         10
   48      11         48       9418        749          0        125         20
   49     162        104        601       1506        120        279         20
   50      25         47      14315          0          0        133         10
   51      29        101       2168         29         30        159         20
   52     158         74        345       1149        150        275         20
   53     112         74        350          0         60        182         10
   54     123         72      10147          0        300        412         10
   55      96         36        517       1205         90        264         20
   56      57          0       4103        156        120        247         20
   57     107         63       3716       4355         30        185         20
   58     162         96       1169       6106        210        278         20
   59       6         49        350       2338          0         84         20
   60     198         85       1522        586        120        259         20
   61     117         56       8002        836        330        431         20
   62     179         67         70       3422        180        263         20
   63     158         24       5374          0          0        166         10
   64      81         56        315          0        120        199         10
   65     147         39       2024       2295         90        195         20
   66     100         53        137       1460          0        110         20
   67      20        119       9298          0        120        206         10
   68     158        128       2022          0        210        278         10
   69      31          4       2093          0        120        275         10
   70     132         93       2419          0         90        231         10
   71      65        148       4849          0        300        405         10
   72      93         84       3602          0        120        227         10
   73     131         44       2513        428        150        226         20
   74      86         67       6081          0        420        528         10
   75      11         34        715       1709          0        163         20
   76      62         76       3624        766        150        236         20
   77       5         36       1095          0          0        143         10
   78      28         45       7004          0         30        130         10
   79     123         59       1081          0        390        528         10
   80      18         29       2139        442        120        258         20
   81      81         18      11287       2416        120        228         20
   82      55         11        984          0        360        470         10
   83     103         95         75      10994         90        222         20
   84      66        150        152       3714        450        521         20
   85     115         61        170          0         60        190         10
   86     118         45       1597        289         30        129         20
   87      65         57         72       2160        120        253         20
   88      27        127       6599          0        300        414         10
   89      90         29        600          0        120        192         10
   90      86        140        100       4343          0        176         20
   91     153         27       4494       1051          0        153         20
   92     136         72       5681        483        360        525         20
   93      76         94         44       1776         60        198         20
   94      19         13       1044          0          0         64         10
   95      53         17         58          0        120        222         10
   96     108         18        373       1719          0        141         20
   97     130         59        339       1307        180        294         20
   98      48         47       2496       5873        210        279         20
   99      58         79       2086       1894        360        458         20
  100     170        139       2300          0        180        263         10
  101      34        149       2036          0         60        235         10
  102      35        124       2695          0        120        189         10
  103      57         29       9626          0        120        190         10
  104      19         52       1360          0          0        166         10
  105     145        124       2437          0        150        252         10
  106      48         46       1206          0        330        504         10
  107     102         47         56          0         60        229         10
  108      85        128       6740       2399        120        299         20
  109     148         32        768       1958        150        278         20
  110       8         11       1860        996         60        162         20
  111     115        114       1889          0        120        206         10
  112     158         71       3592        231          0        160         20
  113     149        136       1418       5946        120        280         20
  114      60        134         15          0        120        190         10
  115      96         79       3055          0         30        208         10
  116     182         66      10279          0        150        225         10
  117     110         21        806          0        330        464         10
  118      65         88        745        299        150        232         20
  119      53        103        618        889          0        138         20
  120      48        129       2461          0          0        177         10
  121      74        119        540          0        150        227         10
  122      38        113       2703         77          0        154         20
  123      74        121        458          0         60        167         10
  124     121         71       4982          0        360        530         10
  125      85         77       7409          0         60        220         10
  126     171         74       1026       6737        180        290         20
  127      35         26         19          0        120        224         10
  128      15          3        841       1915         30        187         20
  129     109         29        608       3418        120        223         20
  130      78          6       2902       1882        120        196         20
  131      88         67         86          0          0         98         10
  132      26        126       1513          0        360        522         10
  133     153        115       1744         97        120        275         20
  134     142        124       3269          0        120        281         10
  135     150         20        176        388         90        174         20
  136      85         71        338          0          0        149         10
  137      10        117       1817          0          0        149         10
  138     120        129        108          0        150        252         10
  139      78         32       7967       2036          0         81         20
  140     108         42      11329          0          0        109         10
  141      56        103        362         37          0        132         20
  142      19        124       6407        627        120        283         20
  143      53         61       7335        178          0         76         20
  144      56         19       4992       2542          0        140         20
  145     125        103        101       1261         90        233         20
  146      62        135       1240       2938         90        228         20
  147      69         21       2988         37        120        196         20
  148      97         46       1528        525          0         99         20
  149     137         70        260       5735          0        151         20
  150      73         65       1739       4416        120        231         20
  151     110        135       7052       7572        300        400         20
  152     126        111       1629       9241        150        251         20
  153      14         39       9754          0        330        465         10
  154     153         52        615          0         90        231         10
  155      44         86         37          0          0         99         10
  156      74         85       1824       1068        360        443         20
  157      27         24       3402       1828          0        136         20
  158     114         27      13557       1443          0        122         20
  159       3         94       8935         24         30        143         20
  160      57         94       5245        902         30        136         20
  161      47        129        150       1117         60        151         20
  162      39         33        673        169        420        497         20
  163     107         61       2635          0          0        169         10
  164      73         92      15000          0        300        413         10
  165     104         81       4870        938         90        260         20
  166     188         66         84          0         30        196         10
  167     144         34       3247       1430          0        135         20
  168      47         96        920          0        210        283         10
  169      81         81       6248       2011          0        134         20
  170      68         96         65          0        150        242         10
  171      22        129       4578          0        210        292         10
  172     181         76        134        217        120        247         20
  173      30         42       1110          0        120        220         10
  174      45        116        336       7032         90        264         20
  175     150         53         54          0         90        230         10
  176     140        128         30         17         30        195         20
  177      36         20        110        718          0        176         20
  178       9         49       1501          0        150        257         10
  179     102         27       6474       2134          0         95         20
  180      31         76       1982          0          0        164         10
  181     152        110       6086         34        180        248         20
  182      55         65        330       1770        120        285         20
  183     194         60      12139          0         60        228         10
  184      74         95       5497       2199          0        125         20
  185     107        138        758       4478        120        286         20
  186      82         56       2214          0          0         86         10
  187      17        119      13931       1069         90        263         20
  188      95        146       1549          0         90        195         10
  189      77          6       2198          0          0        100         10
  190      31        128       3008        982          0        138         20
  191     176        111       1654          0         90        220         10
  192     154        131      10211       4789        180        289         20
  193      31         40      14657        343        330        433         20
  194      27         46       1424          0          0         86         10
  195     102         78       8295          0        120        222         10
  196     149         34       1568       3152         90        254         20
  197     121         49       3096        618        150        220         20
  198       1         19       7206          0        420        524         10
  199     120         97         25          0         60        171         10
  200      24        148         40       1123        180        277         20
  201     108         35         26          0        120        288         10
  202     119         55        124       5274          0        136         20
  203      84         75         36       4537        360        525         20
  204     106         82       1920       3037          0        161         20
  205      69         92        351        290        390        492         20
  206       3         90       6679       2977          0        141         20
  207     195         99       3484       2738        120        232         20
  208      35          8       1992       2702        120        286         20
  209     146         92         82         74        180        250         20
  210     152         87       2636          0         60        186         10
  211     108        105       5644          0         60        163         10
  212      66        136       1576        686         60        191         20
  213     167         35      11558       3442        150        218         20
  214      44        101       1242          0         30        183         10
  215     135        121        169          0         30        182         10
  216     167         94         86          0        120        186         10
  217      37         72       6072       2024        150        287         20
  218      33         70         85          0          0        121         10
  219      46        116        290          0        180        280         10
  220      48         83       2181       2064        120        233         20
  221      97         86        559          0         30        147         10
  222      35         23        852        784        120        222         20
  223      73        157       1944          0        180        263         10
  224     144         54       1416       1838          0        147         20
  225      97         37        103       2795         30        196         20
  226     123         54      12556          0        150        238         10
  227     160         74       8312          0         60        171         10
  228     155         24       1664       1500         30        201         20
  229     125        102        145          0         60        221         10
  230      96         82       1738          0          0        137         10
  231     119         11       2041          0          0        132         10
  232      57         37       1885      13115          0        114         20
  233      14          4         53       4356        120        222         20
  234      21         41       7170          0          0        102         10
  235     138         56       1926          0        180        273         10
  236     110         98         56       7374         90        178         20
  237      60         49       5316          0          0         81         10
  238     173         95       4225       6623         90        201         20
  239      16         10      11938        630        120        207         20
  240     177         48        264          0        120        283         10
  241     104         70        279       2024        120        183         20
  242     113         37         38       1293          0        132         20
  243      66        109       1110          0        180        246         10
  244      87         73       2733         25        120        285         20
  245     169        147         10          0         60        217         10
  246      66         63        418          0        150        221         10
  247      45         61       1970        147        120        198         20
  248      39         48       1791       1043          0        125         20
  249     121        142       1553          0        120        205         10
  250     143         87       1059          0        120        296         10
  251      63        150       1004       1465        120        232         20
  252     112         75         24       2024          0        129         20
  253     130        148       1951          0        330        432         10
  254      95         66        265          0          0        149         10
  255     139         70       9240       2162         30        201         20
  256      99         74       3110       1521        120        197         20
  257      46         52       4362        227          0         80         20
  258     135        130       4812          0        120        230         10
  259       7        114         82       2419         60        193         20
  260      60         64       1366       6937        120        254         20
  261      32        112       4944          0        360        513         10
  262     132         62       4261          0          0        136         10
  263     110        128        480          0         30        173         10
  264       4         16       2745      12255        150        230         20
  265      83        141        744          0        150        228         10
  266      70        126        143          0         60        170         10
  267      25        155       4785          0        390        528         10
  268      46        125       1175      13825          0        153         20
  269      49         47        679          0        120        189         10
  270     162        117       2284          0         60        219         10
  271      26          9         90        686        120        243         20
  272     163         29       4002          0        150        229         10
  273      16        122       1708          0         30        145         10
  274      86         76        670          0          0        120         10
  275     106         84       3643          0        150        289         10
  276      24         59       4918          0        390        502         10
  277      88         61        363          0        330        474         10
  278     148         33       4248          0        450        511         10
  279     134        122       1104          0        150        279         10
  280     163        118       2063       4998         60        186         20
  281     121         66       2147          0          0        167         10
  282     103         55         62          0          0        142         10
  283      21         12        104          0          0        146         10
  284      70        119       1500          0          0        165         10
  285     118         67        576          0         60        167         10
  286      73        113        524       3301        180        286         20
  287     157         59        447          0          0        170         10
  288     161         95       5649          0         90        199         10
  289     161         87       1361          0          0        184         10
  290     117        100       1616       5146        150        285         20
  291      54        130         76       1859         60        165         20
  292      99         64       1879          0         90        176         10
  293     129         75        220          0        330        427         10
  294      76         16       1247          0        120        222         10
  295      47        133       4963          0         60        232         10
  296      60        118       7904       5162         60        141         20
  297      91         12       2290          0          0        134         10
  298      86         52       1157          0         90        251         10
  299     150         70       3899        511        300        469         20
  300      47        141        257          0        300        408         10
  301     119         45         22          0          0        141         10
  302      68         73         36          0        150        251         10
  303     100        116       1072          0          0        158         10
  304      75        130        263          0         60        165         10
  305     139        104       1682          0        300        407         10
  306     101         20        428       1271        120        184         20
  307     100        101      10151       2654         60        201         20
  308     168        140        643          0        360        454         10
  309       7         32         33       3879        120        195         20
  310      82          9      11160        222          0        127         20
  311     131         18      11000        112        120        193         20
  312     197         70         83          0         60        208         10
  313     126         72       2306       4765         90        190         20
  314     151         82       1594        107         30        185         20
  315      91         84       3872          0         60        158         10
  316      48        151       1789         40        330        460         20
  317     116         85        152          0         60        141         10
  318      88        127       1988        553         60        149         20
  319       5         14       4792          0         30        102         10
  320     131         51       2121          0        120        236         10
  321     185         73       1929       2138         60        194         20
  322     137         30        589         90          0        140         20
  323      81         75       2086          0         60        174         10
  324      99         56       4284          0         60        165         10
  325     148         47       1068       9983          0        148         20
  326      73         96       1678       2545        180        255         20
  327     120         62      15000          0          0        143         10
  328     200         68       2480          0        120        293         10
  329      59         85        631       4636        360        488         20
  330      59         14       2558         67        120        248         20
  331     166         88       5588          0         30        195         10
  332      44         51        349          0          0         72         10
  333      29        108        306       1816        180        277         20
  334     114         80        646          0        150        224         10
  335       2         17       1772          0         30        156         10
  336      30         43       2209          0        120        293         10
  337      26         76        108       9297        300        404         20
  338     176         70        576          0        360        443         10
  339      52        130      15000          0         60        222         10
  340      22         44       4416          0        360        458         10
  341      86         86         86          0        180        250         10
  342     132         69         13        433         90        230         20
  343     185         44        233        984        150        256         20
  344      48          5       1638       4183        450        526         20
  345     102        120       3112          0        210        291         10
  346     120        149       3823       1756        300        392         20
  347     169         35       1862        106          0        162         20
  348      82          8        280          0          0        133         10
  349     122        109         11          0         30        166         10
  350      41         23          0          0          0        960          0
  351      97        112       2654       1890        120        225         20
  352     142        136       8188        204         60        190         20
  353      12         45       2192          0         60        133         10
  354     176         59        200       2283        150        254         20
  355     160         77         26       3784          0        164         20
  356       2         22       6503          0          0        136         10
  357      95         84       3079          0         90        213         10
  358      95         91       1841       1378          0        166         20
  359      56         10        115       1992          0        135         20
  360      34         79       2759          0         90        263         10
  361      59        106       8684          0         60        231         10
  362       9         44        287          0        390        467         10
  363      75         34        661          0          0         72         10
  364     128        111       2939          0          0        162         10
  365     169        146       7197          0        360        435         10
  366     172         77        358          0         60        193         10
  367     122         83       4009          0         60        228         10
  368     125         79       1293       1492        300        410         20
  369     105         41       2559          0        120        277         10
  370      94         69       1537       6086         30        107         20
  371     101         97         17         91          0        133         20
  372     193         92       2155       4270          0        207         20
  373     192         88         85          0        180        287         10
  374     154        105       2750         12        180        285         20
  375     120         78       4018       3401        330        482         20
  376     195         84         17          0          0        215         10
  377      79        119        274          0        210        284         10
  378      74         20       5221       6408        120        229         20
  379      81        134       1348         82         60        155         20
  380      93         65        975          0        120        188         10
  381      81          8       1000        363        300        394         20
  382     102         87       2047        179        120        259         20
  383     146         56       1613          0         60        174         10
  384     142         59        291          0         30        172         10
  385     111         87         10       1976        180        263         20
  386     171         66       1122       7730         30        191         20
  387     130         44        237          0        120        229         10
  388     110        134         18          0        120        254         10
  389     175        124       9326          0          0        214         10
  390      38         68      15000          0        120        255         10
  391      39        107        542       9983          0        161         20
  392     168         96         60        818          0        194         20
  393      67         87       1522        122        120        225         20
  394      12         55       1489          0        330        424         10
  395     161        117        282          0        120        219         10
  396      34         33         57          0         30        165         10
  397      58         88       1900          0        150        271         10
  398      65         79         29       9866        330        493         20
  399      83         99        222          0         30        190         10
  400     146        112       3512          0         90        178         10
