400_326

CUSTOMER  VEHICLE
NUMBER	  NUMBER     CAPACITY    DispatchingCost
    400     500          40000       100

CUSTOMER
CUST NO.  XCOORD.   YCOORD.   DDEMAND   PDEMAND   READY TIME  DUE TIME   SERVICE TIME

    0      41         23          0          0          0        960          0
    1      20         21        920       1159        120        285         20
    2      93        152        603      14397         90        182         20
    3     121        147       6372       1923        150        256         20
    4     136         72       1950         36        120        293         20
    5      47        129       1464         56         30        161         20
    6     152        110       1356          0         90        230         10
    7      65         74       2221        200        180        272         20
    8      76         31        364          0        330        409         10
    9     120         85        853       2631          0        163         20
   10      42         62         51        253         30         98         20
   11      85         45        667          0        120        203         10
   12     110        134         18          0        120        254         10
   13      32        112       1555       1924        120        220         20
   14     121         91        476          0        150        263         10
   15     138         56       1926          0        180        273         10
   16      34        136       6807        100          0        156         20
   17      39        107        542       9983          0        161         20
   18      25         52       2409          0        120        276         10
   19      36         87       9982         43         30        165         20
   20      76         78       7643          0         90        229         10
   21      56        114        587       1940          0        136         20
   22      70         72       2975          0        120        253         10
   23      99         56       8544          0          0        109         10
   24     144         54       5306          0          0        146         10
   25      80         93       2005         32        120        197         20
   26     139         33      12751          0        330        491         10
   27     117         56       8002        836        330        431         20
   28     151        120       5130        484          0        198         20
   29      86         80        437        941         90        230         20
   30     137        103       1733          0         30        170         10
   31      63         90       2683          0        180        251         10
   32      69         90       1998          0         30        196         10
   33      96        118        111          0         30        172         10
   34      12         45       2192          0         60        133         10
   35     122         30       1750         48        120        247         20
   36      83         25       2025         40          0        157         20
   37     176         77         39          0         60        200         10
   38      34        137       5813         74        300        434         20
   39     134        122       1104          0        150        279         10
   40      28        101        540       1706         90        248         20
   41      64        132        137          0         60        224         10
   42      90         87       2773       3791        390        530         20
   43      34        106        384        417          0        148         20
   44      23        118        170          0          0        141         10
   45      14        122        684          0        330        435         10
   46     119         98         19          0        120        243         10
   47      49         43       6547          0          0         81         10
   48      35         23        852        784        120        222         20
   49      11         19       5746        781        300        400         20
   50     101        111       4531       2816        120        277         20
   51      84         75         36       4537        360        525         20
   52     186         73       2487        847         90        194         20
   53     109         94        292          0         30        172         10
   54      81          6       4267          0        150        255         10
   55     124         96        178       1901          0        175         20
   56      36        153        203        144        390        475         20
   57      28        139         28          0         60        168         10
   58     163         99        102          0        120        257         10
   59      87         93         77          0        120        281         10
   60      27        127       6599          0        300        414         10
   61      81         66       5003       7500        120        230         20
   62     154         39       1879          0        300        404         10
   63     150         79      12923          0        210        287         10
   64     164        107         48          0        180        280         10
   65      61         49       1523          0        150        242         10
   66      79         16        706       6211        360        441         20
   67       3         94       8935         24         30        143         20
   68      57        153       7500        437        120        231         20
   69      87          8        237          0          0         92         10
   70     167         94         86          0        120        186         10
   71     138         37      14957         43        120        277         20
   72     111         25       1110          0        120        236         10
   73      60         37       1380          0        120        233         10
   74      99         74       3110       1521        120        197         20
   75     102         27       6474       2134          0         95         20
   76      85        128       6740       2399        120        299         20
   77      30         54       1177        525        120        290         20
   78     198         85       1522        586        120        259         20
   79      90         29        600          0        120        192         10
   80     111         41        503         55        150        291         20
   81      99         37        108       1210        120        283         20
   82     122        128       3545       1686        300        399         20
   83      23         35       3072       5533         30        151         20
   84       7        117        610        100         60        189         20
   85      86         86        422       2620          0        133         20
   86     196         74       3743          0        210        292         10
   87     132         69         13        433         90        230         20
   88       7         97       4446       3145         90        255         20
   89      36        106        805       1798        120        231         20
   90      58         86       1700         43        120        201         20
   91      30         73       1538      13462        300        427         20
   92     185         56        943       2538        300        477         20
   93     148         32        768       1958        150        278         20
   94     188         95        130        385          0        214         20
   95      22        129       1601       1207        120        250         20
   96      55        116       3785          0        150        257         10
   97     104         70        513       4698         60        165         20
   98      55         67       2489          0        150        227         10
   99      42        107         23       3646         90        236         20
  100     152        146       3114       1844        120        205         20
  101     102        120       1840          0         90        252         10
  102      40         29        860          0        120        283         10
  103       6         26        103        338         30        167         20
  104     105        152         77       1742        180        292         20
  105      80         46         21          0        120        224         10
  106     106        143       1942          0         60        181         10
  107      74         85       1824       1068        360        443         20
  108      64         67       1506        393          0        131         20
  109      96         81       6831          0        120        198         10
  110      57        145         64          0         60        221         10
  111     133        100       2576          0        390        459         10
  112      44        133        690        106        150        216         20
  113     128         97        756       7047        330        403         20
  114     116         43       3860          0        120        198         10
  115     160        118         65       1669         60        227         20
  116      53        120        132        741         60        159         20
  117      22         44       4416          0        360        458         10
  118     167        147        140         87         60        233         20
  119     172        108        183          0         30        202         10
  120     142         31       1380          0         60        168         10
  121      26        121       3377          0          0        143         10
  122      96         68       2354          0          0        127         10
  123      51        101       1613       3528        150        226         20
  124     125        103        998       2362        150        279         20
  125     139         18         43       2453        120        190         20
  126      73         83         28          0          0        139         10
  127      36         72       2498        527        300        437         20
  128      69         24        108        117          0        144         20
  129      59         85        345        668         30        108         20
  130     122         40        307       3485        120        198         20
  131     198         79       3403          0         60        222         10
  132      79        131       2905       4886        120        217         20
  133     189         85       1869       1825          0        199         20
  134      61         30         40          0        120        292         10
  135     101         85        431       3769        420        521         20
  136      10        116         86       1521         60        226         20
  137      56        103        362         37          0        132         20
  138      11         33       2028          0        120        246         10
  139      66        150        152       3714        450        521         20
  140     163         22        272        788        120        243         20
  141     180         58        107          0         90        264         10
  142      89         79        987         92         60        167         20
  143     155         74       1604       7172        180        274         20
  144     100        116       1072          0          0        158         10
  145      82         90       2138       7578         30        154         20
  146      65         12        287          0          0         72         10
  147      63         52        656          0        150        284         10
  148     148         94       7866          0        450        539         10
  149      53         65         70          0         60        199         10
  150     119         45       1008        697          0        129         20
  151     160         77       1715          0          0        183         10
  152      67         94        266          0         30        128         10
  153     132         93       5072          0         90        212         10
  154      98         53       1297          0          0        172         10
  155     123         34        106         87          0        132         20
  156      35        124       2695          0        120        189         10
  157     170        139       2300          0        180        263         10
  158      83        141        744          0        150        228         10
  159     130         90       3094          0          0        154         10
  160     161         35       5904          0        150        244         10
  161      92        120       2713          0        150        226         10
  162      17         36        524          0          0        104         10
  163     100         84        150          0        180        254         10
  164     164         73       5735          0         60        200         10
  165      30         45        198          0        120        233         10
  166     114         80       1772       2472         60        224         20
  167     174        119       1642          0        120        243         10
  168     106        103         56        943         90        166         20
  169     117        146        498          0        180        249         10
  170      30        155       1745       2364        120        269         20
  171     173         87       5332          0        300        410         10
  172     144         18       1092      13908         60        147         20
  173      58         88        422       1246        150        294         20
  174     108         35         26          0        120        288         10
  175      20        145        101          0          0        177         10
  176      72          3       5874       5907        120        259         20
  177      58          2        324          0         30        200         10
  178      73         96       1678       2545        180        255         20
  179     108        151      15000          0        300        395         10
  180      51          1       1834       3239         30        141         20
  181      29         38       2338        449          0        138         20
  182     193         91       2004          0          0        211         10
  183      99         54       2078          0          0        135         10
  184      25        114        338         84         60        226         20
  185      66         63        418          0        150        221         10
  186      90         47      14522          0          0        106         10
  187      35        109       2089          0        120        225         10
  188      32         74        960       1273        120        220         20
  189      93         50        710      14290          0         98         20
  190       8         11       6388          0        120        201         10
  191     158        142         94          0         90        201         10
  192     115         96      11435          0          0        160         10
  193     142        131       1723        563        330        459         20
  194       7        114         82       2419         60        193         20
  195      91         35       4009         41          0        172         20
  196     150        140         35          0        120        296         10
  197      98         69       1568          0        120        256         10
  198      51        150       1346       4497         90        249         20
  199      62         76       3624        766        150        236         20
  200      88         41       2209          0        120        216         10
  201     185         98       3330       1980         60        203         20
  202      51        134         14          0        120        275         10
  203      55        102       1082          0         30        173         10
  204      63         62        200          0        300        405         10
  205       5         20       7372       2237         90        255         20
  206     113         48       5758          0          0        122         10
  207      17         49       1940         15        120        213         20
  208      85         75        110          0          0        115         10
  209     127         93       3480        233        180        254         20
  210     105         68      10387        223        120        288         20
  211      64         54       8731          0        300        438         10
  212     130         59       1572        688        120        212         20
  213      47        141        257          0        300        408         10
  214      52         61       1464       1944          0        101         20
  215     146        112         64          0        120        294         10
  216      23        110        406          0        300        412         10
  217      82         85      15000          0        120        227         10
  218      60         10       1505          0          0        177         10
  219     113         38         34          0        390        525         10
  220     119        140       1919       4387        360        499         20
  221      90         16       8545       2763        330        491         20
  222      22         92       6293          0          0        113         10
  223     146         33        127          0         60        232         10
  224      65         86         98          0        150        229         10
  225     167         47       2384          0         60        205         10
  226      38        113        470       2221         60        207         20
  227     145        134        181          0        300        401         10
  228     177         48         15          0          0        183         10
  229      98        122       2566          0        120        290         10
  230      47        133       4963          0         60        232         10
  231      50         85       1874          0         60        198         10
  232      71         81       9982         59         60        128         20
  233      85        135        480       1379         90        228         20
  234     151         22       3910          0          0        168         10
  235      26        126        346        593         60        190         20
  236     112         47       4377          0        120        200         10
  237     174         99       2160        447          0        203         20
  238     111        131         82       1349        150        234         20
  239     179        114       2024        197         60        211         20
  240      88        103         82        326         60        134         20
  241     123         59       1081          0        390        528         10
  242     102         93       2636       9336        180        295         20
  243      46         46        105          0        150        275         10
  244      86         67       6081          0        420        528         10
  245       9         44        287          0        390        467         10
  246      40         67       1644          0        450        523         10
  247      65        100       1999       2382         60        161         20
  248      81         23      15000          0        330        401         10
  249     192         88       4583       1308        120        231         20
  250     110         69       1453        121         60        230         20
  251      42         73        305          0        120        233         10
  252      85         76       5364       1506        120        233         20
  253      65         57       1104          0          0         75         10
  254     160        127        157          0        300        440         10
  255      82         74        556          0         90        164         10
  256      13         12       2221       2094          0         93         20
  257      67         80        420          0        150        258         10
  258     126        132       1472        222         60        196         20
  259      94        118       2191          0        180        250         10
  260     170         36       5879       1769        120        186         20
  261     179         48         45      11000         90        189         20
  262      23        100         30         36          0        126         20
  263      82         12       2968          0          0        175         10
  264     166         28       2289       1712        180        263         20
  265     102         67       1641         27         60        152         20
  266      91         72        129          0         90        230         10
  267      52        130      15000          0         60        222         10
  268     137         38       5135          0        210        280         10
  269      15         10        239          0         30        168         10
  270      35         26       1192         21        120        234         20
  271      44         78       1824        841        120        244         20
  272      27         46        210         59        120        204         20
  273      69         21       2988         37        120        196         20
  274      76          4       4633       8065          0         76         20
  275     158         24       8394        614        120        284         20
  276     174         67       3596          0         30        195         10
  277      13         38         27       1613         30         98         20
  278     140        128       1927       1818         90        188         20
  279     130         44         30          0         60        234         10
  280      96         86       4827          9        120        256         20
  281      65         32        147         49        120        201         20
  282     114         27      13557       1443          0        122         20
  283     119         33       1577       2214        120        277         20
  284      52          0         76          0          0         73         10
  285       8         46        910        960          0         93         20
  286      70         46       3340          0        300        461         10
  287      85         77       7409          0         60        220         10
  288     110         98        255          0         30        131         10
  289      34         68        320          0        120        232         10
  290     109         75       5146          0         60        170         10
  291      96        112        291          0         60        234         10
  292      31         40       1222          0          0        143         10
  293     186         72       2562          0        450        526         10
  294      54        117         53       5147        120        235         20
  295     170        140       1895       5680        150        222         20
  296     103         96        112       9040        150        289         20
  297      47         96       5906          0         90        190         10
  298     110         49         60       2379         90        245         20
  299      13         26      14853        147        360        463         20
  300     127         52        301          0         30        156         10
  301     143        102       8871       6129        120        259         20
  302     142        124        720         23        120        254         20
  303     135         51         64       4551          0        135         20
  304      80         48        156          0          0        141         10
  305     137         37       2291          0          0        132         10
  306      64         44        384       2694         30        124         20
  307      45         54       1677          0        120        294         10
  308      91         84       3872          0         60        158         10
  309     106         68       1741       8171        150        275         20
  310      17        119        170       2379        150        279         20
  311     113         71       2990          0        180        265         10
  312     111         70       2613       8002        120        181         20
  313     110        135       7052       7572        300        400         20
  314      34         63       2827          0        300        400         10
  315      69          1        665       4247          0        134         20
  316      88         63       5628          0        300        404         10
  317      34        149       1526       3958         60        216         20
  318      79        122       2645          0         60        220         10
  319     129         24       1772       9984        300        461         20
  320     167         35         91        384          0        172         20
  321     117         63       4027       1999        120        279         20
  322      47        137         33          0        120        298         10
  323      29         81       1158          0         30        160         10
  324     146        141         94       2659         60        199         20
  325      19         90        912          0        180        252         10
  326     143         87       1059          0        120        296         10
  327      79          7       2256          0        120        196         10
  328      55         11        984          0        360        470         10
  329      18         11       4858       2220        300        412         20
  330      71        100       5973          0         30        121         10
  331      96         79       1186       1959         60        167         20
  332      40         86       2078       5659        120        295         20
  333      60        122       4717          0          0        139         10
  334     141        142       8313          0          0        206         10
  335      82          7        160       5421        360        526         20
  336      16         81       2208          0         30        190         10
  337     108         38       1775          0         30        193         10
  338     163        118       1518        345        150        220         20
  339      41         74        113         41         30         99         20
  340     145         38         40          0         30        156         10
  341      32         43        822       2524        120        255         20
  342     178        117       2568          0          0        209         10
  343     174         93        530       5280         90        188         20
  344      83         64        104         25        120        287         20
  345      59         14       2558         67        120        248         20
  346     143         31        112          0        300        434         10
  347      86         56       7609       7391          0        132         20
  348      41         23          0          0          0        960          0
  349       7        116         82       2516        150        227         20
  350     114         56       8362          0         30        201         10
  351      67         61        352          0        120        289         10
  352      97         84        101          0        120        278         10
  353      44         86         37          0          0         99         10
  354      59        106       8684          0         60        231         10
  355     120        103      13520        261        120        229         20
  356     193         92       2155       4270          0        207         20
  357      66        109       1110          0        180        246         10
  358     176         70        576          0        360        443         10
  359      84         78       2544          0         60        190         10
  360     115         64         92          0        150        252         10
  361     137         49       5760          0        450        529         10
  362     179         72       1473        197         90        224         20
  363     104         91       5658          0         90        225         10
  364     181         42       4565       2636          0        180         20
  365      62        154       5309          0        180        273         10
  366     110        119       4225          0        180        249         10
  367     132         62        422          0        120        291         10
  368      61          1        456        424        120        278         20
  369     120         62        394        119          0        147         20
  370      72         99         83       1750        120        274         20
  371      36         79         86        212        450        517         20
  372      40        149       1451       3623          0        182         20
  373     109         51       1301        299        300        459         20
  374      25         47        260          0        120        197         10
  375     125         79       1293       1492        300        410         20
  376     141        103         49       1836          0        171         20
  377     131         83        315       1751         90        220         20
  378     106         59       4453          0         90        161         10
  379     113         64        311          0        150        291         10
  380      30         42      11298          0        150        212         10
  381      77         44       4410          0          0        128         10
  382      93         84       3602          0        120        227         10
  383      46         18        392          0          0        105         10
  384      88        127       1988        553         60        149         20
  385     131        104         65          0         30        166         10
  386     148         43       1176          0        330        408         10
  387     100         67      12718          0          0        141         10
  388     168         75       7179       1173         90        236         20
  389      74         63       2340       8107        120        225         20
  390      67         87       3590          0         90        258         10
  391     185         44        233        984        150        256         20
  392     198         67       1886          0         30        195         10
  393     108         42       1538       3504        120        271         20
  394      29        108        466         91         30        135         20
  395     164         60       2060       2199        150        230         20
  396     135        136        303          0          0        197         10
  397      39        156         94         70        330        447         20
  398      57         45        202        137        120        186         20
  399     119         94        388       2215         60        200         20
  400     177         74       2400      11095        120        187         20
