400_349

CUSTOMER  VEHICLE
NUMBER	  NUMBER     CAPACITY    DispatchingCost
    400     500          40000       100

CUSTOMER
CUST NO.  XCOORD.   YCOORD.   DDEMAND   PDEMAND   READY TIME  DUE TIME   SERVICE TIME

    0      41         23          0          0          0        960          0
    1     130        122       4586       1802        360        521         20
    2     113         64       5953          0          0        142         10
    3     123         63       1669       1523         30        186         20
    4     102         75       3753          0         30        136         10
    5      51         80         62          0        150        227         10
    6     152        104        330       2683         60        227         20
    7     113         38         34          0        390        525         10
    8     111         54         13        436          0        168         20
    9      31          4       4408         12        330        490         20
   10      46         18       1403          0          0        159         10
   11     151         49        118       1291        180        247         20
   12      48         83       1995      13005          0         99         20
   13      62         45       1457       1225        300        410         20
   14      17         89       1415          0         60        191         10
   15      36        143       1200          0         60        213         10
   16     186         89       2076          0        120        260         10
   17     155         27        325          0         60        164         10
   18      77        120       1854       2136          0        144         20
   19     182         66       2961        686         60        182         20
   20     148         30       1881       2382         90        218         20
   21      25        114       1651          0        150        221         10
   22      39        139        147         13          0        163         20
   23      80         70       2014          0        120        276         10
   24      78          7       1618          0         30        115         10
   25     154         27       2820          0         30        145         10
   26     183         89        248          0          0        193         10
   27     180         95         29          0        300        423         10
   28     167         35      11558       3442        150        218         20
   29      76          4       4633       8065          0         76         20
   30     114         49       2303          0        150        228         10
   31      73        157       1944          0        180        263         10
   32       7        116        147       1749        120        281         20
   33      80          5         70          0        150        276         10
   34     106        125        110          0        150        229         10
   35      86         52       1157          0         90        251         10
   36     160        131         29          0        180        290         10
   37      53         17         58          0        120        222         10
   38     148         94       7866          0        450        539         10
   39      84         56        147       1751          0        135         20
   40     176         52       2360          0        300        472         10
   41     191         97       4636          0          0        204         10
   42      91         55       6953          0          0        131         10
   43      15         42       5014       1889        330        436         20
   44      17         36        277          0         30        157         10
   45     106        103         56        943         90        166         20
   46      16        118       3419        191        120        232         20
   47     146        129        181       1118         30        189         20
   48      98         69       1568          0        120        256         10
   49     198         67         52          0          0        199         10
   50     176        111       6331          0        150        293         10
   51     111         85       2903          0        120        279         10
   52      30         38       1519        107         90        253         20
   53     101         55       4728          0        420        528         10
   54      62        151         60          0        180        264         10
   55     160        136       1923          0        360        466         10
   56     179         61       1605       5657         90        180         20
   57      91         72        129          0         90        230         10
   58       7         33       2495        190          0         98         20
   59     104         81       4870        938         90        260         20
   60     158         33       1537          0         90        160         10
   61     142        126        968         17         30        179         20
   62      16         62         77       8312        120        241         20
   63      86        102        531      14469        180        288         20
   64     163        140       3726          0        120        251         10
   65     127        133        733          0          0        181         10
   66      88         41       1275          0        120        221         10
   67     100         73         28          0         60        138         10
   68      57         94        752          0         90        164         10
   69      18         22       2684          0          0        102         10
   70     108        137        258          0         60        225         10
   71     132         27        922          0          0        140         10
   72     111         65       1020       1968         90        265         20
   73     170        140       1895       5680        150        222         20
   74      35         49         56        259        300        410         20
   75     138        146       1104          0         60        195         10
   76      82         85       2110          0         90        197         10
   77     126         72       2306       4765         90        190         20
   78      16         35       5990          0          0        168         10
   79      40        155        117          0          0        176         10
   80     183         79       2944         36        120        287         20
   81      42         23       4798          0         30        113         10
   82      70        126        143          0         60        170         10
   83     172         77      11057       1016        300        402         20
   84     195         99        192          0         60        213         10
   85      69         51       7005       1959        120        239         20
   86      48        154         21        455         90        217         20
   87     174         67        189         91        120        201         20
   88      91         84       3872          0         60        158         10
   89     160        117         82        290         30        183         20
   90      26        142       2365         31         30        168         20
   91      14        122       9250          0         90        232         10
   92      68         94       4472       1951        120        198         20
   93      34         74       1589          0        150        274         10
   94      77        132       2764          0        120        257         10
   95     102        100       1673          0        120        249         10
   96      99        108       6709          0          0        142         10
   97      87        140       2695       3645        150        220         20
   98     197         58         60         56          0        214         20
   99     111         35       3046        350        300        441         20
  100      44         71       3765         96        150        249         20
  101      31        106        686          0         30        169         10
  102     142         28      14988         12        150        244         20
  103     105        126        525          0         60        171         10
  104      65         82       2587        500        120        188         20
  105      13         26        384        211        120        187         20
  106     133        100       3751       1524        390        527         20
  107      36         20        110        718          0        176         20
  108     149        141         90          0         60        199         10
  109      61         63        183          0         30        140         10
  110      76         31        364          0        330        409         10
  111      29         31        135          0          0         88         10
  112      87         93        784          0        150        294         10
  113      67         39        178      13912        120        188         20
  114       0          8       2948          0          0        106         10
  115      23        102        617       2432        390        464         20
  116     107         63       3716       4355         30        185         20
  117     115         61         14          0         60        166         10
  118     191        100       3104          0        150        215         10
  119      19          8       1293       1888        150        246         20
  120     159         75       7375          0        330        468         10
  121     168        147       2530        147          0        222         20
  122      73         89       1815       1071        210        282         20
  123     151         77       4561       1854         90        228         20
  124      51        115        567       3605         30        192         20
  125     128         71       1174       2961        150        284         20
  126     138        128       2515       7408         90        256         20
  127     198         93       5805          0        360        531         10
  128     101        117       3956          0        330        441         10
  129      82         90       1382      13618         60        201         20
  130      75         34        803       5376        120        253         20
  131      72          3       5874       5907        120        259         20
  132      47        129        723       1308        120        221         20
  133      49         43       6189          0         30        101         10
  134     123         52        138          0        210        273         10
  135     148        116        105          0        120        216         10
  136     194         82       2787       2387         30        203         20
  137      25         52       5079       2017        180        287         20
  138      52        152       1744          0        120        206         10
  139      63         62        200          0        300        405         10
  140      87          8        240          0        120        260         10
  141      38         32        545        109          0        165         20
  142     163        111       2219       7051        210        277         20
  143     140        125       4694       8547        300        431         20
  144     154         76       5420          0        180        283         10
  145      78         74        443          0         60        140         10
  146      85         52       4061          0        120        216         10
  147      74        119        540          0        150        227         10
  148      39         48       2016        286        300        401         20
  149     173         95       4225       6623         90        201         20
  150     144         86       6707       6109        120        228         20
  151      34        136         68          0        120        204         10
  152     180         58       3535         63          0        196         20
  153     100         53      13506          0        120        254         10
  154     183         61       6107          0        450        519         10
  155     110         49      13648          0          0        111         10
  156      74         20        127          0          0         75         10
  157     131        104         65          0         30        166         10
  158       8         46       1713          0        180        266         10
  159     119         55       1464          0         30        165         10
  160      39         27       6210          0        120        192         10
  161      15         54         12        107        180        278         20
  162     164         45        514          0         30        193         10
  163      12         55       1489          0        330        424         10
  164     102         87         11        383        150        245         20
  165     122         40        307       3485        120        198         20
  166      93         68       2220          0        120        273         10
  167      74        142       2500          0         30        161         10
  168      34         98       1429          0         90        220         10
  169     146         92         82         74        180        250         20
  170      71        130       1104          0         90        263         10
  171      35         26         19          0        120        224         10
  172      41         73         30          0        300        443         10
  173      55        116       3785          0        150        257         10
  174      59         85        345        668         30        108         20
  175       2         17        257          0        120        250         10
  176      76        127       4385          0        330        405         10
  177      11         17        198       1008         30        133         20
  178      66        119       1551          0        150        227         10
  179      39         52        100          0        120        201         10
  180      54        130       4493        879        180        286         20
  181     121        129       2805       1791        180        279         20
  182      51          1       1367          0          0        130         10
  183     130         68       1514          0          0        140         10
  184     122         30       1750         48        120        247         20
  185      70         55       4856        199        120        229         20
  186      87        101       5050        279          0        135         20
  187      96         79       1186       1959         60        167         20
  188      66         71       7810       7190          0        103         20
  189     100         23        730          0          0        133         10
  190      52         61         60          0          0        111         10
  191      51         47        233          0          0        102         10
  192     160         66        364        237        300        393         20
  193      57         45       1460          0        330        503         10
  194      79         16         83          0          0         80         10
  195     160        118         65       1669         60        227         20
  196      21         12        104          0          0        146         10
  197     151        143         28          0         60        195         10
  198     180         65       1322          0         90        232         10
  199     147         39       2024       2295         90        195         20
  200     123         54      12556          0        150        238         10
  201     170         36       1810         20         60        184         20
  202     150         81       1824       1361          0        156         20
  203     133        102         73          0        120        285         10
  204      85         74       3146        252        150        233         20
  205     121        142       1553          0        120        205         10
  206     110         98        255          0         30        131         10
  207      60        134         15          0        120        190         10
  208      33        155       6212          0        390        519         10
  209     106         68       3813          0        360        514         10
  210     177        110         48          0         90        253         10
  211     185         98       3330       1980         60        203         20
  212     103         96       1321        433         90        195         20
  213      57          0       4103        156        120        247         20
  214     131         44        310          0        120        188         10
  215      31        128       3008        982          0        138         20
  216     119        140       1919       4387        360        499         20
  217      16          6       2550          0          0         86         10
  218     178         62       2706          0         30        195         10
  219      87        113       1519          0         90        169         10
  220      55        102       1082          0         30        173         10
  221     179        114       1724          0         30        220         10
  222     115         90       8548         88        150        286         20
  223      65         74       2221        200        180        272         20
  224      83         99         78          0         30        137         10
  225      83        141        744          0        150        228         10
  226      52         62       1715       3401          0        108         20
  227      82         12       2968          0          0        175         10
  228     101         85        237       1403        120        254         20
  229       0         21        474         54          0        167         20
  230     106         54        218        169        180        243         20
  231     117        100       6469       8004          0        157         20
  232      31          7       1702         87        120        292         20
  233     121         71       2620       5274          0        126         20
  234     116        147         93        425        300        398         20
  235      76         16         16         49        120        234         20
  236     106         96       8663        587         30        141         20
  237       9         49         10       1737        120        191         20
  238     130        148       1672          0        150        233         10
  239     153        148         43      14957         60        217         20
  240      49        131       3327          0          0        159         10
  241     150         67        227          0          0        155         10
  242     192         88       4583       1308        120        231         20
  243      99         80       8000          0          0        164         10
  244      85        128       1184         82         60        168         20
  245      22        149       4698         82         30        175         20
  246      42        127       2066      12934        120        248         20
  247     160         37         33       2088        120        246         20
  248     172         39        150       2010         60        168         20
  249      65         86         98          0        150        229         10
  250      95         87         33          0         30        133         10
  251     150        127        252        112         90        253         20
  252      73         92       5409        719         60        236         20
  253     106         55       4592          0        120        293         10
  254     150        140         35          0        120        296         10
  255      65         32        147         49        120        201         20
  256     163         77       6210       1909        210        272         20
  257      16         10      10906       4094         30        169         20
  258       7        114         82       2419         60        193         20
  259      97        113      10426         61         30        166         20
  260     122         66       7045        313         90        224         20
  261     193         91       1440       5669        150        225         20
  262     156         67       9316       1976         60        164         20
  263      95         66        237        525         30        185         20
  264      90        102       3642          0        390        518         10
  265     121         32       2146         93         30        205         20
  266     169        111        290          0        150        221         10
  267      50        123        657          0        150        296         10
  268      17         18         15        664          0        102         20
  269     118         67        576          0         60        167         10
  270     150         79         92        301         60        226         20
  271      78         84       1819         76         90        260         20
  272      32        100        150       6079        150        220         20
  273     184         71       5419       1364         60        201         20
  274      18         29       2400         69        120        230         20
  275      88        127       4289          0         30        203         10
  276      56         49       1691       6109        120        260         20
  277      70         46       3340          0        300        461         10
  278     125        103        101       1261         90        233         20
  279      32        112       4944          0        360        513         10
  280      86        135         18       2115         90        257         20
  281     168         49       2697       2025          0        168         20
  282     108         46         98          0        120        202         10
  283     177        112        280        193          0        200         20
  284      76         94        866          0         30        131         10
  285     163         99        102          0        120        257         10
  286      25         47        468       1890        120        235         20
  287     120        129        108          0        150        252         10
  288      23        110        406          0        300        412         10
  289      86         80        127        211         30        172         20
  290     128         56        200       1556        150        241         20
  291      23        118       6397          0         60        201         10
  292      56        114        587       1940          0        136         20
  293     152         56       2295          0        390        515         10
  294     103         95         75      10994         90        222         20
  295      30         36        468       2067        390        494         20
  296     186         73         74          0         60        190         10
  297     111         67       3489        829        120        236         20
  298      82         99        454       5804        180        275         20
  299     176        112         90       6575         90        255         20
  300      57         70       1258       2997        360        467         20
  301      31        101       5872          0        120        217         10
  302      87         69         16          0        120        230         10
  303     110         69       1453        121         60        230         20
  304     160         74         49       1329        180        288         20
  305     155        145        238          0         60        233         10
  306      60        122        249       3793         60        219         20
  307      96         82       1738          0          0        137         10
  308     113         48       5758          0          0        122         10
  309     117        145       1686          0        180        294         10
  310     101         81         40        319        120        263         20
  311      85         76       5364       1506        120        233         20
  312      36         87       9982         43         30        165         20
  313     141         30         31        277        120        232         20
  314      57         91        215          0        120        253         10
  315      30         54       1177        525        120        290         20
  316      41         70        684          0          0        172         10
  317      90         16       1667       4478         30        198         20
  318     115         64         92          0        150        252         10
  319      88         61        363          0        330        474         10
  320      27         76        563       7334          0        108         20
  321      47        125       4866       6351         30        156         20
  322     150        108       1173       3114        330        470         20
  323     188         95       1525         75        150        291         20
  324      30         43         37          0        120        253         10
  325      23          9       1198          0          0        109         10
  326      78         65        960       4741         60        203         20
  327      48         46       1206          0        330        504         10
  328      33         20        720          0          0        168         10
  329      52         10       3033          0        300        425         10
  330      56         51       3668         21        150        258         20
  331     115        114        674          0         30        168         10
  332     197         87        781       2435        300        467         20
  333     153        115       1624          0          0        184         10
  334      77         20        347          0        150        286         10
  335     188         66         84          0         30        196         10
  336      66         58       1700      13300        120        288         20
  337      93         94       1154        595         60        127         20
  338      27        110        745       1298        120        193         20
  339      29        114      11268          0          0        149         10
  340      20        116       2331      12669        120        252         20
  341      21         40       3810          0          0        140         10
  342      62         17        162       2237        300        435         20
  343       1         19       7206          0        420        524         10
  344      63        111       1269       2888          0        123         20
  345      34        147       1520       1641         60        171         20
  346      26          9         90        686        120        243         20
  347      67         87       1522        122        120        225         20
  348     108         21         28          0          0        103         10
  349      79        122       3671          0        180        260         10
  350     108         38       1775          0         30        193         10
  351     115         96       2703          0        120        281         10
  352      15         10       2020          0         90        184         10
  353      29         68       1074          0         60        197         10
  354     141         58       2693      10925         30        158         20
  355      53        153         46          0         90        175         10
  356     147         22       3684          0        300        434         10
  357      52         46       2445       1778          0         66         20
  358      20        145        101          0          0        177         10
  359     111        131         82       1349        150        234         20
  360     164        107         48          0        180        280         10
  361     172         43        620        280         30        178         20
  362     179         48        908        433          0        183         20
  363     194         97        122          0          0        214         10
  364      53         21       2094          0        120        230         10
  365     191         51       3545          0          0        204         10
  366      93        152        603      14397         90        182         20
  367     175        124         14        181        120        215         20
  368      37        100       2569          0        120        286         10
  369      58         86         21       9756        150        289         20
  370      90        111       1208       9251         60        161         20
  371     114         48       4493          0        330        462         10
  372     104        109       3716          0         60        233         10
  373      57        117       7204          0         60        140         10
  374      15        118      14294          0        210        277         10
  375      80         11      15000          0          0         73         10
  376      40         30       1495          0          0        124         10
  377     162        118       2536          0        120        284         10
  378      72         99         83       1750        120        274         20
  379     133        142      15000          0        330        473         10
  380      80         48        156          0          0        141         10
  381      91         35       4009         41          0        172         20
  382     166         28       2289       1712        180        263         20
  383     138         53       6618       1944        360        451         20
  384     120        116       7832          0          0        178         10
  385      66        136       1576        686         60        191         20
  386      64         40        280          0          0         77         10
  387      92         84       1940       2028        420        522         20
  388      39        107       3078       1042          0        129         20
  389      11         47       5680          0         30        205         10
  390     114         56       8362          0         30        201         10
  391     179         72       1473        197         90        224         20
  392     125         51       2157          0        120        281         10
  393     116         85        152          0         60        141         10
  394       6         12         30        210          0         73         20
  395      42        125        199       1517         60        233         20
  396      52         28        291       1842          0        103         20
  397      25        117      14638        287          0        134         20
  398      94         69        107          0        150        254         10
  399      84         78       6367        925          0        160         20
  400       1         25       3149       3212         60        173         20
