400_361

CUSTOMER  VEHICLE
NUMBER	  NUMBER     CAPACITY    DispatchingCost
    400     500          40000       100

CUSTOMER
CUST NO.  XCOORD.   YCOORD.   DDEMAND   PDEMAND   READY TIME  DUE TIME   SERVICE TIME

    0      41         23          0          0          0        960          0
    1     122        139        175          0        150        254         10
    2      75         90       3133       1153        390        472         20
    3      25         47        468       1890        120        235         20
    4     122         83        129        346         30        144         20
    5      45         54       1677          0        120        294         10
    6      32          5        585          0        120        246         10
    7     141         58       4199       2130        360        473         20
    8     120        117       1615       1636          0        157         20
    9      23        141       2280          0        150        231         10
   10     150         49         57       2075          0        162         20
   11      20        116        977        107        150        222         20
   12      59        134       2995          0        300        470         10
   13     126         89       1026         57         60        218         20
   14      90        111       1208       9251         60        161         20
   15      84         75         36       4537        360        525         20
   16      62         56         40        248        120        258         20
   17      29        110       1016         30         60        157         20
   18     150         76        910         20         30        187         20
   19      66        152       1090          0         60        227         10
   20     149         34       1568       3152         90        254         20
   21     102         72       2790      12210        210        280         20
   22     174        119       1642          0        120        243         10
   23      28         31       1807         20         30        158         20
   24      12         16        690          0        150        288         10
   25     105         62         42          0         90        172         10
   26     131         89         49          0        120        184         10
   27      54        117         53       5147        120        235         20
   28     158        142         94          0         90        201         10
   29       4         16       2745      12255        150        230         20
   30     110        128        190       2028          0        168         20
   31      25        114       1651          0        150        221         10
   32      57        153        299         30        360        455         20
   33     176        112         90       6575         90        255         20
   34      39        107       3078       1042          0        129         20
   35     106         81       1600          0          0        129         10
   36      33        113        106       7832        120        190         20
   37      53         17       4330          0          0         77         10
   38     168        147       1759       3420        120        230         20
   39     133        142      15000          0        330        473         10
   40      62         67       2332          0        360        441         10
   41     167         47       2384          0         60        205         10
   42      34         79       1777       1839        300        412         20
   43      98        122       2566          0        120        290         10
   44     106         85        844          0         60        169         10
   45     117        146        498          0        180        249         10
   46      21          7       7043        123          0        161         20
   47      80         64        665         95          0         97         20
   48      43        136      12933          0        390        500         10
   49     135         26       2810       1097        390        452         20
   50     130         46         72          0        120        263         10
   51      41         79        367        539        120        283         20
   52      30         42       1110          0        120        220         10
   53     158         71       3592        231          0        160         20
   54      27         73        330         57        120        289         20
   55     120         86         94          0        330        491         10
   56      35          8        130        263        120        294         20
   57      73         92       5409        719         60        236         20
   58     121         71       2620       5274          0        126         20
   59      81         18      11287       2416        120        228         20
   60      60         60        208        908        120        192         20
   61     185         98       3330       1980         60        203         20
   62     119         45       1008        697          0        129         20
   63      96        112         12        285        120        254         20
   64      96         36        517       1205         90        264         20
   65     130         90        233          0         60        204         10
   66     115         61        170          0         60        190         10
   67      69         24       3234        160        120        282         20
   68     100         14        396          0        120        255         10
   69     132         61         15          0        120        265         10
   70      27         24         52          0          0        138         10
   71      57         29       1752          0        120        228         10
   72     111         67      14177        823        120        256         20
   73     175         51       9905        298        300        435         20
   74      16         10      10906       4094         30        169         20
   75     148         92      15000          0        120        186         10
   76     179         72         30         54         60        190         20
   77      44         49       2711          0        120        291         10
   78      78         84       1819         76         90        260         20
   79     117        100       6469       8004          0        157         20
   80      86         86        422       2620          0        133         20
   81      24        114       1755          0          0        144         10
   82      91         55       6953          0          0        131         10
   83      89         79        987         92         60        167         20
   84      60         64       1366       6937        120        254         20
   85     147         94       1976          0        120        251         10
   86     181         42        294          0         60        204         10
   87     177        110         48          0         90        253         10
   88      93         84       3602          0        120        227         10
   89     103         67       5652       1649          0        125         20
   90     113        121        221         44        180        251         20
   91     160         74       8312          0         60        171         10
   92     121        147       1605          0        150        260         10
   93      34        127       8560          0        300        454         10
   94     106         96       8663        587         30        141         20
   95     198         93       5274          0         60        215         10
   96      44         78       1824        841        120        244         20
   97     116         49       3116       4606         30        172         20
   98     179         67         70       3422        180        263         20
   99      92         88       2076         67         90        250         20
  100      93         50         90          0         30        199         10
  101      57         91        215          0        120        253         10
  102      95         68         42          0         30        115         10
  103     199         60        253       1149        180        248         20
  104     170         36       1810         20         60        184         20
  105      61         76      13149          0        300        400         10
  106      88         63       5628          0        300        404         10
  107     108         38       1929       1123        120        204         20
  108      20         21       2489       2006        210        291         20
  109      65         12       3769          0          0         80         10
  110     198         67         52          0          0        199         10
  111      21        101       3626       2067        360        423         20
  112      75         34        803       5376        120        253         20
  113     102        100      13923          0         60        133         10
  114     103         96         36          0         90        165         10
  115     107         63       3716       4355         30        185         20
  116      23         35        164          0          0        164         10
  117      45        147       1805        111        120        191         20
  118      63         48         62      13911         30        155         20
  119      88         41       1275          0        120        221         10
  120      48        154       1498          0        120        205         10
  121      89         60       1136          0        420        513         10
  122       5        116       2268          0        360        520         10
  123      79         16         83          0          0         80         10
  124      97         46       1528        525          0         99         20
  125     101         97         17         91          0        133         20
  126     111         87         10       1976        180        263         20
  127       7        116        147       1749        120        281         20
  128      83         74       2364          0        120        260         10
  129     136        148         64          0        210        279         10
  130     195         84         17          0          0        215         10
  131     106         54         12          0        120        243         10
  132     199         74        336          0          0        208         10
  133      69         90       3243          0        390        495         10
  134      51         47       3775       1544          0        159         20
  135     108        151      15000          0        300        395         10
  136      40        112      13471          0        120        186         10
  137      47        129        171          0         60        154         10
  138     151         77         87          0          0        160         10
  139      87        101         84        149         60        127         20
  140     140        109         60          0         90        199         10
  141      38         68       7844        348          0        107         20
  142      90        102       3642          0        390        518         10
  143      15         52        136       2360        150        242         20
  144      76         31        364          0        330        409         10
  145      54         96       4930          0          0        112         10
  146     107         93       2516        758        360        430         20
  147      86         56       1879          0         90        194         10
  148     108         42      11329          0          0        109         10
  149     176         70        576          0        360        443         10
  150      57         37         14          0        150        219         10
  151      56        103       3792          0          0        159         10
  152      85         61       8938          0        330        460         10
  153      68         94       4472       1951        120        198         20
  154      21         41       7170          0          0        102         10
  155     160        118         65       1669         60        227         20
  156      73         96        423          0        120        197         10
  157     177         74         50        113         60        200         20
  158     109        122        320          0         30        205         10
  159     130         68       1514          0          0        140         10
  160      97         24       2089          0        120        250         10
  161     136         72       4622        182          0        150         20
  162      13        119       2319          0         60        227         10
  163      78         43       1788          0        420        504         10
  164      55         11        984          0        360        470         10
  165     109         64       2257       7680         60        153         20
  166     116         85         40          0        330        498         10
  167     173         85       2160          0        120        229         10
  168      27         84         33      14967         30        165         20
  169     107         85         75       5377         60        132         20
  170     192         92        889       1774         90        205         20
  171      36         72       2498        527        300        437         20
  172     106        125        110          0        150        229         10
  173     122        101       1641          0         30        166         10
  174      88         87         35       5653        180        289         20
  175      34         67      10530        127        120        294         20
  176      48         60       1005          0        390        500         10
  177      53        153         46          0         90        175         10
  178     114         80       1772       2472         60        224         20
  179     149         80        984          0         90        235         10
  180      46         18       1403          0          0        159         10
  181     185         59      14193        807        420        517         20
  182      89         36         11        504          0         79         20
  183      78          8       4580          0        330        430         10
  184     152         91        170          0        120        197         10
  185      58         86       1700         43        120        201         20
  186      65         32       1190        196          0         74         20
  187     111        131         82       1349        150        234         20
  188      96         81       1570          0          0        130         10
  189     126        132       1749       1716         60        228         20
  190      28         72       6093        365        120        196         20
  191     155         35         90         20         60        165         20
  192      91         72        129          0         90        230         10
  193      38         32        545        109          0        165         20
  194      91         73        314          0        420        530         10
  195      84         66        450          0        180        273         10
  196     114         19         67          0         30        138         10
  197      33         70         85          0          0        121         10
  198     132         27        922          0          0        140         10
  199      39         27       6210          0        120        192         10
  200     139        104        363       3213        120        213         20
  201      85         74       7744         73         90        252         20
  202     195         59       1733          0         30        202         10
  203      54        104        194      14806        120        186         20
  204     125         29      15000          0        150        295         10
  205     135        121        169          0         30        182         10
  206     168        109       2850      11299        180        286         20
  207      20         98       1926          0         60        237         10
  208      16         62       4458          0          0        103         10
  209      68         95       1511          0          0        119         10
  210      99         58       3995        140        300        401         20
  211     108         21         28          0          0        103         10
  212      19         13        108          0         90        247         10
  213     139         91       1580        714        150        260         20
  214     160        117         82        290         30        183         20
  215      10        117       1817          0          0        149         10
  216      48         47       2496       5873        210        279         20
  217     112         36         57          0        120        266         10
  218     120         85        615        452         90        220         20
  219     117         56       8002        836        330        431         20
  220      64        119        381        180          0        148         20
  221      26        127       4093          0         90        224         10
  222      74         63       2340       8107        120        225         20
  223     112         37       4280          0          0        140         10
  224      53         61       7335        178          0         76         20
  225      40        155        117          0          0        176         10
  226     149        141         90          0         60        199         10
  227      47        137        248        413        150        245         20
  228      32        112       1854          0        120        208         10
  229      59         14       5199       2975        120        282         20
  230      99         56       4284          0         60        165         10
  231     135         51         64       4551          0        135         20
  232      17         89       1542         38        120        289         20
  233     169        111       1118       3641        120        248         20
  234     114         27      13557       1443          0        122         20
  235     104         70        279       2024        120        183         20
  236      41         73         30          0        300        443         10
  237      47        125       4866       6351         30        156         20
  238     106         68       3813          0        360        514         10
  239      22        151       8726          0          0        183         10
  240     185        103       2776          0         60        231         10
  241      32         56        182       1771        120        271         20
  242      65         82       2552          0         90        170         10
  243      99         37       1069          0          0        100         10
  244     159         83        515        152        120        299         20
  245      91         84       3872          0         60        158         10
  246      46        128       1153       1000        360        522         20
  247      87         81        949          0        360        471         10
  248     159         75       5376       3804          0        175         20
  249      75        130        340          0         90        163         10
  250      22         99       2008          0         30        122         10
  251     105         81       1985        894        180        249         20
  252     153        148       3786          0         60        219         10
  253     194         60      12139          0         60        228         10
  254      34         65       3800          0        420        522         10
  255      58         88       1900          0        150        271         10
  256     138         37       3221       1807        330        431         20
  257     137         49        501          0          0        157         10
  258      71        129      12904         84          0        154         20
  259      76        127       4385          0        330        405         10
  260      84         56        147       1751          0        135         20
  261     130        148       1672          0        150        233         10
  262      81         56        315          0        120        199         10
  263      97        144       8517        605        420        494         20
  264     140        104         98          0         90        171         10
  265      73        123         13       8002         60        151         20
  266       7         32         14          0        120        230         10
  267      80         46         21          0        120        224         10
  268      99        108         52        832         30        152         20
  269      35        124       2695          0        120        189         10
  270     154         39       1879          0        300        404         10
  271      16         35         87      10255         30        115         20
  272      95         91       1841       1378          0        166         20
  273      73         91       7911        860        450        526         20
  274      42         16       2135          0        120        252         10
  275     122        146        344        287        300        451         20
  276     152         87       2636          0         60        186         10
  277     144        128        172        300        300        396         20
  278     185         73       1929       2138         60        194         20
  279      14        122       2794       5189          0        137         20
  280      34        149        924          0         30        163         10
  281      36        146       6099        397        300        473         20
  282      90        119       4742          0        120        256         10
  283      51         98       5190       6318        180        266         20
  284     129         72       2012       1440         90        174         20
  285      25         52       5079       2017        180        287         20
  286      80        113       2250       2029         60        191         20
  287     171         66        210       5151         30        180         20
  288     142        131       1723        563        330        459         20
  289      19        124       5553        619          0        135         20
  290     141         45       1895          0        120        261         10
  291      79        101       4006        199         60        144         20
  292     172         43        620        280         30        178         20
  293      73         89       1815       1071        210        282         20
  294      81         66       5003       7500        120        230         20
  295       9        114        525          0         30        190         10
  296       8         43         94      14906         60        198         20
  297     173         62         44       5374        180        285         20
  298     148        116       3610          0        300        445         10
  299     141        103       2428          0          0        171         10
  300     104         91         86          0         60        220         10
  301     120        129        100       8516        210        289         20
  302     180         58        107          0         90        264         10
  303     139         25       1956          0          0        176         10
  304       8         11       6388          0        120        201         10
  305     126         72       2306       4765         90        190         20
  306     123         72      10147          0        300        412         10
  307     181         68       1149          0         90        185         10
  308     134         55       1993       3211        150        296         20
  309      46        125        253         17         60        155         20
  310     143         31         67          0        210        278         10
  311      73         56         10          0          0        134         10
  312      10         51        613        348        120        259         20
  313      50         64       2911          0          0        109         10
  314      61         49       1613       5466        120        195         20
  315      51        114       1974       1723        300        401         20
  316      31          4       2093          0        120        275         10
  317     133         89       1772       7207        390        457         20
  318     150         53         54          0         90        230         10
  319     107         77       3438       2076        150        220         20
  320      83         85        300       4834         90        174         20
  321      92        120        250          0         30        162         10
  322      20         78       3380      11620         90        171         20
  323      68         21       3467          0        120        254         10
  324     120        124       6209          0         60        223         10
  325     121        142       1557      13443        120        242         20
  326     147         22       3151       5907         60        181         20
  327      37        123       1210          0         30        163         10
  328     100         53        137       1460          0        110         20
  329     104         55       4342          0        300        417         10
  330      42         62         51        253         30         98         20
  331      68         73      10273       4727          0        101         20
  332      96        118        579       5307        180        297         20
  333     180         65        672         19        150        279         20
  334     131         44        310          0        120        188         10
  335     142         59        291          0         30        172         10
  336      37         15       3805        746        420        522         20
  337     181         73      15000          0        120        257         10
  338      73         65       1739       4416        120        231         20
  339      49         84       1083          0         60        138         10
  340     113         48       5758          0          0        122         10
  341      84         78       2544          0         60        190         10
  342      46         46         22      11398        120        216         20
  343     177         48        264          0        120        283         10
  344      11         47       5680          0         30        205         10
  345     155         88        274          0        120        268         10
  346     154         27       2820          0         30        145         10
  347     120         97         25          0         60        171         10
  348      45        126      13180          0         90        167         10
  349      18         22       2684          0          0        102         10
  350     122         77        442        345        120        188         20
  351      57        145         64          0         60        221         10
  352     158         24       8394        614        120        284         20
  353     123         59       6700       4619         30        204         20
  354      55         67        252         43          0        112         20
  355      10         48         25         20        120        230         20
  356      53         37       1685        404        360        499         20
  357     167        147        140         87         60        233         20
  358      78         74        999          0          0        124         10
  359      82         56       2214          0          0         86         10
  360      42        127       6038       8962        360        528         20
  361      77         44       4579       3422        120        285         20
  362      81          6       4267          0        150        255         10
  363      48        151       1789         40        330        460         20
  364      39        139        663        180        180        290         20
  365     100         23        730          0          0        133         10
  366       0         90       7975       4343        360        506         20
  367      29        114      11268          0          0        149         10
  368      35         23         16          0          0        114         10
  369      29        108        306       1816        180        277         20
  370     197         70       7034          0        210        296         10
  371     117         79       4099        671        330        475         20
  372      52         92       3688          0        150        259         10
  373     118         94       3792          0        120        202         10
  374      77        132       2764          0        120        257         10
  375     152        104        330       2683         60        227         20
  376     193         91       1440       5669        150        225         20
  377      17        119      13931       1069         90        263         20
  378     101         81        196          0         60        224         10
  379     175        124       9326          0          0        214         10
  380     120        116       7832          0          0        178         10
  381      85        102       2066        249         60        202         20
  382      44        133        690        106        150        216         20
  383      33        137       1169          9        150        263         20
  384      73        113        524       3301        180        286         20
  385      82         92       4707       1260        300        440         20
  386     173         43       2819          0         90        172         10
  387     115         60        742          0         90        220         10
  388     171        104        123          0         60        225         10
  389      85         75       4920        383        120        220         20
  390      91         35        111          0          0        115         10
  391     132        121       1538       2076         90        185         20
  392      77         42       7692       2905        360        445         20
  393      83        141       1653          0        150        252         10
  394      99         45        936      14064        120        198         20
  395     107         61       2635          0          0        169         10
  396     123         66       1816          0        330        410         10
  397     158        128         27       1673         60        235         20
  398      28        139         28          0         60        168         10
  399      76         87       6305          0        450        525         10
  400       8         10        216       2069        150        286         20
