400_365

CUSTOMER  VEHICLE
NUMBER	  NUMBER     CAPACITY    DispatchingCost
    400     500          40000       100

CUSTOMER
CUST NO.  XCOORD.   YCOORD.   DDEMAND   PDEMAND   READY TIME  DUE TIME   SERVICE TIME

    0      41         23          0          0          0        960          0
    1     105         68      10387        223        120        288         20
    2     173         95       3140       2399          0        199         20
    3      81         75       2086          0         60        174         10
    4      85        135        480       1379         90        228         20
    5      47         62        621       3243        120        279         20
    6      54        117       2175      12825        150        292         20
    7     120        117       6626       6368        420        525         20
    8     144         54       1416       1838          0        147         20
    9      57        145      13910          0         60        190         10
   10       0          8       5321        105        120        223         20
   11      87         93        784          0        150        294         10
   12     174         66         14        228          0        181         20
   13     133         37         13       1030          0        146         20
   14      11         33       4619          0         30        108         10
   15      67         39         15          0          0         95         10
   16     166         88       5588          0         30        195         10
   17      67         87       3590          0         90        258         10
   18      50         80        673       1629        300        404         20
   19     151         77         87          0          0        160         10
   20      97        113      10426         61         30        166         20
   21     148         30       1881       2382         90        218         20
   22     126         73       3303        487         60        234         20
   23      53         45       1570          0          0        107         10
   24      32         56        683          0         30        189         10
   25      57         29       9626          0        120        190         10
   26     127         93       3266          0         30        163         10
   27      60         49       5316          0          0         81         10
   28      36        153        203        144        390        475         20
   29      92         52       2272         40        120        236         20
   30      58         21       1892          0          0        135         10
   31     102        100      13923          0         60        133         10
   32      97         68       2799          0        120        211         10
   33      47        141        257          0        300        408         10
   34     121        129       1491          0         90        263         10
   35      35          8       1992       2702        120        286         20
   36     133         52       4356          0         60        130         10
   37     131         17        190          0          0        154         10
   38     103         55       7407        148        120        197         20
   39      78         65        960       4741         60        203         20
   40     126         36         51        569        120        254         20
   41     176         71       2484          0        120        274         10
   42     169        111        290          0        150        221         10
   43     154         31        178       7866        180        251         20
   44     105         81         58          0        120        290         10
   45      15         10       2020          0         90        184         10
   46     150         70       3899        511        300        469         20
   47     151        120       5130        484          0        198         20
   48      87        113       1519          0         90        169         10
   49     194         94        300          0          0        216         10
   50      30        106       5649       9351         30        124         20
   51     153         75       6006          0         30        178         10
   52       3         88      15000          0        120        230         10
   53      55         16        739          0        360        507         10
   54      33        131       2198        336        150        232         20
   55     106         84        841       1474         60        133         20
   56     115         60        742          0         90        220         10
   57     117        145       2555       2247        180        282         20
   58      25        155       3138          0        120        252         10
   59      39        156        179       3625          0        176         20
   60     109         94        292          0         30        172         10
   61       5        116       2268          0        360        520         10
   62     140        125       4694       8547        300        431         20
   63      74        119        540          0        150        227         10
   64     100         23        730          0          0        133         10
   65      91         55       6953          0          0        131         10
   66      91         73        314          0        420        530         10
   67     132         61        202       6386          0        142         20
   68      45        147       1805        111        120        191         20
   69      22        149       4211          0        450        521         10
   70      71        100       5973          0         30        121         10
   71     149        141        222       6827        180        297         20
   72     123         72        941       1885         60        196         20
   73     194         97        122          0          0        214         10
   74      42         16       2135          0        120        252         10
   75     183         79         57          0         60        220         10
   76      29        130       1851       2076         30        160         20
   77      82         72       8065          0        120        265         10
   78     147        113       1183        841        300        440         20
   79      60        148       1697       5044         30        189         20
   80     139        107        481          0        120        230         10
   81     180         65        672         19        150        279         20
   82      77         20        347          0        150        286         10
   83      83         99         78          0         30        137         10
   84      74        120       4007          0        420        502         10
   85     140        104         98          0         90        171         10
   86      13        119       2319          0         60        227         10
   87     139         66       7243       6474        300        410         20
   88     110        128        480          0         30        173         10
   89      82          8        280          0          0        133         10
   90      47        129        723       1308        120        221         20
   91      98        122       2150          0        330        463         10
   92      91         12       2290          0          0        134         10
   93     119         33       1577       2214        120        277         20
   94     167         35      11558       3442        150        218         20
   95      35        109       2089          0        120        225         10
   96      40        112       1854          0        390        460         10
   97      45         86       3936       3369         30        202         20
   98     135         26       3579       2020         60        186         20
   99      27         76       2700          0         60        142         10
  100      71        129         13        101        120        184         20
  101     155         27       3282          0         30        205         10
  102     119         11       1680          0          0        131         10
  103      18         11       4858       2220        300        412         20
  104      32        112       1854          0        120        208         10
  105     104         68         23       1460        120        292         20
  106      86         86        422       2620          0        133         20
  107     158        128       2022          0        210        278         10
  108     111         35       2054       2821          0        141         20
  109      16        122        679          0        150        261         10
  110     197         58       2012          0          0        192         10
  111      83         85       4875          0         30        133         10
  112     177        110       2025          0        120        261         10
  113       5         14        439      14561        120        295         20
  114     146         92         82         74        180        250         20
  115      34         67      10530        127        120        294         20
  116      46        113        442          0          0        171         10
  117     107         85       1526       8945        120        232         20
  118     130        148       1951          0        330        432         10
  119     176         46       2784        182         90        183         20
  120      48        154         21        455         90        217         20
  121     122         83       4009          0         60        228         10
  122      98         53       1297          0          0        172         10
  123      14        122       2794       5189          0        137         20
  124      38        141        250       1250         60        199         20
  125     115         64       2545          0        150        292         10
  126      16          3       1657       9040          0         99         20
  127      39          4       6177        873        330        456         20
  128      31        101       5872          0        120        217         10
  129     148         47       1068       9983          0        148         20
  130      85         71        857       3492         30        142         20
  131     161         35       5904          0        150        244         10
  132      79        131        170          0         30        158         10
  133     106         65       3641       1748        150        251         20
  134     192         64      11845          0        420        535         10
  135     122        109         11          0         30        166         10
  136      92        120        250          0         30        162         10
  137      66         63        237        665          0        160         20
  138      90         87       2773       3791        390        530         20
  139      79        119        519        759         60        165         20
  140     121        120       1864          0          0        166         10
  141     108        105       3878          0        210        279         10
  142      92         70       5901          0        180        280         10
  143      26        127        117       1919        330        435         20
  144     138        146       1104          0         60        195         10
  145     150         27         93          0        150        227         10
  146      67         96       1792         81          0        128         20
  147      72         92       2616        234          0        161         20
  148      51        114       3536       5974         60        194         20
  149      62         45       1457       1225        300        410         20
  150      23        141        982          0          0        156         10
  151      89         80       6860          0         30        142         10
  152     129         75        220          0        330        427         10
  153     103         67       5652       1649          0        125         20
  154      23        102        617       2432        390        464         20
  155      44         48        566          0         30        160         10
  156     158         73       3051          0        360        466         10
  157     145         69         44          0         30        143         10
  158     141        103       2428          0          0        171         10
  159       6         49        350       2338          0         84         20
  160      91         72        129          0         90        230         10
  161     179         61       3315         98        180        262         20
  162      34         63        152          0         60        225         10
  163      34        137       5356       9644         60        209         20
  164      13         87       2832          0          0        124         10
  165     158        142        156        107          0        211         20
  166     161         36        408          0        120        252         10
  167      16          6        552       5947        120        219         20
  168      76         44        296        171        120        283         20
  169      90         47      14522          0          0        106         10
  170     122         59        641          0         30        183         10
  171      53         57        538         68          0         75         20
  172     193         91       2004          0          0        211         10
  173      43         16        992       1009        120        292         20
  174      65         57         72       2160        120        253         20
  175      12         98      14989         11        330        433         20
  176     135        130       4812          0        120        230         10
  177      37        100       2569          0        120        286         10
  178     134        130      15000          0         90        191         10
  179     132         56        254      14746        360        501         20
  180     141         58       2693      10925         30        158         20
  181     196         74       3743          0        210        292         10
  182     132         69         13        433         90        230         20
  183      19         13       1044          0          0         64         10
  184      62         46       1630       2155        300        397         20
  185      10         51        613        348        120        259         20
  186       7        117        610        100         60        189         20
  187     160         74       8312          0         60        171         10
  188      65         86         98          0        150        229         10
  189     194         72       2010       1000        180        292         20
  190     131         51       1750          0         90        263         10
  191     152        146       3114       1844        120        205         20
  192     118        100       3564          0        360        465         10
  193     176         70        576          0        360        443         10
  194     139         25       1956          0          0        176         10
  195      91         65        268          0         90        204         10
  196     164        107         48          0        180        280         10
  197     101         85       1006          0        120        188         10
  198     193         92       2155       4270          0        207         20
  199      81          8       1604          0          0        135         10
  200     153         27       4494       1051          0        153         20
  201      17         18         15        664          0        102         20
  202      63         90       2683          0        180        251         10
  203     198         93       5274          0         60        215         10
  204      66         71       7810       7190          0        103         20
  205      29         81         33       4814         60        189         20
  206      77         42       7692       2905        360        445         20
  207     132         27        922          0          0        140         10
  208      11         48       8280       1094         90        192         20
  209      74         20       5221       6408        120        229         20
  210      71        130       1104          0         90        263         10
  211     198         79       3403          0         60        222         10
  212     129         71       7335          0        180        265         10
  213     121         91        476          0        150        263         10
  214     169         49       4252          0        300        436         10
  215      36         72       2498        527        300        437         20
  216      29        131       3180          0        180        290         10
  217     131         89         49          0        120        184         10
  218      10        117       1817          0          0        149         10
  219      78         87      15000          0          0        144         10
  220      54        130       4493        879        180        286         20
  221     100         19        427       5297        120        227         20
  222     179        114       1724          0         30        220         10
  223     123         66       3302          0         60        224         10
  224      30         42      11298          0        150        212         10
  225     119         45         22          0          0        141         10
  226      19         90       1074          0        120        287         10
  227      83        141         70         23        120        233         20
  228      85         74       7744         73         90        252         20
  229     115         96      11435          0          0        160         10
  230     120        103      13520        261        120        229         20
  231     114         56       1924          0        150        277         10
  232      56        103        152       9040          0        124         20
  233     138         37      14957         43        120        277         20
  234      95         84       3947          0        210        271         10
  235      55        102       1082          0         30        173         10
  236     150        127       3450         58         90        181         20
  237      30         45      12886          0        420        492         10
  238     115         61        170          0         60        190         10
  239      82         74        556          0         90        164         10
  240      61         49       1523          0        150        242         10
  241     169        147         10          0         60        217         10
  242      90        124        108        137        210        285         20
  243      27         84         33      14967         30        165         20
  244      79        122       3671          0        180        260         10
  245     102        120       1840          0         90        252         10
  246      41         70        684          0          0        172         10
  247       4         23        236        920        120        223         20
  248     119         55         96       1895         90        199         20
  249      97        144       8517        605        420        494         20
  250      59         14       2558         67        120        248         20
  251      94        118       1771          0         60        192         10
  252      82        107       2525        182         60        195         20
  253     106         82       1914          0        120        193         10
  254     162        104        601       1506        120        279         20
  255      27        100       2133       1839        390        531         20
  256     158         74       1454       1418          0        176         20
  257      22        146       1463       3399        120        285         20
  258      11         34       5652       3785          0         79         20
  259      82          7        160       5421        360        526         20
  260      99        113        202          0          0        153         10
  261      21         12      15000          0          0        142         10
  262      80         46         81          0          0        102         10
  263     176        113         45          0        120        275         10
  264     103        124        181          0        180        286         10
  265     117         97       9680          0        360        462         10
  266     114         77       2484          0        180        260         10
  267      67         94        266          0         30        128         10
  268      69         90       1998          0         30        196         10
  269     123         53        829       9903        180        246         20
  270     117        146        498          0        180        249         10
  271      65         79         29       9866        330        493         20
  272     134         34        299        201          0        142         20
  273     183         89        248          0          0        193         10
  274      14         34        456          0        120        280         10
  275     170         65      14449          0         30        177         10
  276     126         89       1838        339         30        207         20
  277      48         83       2181       2064        120        233         20
  278     155         74        180          0          0        170         10
  279     154         39       1879          0        300        404         10
  280      21          7        812          0         90        164         10
  281     192         88       4583       1308        120        231         20
  282      25         47      14315          0          0        133         10
  283      16         10       2201         31          0        130         20
  284       3         94       4474          0        330        402         10
  285      60         43        136          0        120        193         10
  286      51        115        567       3605         30        192         20
  287      44         71       3765         96        150        249         20
  288     180         95         29          0        300        423         10
  289      51        101       1613       3528        150        226         20
  290       8         81        232         34        120        191         20
  291     106         66         82       1254         30        183         20
  292      81         18        225         22          0         89         20
  293      37         14        902          0          0         76         10
  294     139        104       1682          0        300        407         10
  295     106        103         56        943         90        166         20
  296     106         10       2243       2026        360        496         20
  297      55         47       1285        100        390        490         20
  298      85         10       3602       3479        150        245         20
  299       1         25         21       2013         30        188         20
  300     150         49      15000          0         30        198         10
  301     160         78        606       1253        180        250         20
  302     186        107       2703       5379         90        246         20
  303      56         49       1691       6109        120        260         20
  304     113         37         38       1293          0        132         20
  305      85         46      13520          0          0        164         10
  306      32         23       2963       2419        300        425         20
  307     106        125        110          0        150        229         10
  308     109         65      15000          0          0        118         10
  309     108         21         28          0          0        103         10
  310     111         85       2903          0        120        279         10
  311      68          2         26        174          0        145         20
  312      74        142       2887          0         60        193         10
  313      64         67       1506        393          0        131         20
  314      69         45       1895       8738          0        109         20
  315     158         24       8394        614        120        284         20
  316      27         22       1614       1875        330        400         20
  317     191         51         74       3792          0        205         20
  318      46         50        234       4176        120        284         20
  319     100         78        250       3370        120        280         20
  320     159         75       5376       3804          0        175         20
  321     154        105       2024       1850        420        494         20
  322      87          8        237          0          0         92         10
  323     101         20        428       1271        120        184         20
  324     198         67       1886          0         30        195         10
  325      85         52         67          0        120        248         10
  326      44         51        349          0          0         72         10
  327     148         92      15000          0        120        186         10
  328      69         21         28          0        150        280         10
  329     132        144       4836        131        300        401         20
  330     198         86        192          0         60        212         10
  331      57        153        299         30        360        455         20
  332      46        125       1175      13825          0        153         20
  333      95         18        146       1667         30        129         20
  334      75        126      13578       1422        360        428         20
  335     139         33      12128       2872        120        282         20
  336      89         84         46       1461         60        169         20
  337      31          4       2093          0        120        275         10
  338      48         47         97          0          0        132         10
  339      85        128       1184         82         60        168         20
  340      66        119       1551          0        150        227         10
  341     181         76       6564       2216          0        192         20
  342     188         95       1525         75        150        291         20
  343      98         10        165          0          0        133         10
  344      82          9      11160        222          0        127         20
  345      33         64       1687       1516        120        268         20
  346     167        103      14692        308        150        214         20
  347      55         67        252         43          0        112         20
  348     107        138        472       3161         60        208         20
  349     182         66       2961        686         60        182         20
  350     143         31       4301          0        120        231         10
  351      24         59       4918          0        390        502         10
  352      96         68       2354          0          0        127         10
  353      48        138        127          0        120        233         10
  354      55         91       4855          0        120        235         10
  355      19         52       1360          0          0        166         10
  356      22         15         90          0         30        174         10
  357     108        137        182       1571        180        286         20
  358      25        117      14638        287          0        134         20
  359     135        121        169          0         30        182         10
  360      29         24       3492        215        300        427         20
  361     113         38         34          0        390        525         10
  362      52         92       3688          0        150        259         10
  363     160        117         82        290         30        183         20
  364     174         93        530       5280         90        188         20
  365     124         96        178       1901          0        175         20
  366      38         68       7844        348          0        107         20
  367     101        111        110          0          0        143         10
  368      76          4       9807       2333        330        431         20
  369      85         61       3805        210         60        151         20
  370     175         51       1655          0          0        169         10
  371      95         38        433          0          0        100         10
  372      71         81       2228       7966         30        173         20
  373      86        140       9337         12        150        278         20
  374     163        118       1518        345        150        220         20
  375     146         33        127          0         60        232         10
  376      44        101       1242          0         30        183         10
  377      30         54       1177        525        120        290         20
  378     185         98       3330       1980         60        203         20
  379     158         75       5351       9649        390        455         20
  380      13          8       2823          0          0        149         10
  381      84         66       3127          0        300        434         10
  382     116         49      14757          0        300        440         10
  383      35         97        196          0         90        170         10
  384      28         45       4270          0          0        110         10
  385      98         63       5465        451        330        494         20
  386      86         77        357        986        180        260         20
  387     177         48         15          0          0        183         10
  388     108         46        128          0        150        249         10
  389     112         75         24       2024          0        129         20
  390      51         98        407       8859          0        107         20
  391     148        126       1719          0          0        199         10
  392      13         26        384        211        120        187         20
  393      94         69       1537       6086         30        107         20
  394     160         37       2511          0         60        153         10
  395      26        126        346        593         60        190         20
  396     166         83         90       2569          0        183         20
  397     133         70        282      14718          0        151         20
  398      45         54       3180       6006         30        108         20
  399      39         48       1791       1043          0        125         20
  400     180         58       3535         63          0        196         20
