400_46

CUSTOMER  VEHICLE
NUMBER	  NUMBER     CAPACITY    DispatchingCost
    400     500          40000       100

CUSTOMER
CUST NO.  XCOORD.   YCOORD.   DDEMAND   PDEMAND   READY TIME  DUE TIME   SERVICE TIME

    0      41         23          0          0          0        960          0
    1      27        110        745       1298        120        193         20
    2      26        126        248       2684        120        237         20
    3      88         67         86          0          0         98         10
    4      16         81       2208          0         30        190         10
    5     137         49       5760          0        450        529         10
    6      32         43       3449          0        120        261         10
    7     121         66       2282       3179        150        259         20
    8     150         81         97        351        180        289         20
    9      96         81       1570          0          0        130         10
   10     126        133       1838          0        330        431         10
   11     181         76        134        217        120        247         20
   12      37         14        902          0          0         76         10
   13     161         35       5373          0        360        441         10
   14     129         72       2012       1440         90        174         20
   15     122        109       1098       3238        180        286         20
   16      36        146       6099        397        300        473         20
   17     122         83       2054          0        180        253         10
   18      55        116      10997        108         30        131         20
   19      23         35        164          0          0        164         10
   20      48        129       2461          0          0        177         10
   21      86         67        120          0          0        159         10
   22     107         61        197          0         90        251         10
   23      49         84       1083          0         60        138         10
   24      49         43       6547          0          0         81         10
   25      60        134         15          0        120        190         10
   26     101        117        637       2111         60        233         20
   27     160        118         65       1669         60        227         20
   28      93         68       2220          0        120        273         10
   29      30         43       2209          0        120        293         10
   30      96         36         74          0        120        220         10
   31      82         56        213          0          0        102         10
   32     142         31       1749          0          0        146         10
   33      83         79       1076          0        120        243         10
   34      82         12        151          0          0         97         10
   35      72         39         16          0        120        231         10
   36     173         85       2160          0        120        229         10
   37      82          9        483          0        120        247         10
   38     188         95       2958          0        120        232         10
   39      87         93        784          0        150        294         10
   40      61         49       1613       5466        120        195         20
   41     106         81         47          0        150        218         10
   42      52          0       4242          0        120        283         10
   43      94        103       1518        686        120        260         20
   44       7        116        147       1749        120        281         20
   45     106         59       4453          0         90        161         10
   46      96        118        579       5307        180        297         20
   47     132        121       1538       2076         90        185         20
   48      46         52        105          0          0        172         10
   49     100         19       9275       4376        420        523         20
   50      62         76       3624        766        150        236         20
   51      78         65         89          0        120        287         10
   52     116         85        152          0         60        141         10
   53     134         55       3496          0        120        276         10
   54      73        157       5588        126         90        171         20
   55     122         34       2224          0        120        223         10
   56       2         17       1772          0         30        156         10
   57     160         66        364        237        300        393         20
   58      75         34        803       5376        120        253         20
   59     112         78        108       1511        120        216         20
   60     151         77         15          0         60        226         10
   61      22        129       1601       1207        120        250         20
   62     132         44       1508          0         60        221         10
   63      19          8       4343          0          0         69         10
   64     104         81       1122          0        150        219         10
   65     146         88      10696          0         30        163         10
   66     120        124       6209          0         60        223         10
   67      52        130      15000          0         60        222         10
   68      46        113       3136          0         60        219         10
   69     101         77        314          0        300        398         10
   70      31          4       2093          0        120        275         10
   71      81        139        847          0         90        196         10
   72      74         20        127          0          0         75         10
   73      69         24       3234        160        120        282         20
   74     167         35      11558       3442        150        218         20
   75      48        138        127          0        120        233         10
   76      98         69       2480        219         60        174         20
   77     129        122       1595       1221        210        279         20
   78       5         36       1577          0          0        167         10
   79      91         72        141          0        120        291         10
   80      56         49       1691       6109        120        260         20
   81     150         49      15000          0         30        198         10
   82      35         23      11040        503        120        281         20
   83     132         93       5072          0         90        212         10
   84      22        101         82      14918         60        137         20
   85      41         79       1984       2822         90        197         20
   86      46        128       1153       1000        360        522         20
   87     176         59        200       2283        150        254         20
   88      25        155       4785          0        390        528         10
   89      32         74        960       1273        120        220         20
   90      44         47      13065          0        150        280         10
   91      28        120       8107          0         60        174         10
   92     186        106       9756          0        120        221         10
   93      66        119       1551          0        150        227         10
   94      29         35        280          0          0        128         10
   95     104         91       1115        109         90        161         20
   96      67         61         30          0          0        127         10
   97      66        117       1096          0        150        231         10
   98      68         21       3467          0        120        254         10
   99      85         83       6623          0          0        111         10
  100      31         76       1982          0          0        164         10
  101      36         87        913      10752        180        297         20
  102     147        113       1183        841        300        440         20
  103      73         43         75       1067        120        284         20
  104     168         75       7179       1173         90        236         20
  105      36        106       1722       6296        360        463         20
  106     196         74       1716       1860        120        211         20
  107      55         60       2170          0        150        232         10
  108      29         38       2338        449          0        138         20
  109       5        113       1464      10147         90        248         20
  110      27         84       1142       3496          0        125         20
  111      73         55         20      11550        120        292         20
  112      32        112        584          0         30        174         10
  113     142         35       6869          0        150        294         10
  114     131        123        786       5873         30        190         20
  115      78         74        443          0         60        140         10
  116       6         49       4040          0        120        231         10
  117      30         38         14       9754        120        254         20
  118     150         53       3160       1628        120        251         20
  119      34        136       1030          0          0        146         10
  120      80         70       1403          0        120        221         10
  121      65         12       3769          0          0         80         10
  122     168         49       2348      12652         90        168         20
  123      78          6       6345       6106        120        248         20
  124     192         64      11845          0        420        535         10
  125     117        100         13          0         30        160         10
  126      25        114       1651          0        150        221         10
  127      76        127       4385          0        330        405         10
  128       8         11       1860        996         60        162         20
  129     169        147         10          0         60        217         10
  130     111         85       2903          0        120        279         10
  131     185         44        233        984        150        256         20
  132      79         16      14945         55          0        154         20
  133      99        113        134          0         60        156         10
  134      91         65        268          0         90        204         10
  135      74        142       2500          0         30        161         10
  136     145         71       8935       1819        330        466         20
  137     100        116       1072          0          0        158         10
  138     185        103       2736       5906        210        287         20
  139      17         49       1940         15        120        213         20
  140     103         96         36          0         90        165         10
  141      67         94        266          0         30        128         10
  142     142        136       2434        856        180        240         20
  143      15         52        136       2360        150        242         20
  144     179        114       2024        197         60        211         20
  145      16         62       4458          0          0        103         10
  146      62         67       2332          0        360        441         10
  147      50         85      15000          0          0        125         10
  148      47        125        734          0          0        161         10
  149      38         73       1018        562        150        294         20
  150       7         18         66         20        150        265         20
  151      34        124       9338          0        120        284         10
  152      82         72       8065          0        120        265         10
  153     153         48        280          0         90        171         10
  154     163         77       6210       1909        210        272         20
  155     103         56       4371       2547        300        475         20
  156      70         51        396          0         60        228         10
  157      78         98       1310       2948         60        153         20
  158      26          9         90        686        120        243         20
  159      66         63        617        672        360        469         20
  160      13          8       1062          0        120        288         10
  161      31         13       1210       3648        180        277         20
  162     109         94      15000          0        300        463         10
  163      44         51        349          0          0         72         10
  164      21          7       1773       4886        120        222         20
  165      25         52       5079       2017        180        287         20
  166      85         74       3146        252        150        233         20
  167      27         76        563       7334          0        108         20
  168     104         55       4342          0        300        417         10
  169      43         16        992       1009        120        292         20
  170      19         52        984       5904         30        129         20
  171      51         47        233          0          0        102         10
  172      49        131       1598          0        120        186         10
  173      21         98       3613       6345        120        220         20
  174      69         22       7888       3483          0         63         20
  175     110         98         56       7374         90        178         20
  176      91         84       2130       1307        330        440         20
  177      33        155       6212          0        390        519         10
  178      10         51        613        348        120        259         20
  179     110         92       2702          0         60        221         10
  180      85         75       4920        383        120        220         20
  181     190         58       1529          0          0        199         10
  182     167         57       3868        200         60        201         20
  183     171         80        204        249         30        201         20
  184      99        144       1870        142         60        171         20
  185      22        149       4698         82         30        175         20
  186      89         57        445          0        120        277         10
  187     160         37         33       2088        120        246         20
  188     124         79         74          0        120        250         10
  189     132        136       5071          0        360        528         10
  190     148        128       1544       1286         30        200         20
  191      33         69         72          0          0        128         10
  192      48        154       1498          0        120        205         10
  193      74         95       1290        123         30        163         20
  194      39        139        147         13          0        163         20
  195      31        106        686          0         30        169         10
  196      98         46        101      14899          0         92         20
  197      34         33       6923          0          0         76         10
  198      71        131        146        655         90        198         20
  199     132         27        922          0          0        140         10
  200     153         42        610          0          0        148         10
  201      75         55         74          0        120        232         10
  202      62         17        162       2237        300        435         20
  203      26        127       4093          0         90        224         10
  204     164         90        344      14656        120        186         20
  205     137        103       1733          0         30        170         10
  206      68         86        211       5088         60        201         20
  207     143         31        112          0        300        434         10
  208     192         88         85          0        180        287         10
  209     119         11       2041          0          0        132         10
  210     102         93       2636       9336        180        295         20
  211     177         48         15          0          0        183         10
  212     103         55       7407        148        120        197         20
  213     140         94        300          0          0        162         10
  214      32        115       6757       1941        390        527         20
  215      74         63        354          0        210        277         10
  216      78         87      15000          0          0        144         10
  217      54          2        181         31          0        110         20
  218      50         93        396          0        150        258         10
  219      16         35         87      10255         30        115         20
  220     135         29       2789       1610         30        155         20
  221      97        144       8517        605        420        494         20
  222     177         74       2400      11095        120        187         20
  223      84         66        450          0        180        273         10
  224     159        127       2388       2516         60        201         20
  225      83         25        442       3136         30        159         20
  226      65         82       2552          0         90        170         10
  227      57        142       9688         26         90        170         20
  228      26        142       2365         31         30        168         20
  229      83         85       4875          0         30        133         10
  230     113        121        221         44        180        251         20
  231     117         97       9680          0        360        462         10
  232      76         76        191          0         60        220         10
  233      88        127       1988        553         60        149         20
  234      95         24        380        190          0        143         20
  235      42         16       2135          0        120        252         10
  236      55         67       2489          0        150        227         10
  237     135         37        820          0        120        284         10
  238      57         29       9626          0        120        190         10
  239      22         92         22        356          0        118         20
  240      28        122        563          0          0        135         10
  241      65         32        147         49        120        201         20
  242      24        109       1096        166        390        459         20
  243      77         42        512          0        120        271         10
  244     162        104       9484        514         60        195         20
  245     147         22       3684          0        300        434         10
  246     134        130       2799       3850        120        274         20
  247     125         79       1293       1492        300        410         20
  248     148        116        105          0        120        216         10
  249     108        151      15000          0        300        395         10
  250      99         64       1879          0         90        176         10
  251      30         42      11298          0        150        212         10
  252     121        120        603      14397         90        164         20
  253      19        124       6407        627        120        283         20
  254      11         48       8280       1094         90        192         20
  255      80         93       2005         32        120        197         20
  256      62        135       1240       2938         90        228         20
  257     113         38         34          0        390        525         10
  258     197         58       2012          0          0        192         10
  259       7         33       2495        190          0         98         20
  260     100         78        126          0        120        193         10
  261     105        126        525          0         60        171         10
  262      45         86       3936       3369         30        202         20
  263      98         53       1297          0          0        172         10
  264      53         45         31          0         30         95         10
  265      48         74       3945          0          0        110         10
  266     146         33       2113          0        150        246         10
  267      10        117       1817          0          0        149         10
  268     122        139        175          0        150        254         10
  269     134        122       1104          0        150        279         10
  270       8         81        232         34        120        191         20
  271      45         54       3180       6006         30        108         20
  272     120        109         22       1769         60        170         20
  273      73        123         13       8002         60        151         20
  274     168         96         60        818          0        194         20
  275     106         82       1920       3037          0        161         20
  276     198         93       5274          0         60        215         10
  277      10         15        283          0        120        283         10
  278     100         14        396          0        120        255         10
  279     112        112       8742          0        420        526         10
  280     170        137         53          0         60        216         10
  281      70        119       3059          0          0        148         10
  282     120        103      13520        261        120        229         20
  283     104         39        228          0          0        130         10
  284     101         20        428       1271        120        184         20
  285      24        114       1755          0          0        144         10
  286     185         59       3400       5639        120        206         20
  287     102         47         56          0         60        229         10
  288     152         56       2295          0        390        515         10
  289      35         26         19          0        120        224         10
  290     114         19         67          0         30        138         10
  291     137        143        188          0         60        189         10
  292     156         42        432         72        300        408         20
  293      41        145        831          0        120        245         10
  294     148         92       1711          0          0        173         10
  295     142         91       6861          0         90        256         10
  296     132        144       2415       2478        120        266         20
  297     192         92       5136          0        120        296         10
  298      52         63       3542          0          0         77         10
  299      53         38       1377        666        450        529         20
  300     140        104         98          0         90        171         10
  301     117        145       1686          0        180        294         10
  302     162        118       1709          0          0        199         10
  303     161         36      14657        343        390        502         20
  304      80         11       1799          0        360        524         10
  305      65         79         29       9866        330        493         20
  306      53         65         70          0         60        199         10
  307      21         40         48          0        120        196         10
  308      28         34      13589          0          0        135         10
  309      10         44       9023       1791        390        461         20
  310     114         56       8362          0         30        201         10
  311     121        147       1605          0        150        260         10
  312     158         75       1639       1839         60        206         20
  313      86         81       2386       1256        120        232         20
  314      11         34        715       1709          0        163         20
  315      76         16       1247          0        120        222         10
  316     158         73       3051          0        360        466         10
  317      92         65        223          0         30        202         10
  318     120        116       7832          0          0        178         10
  319      70        126        143          0         60        170         10
  320     172        108        183          0         30        202         10
  321     160        101       2010          0          0        176         10
  322     146         92         82         74        180        250         20
  323     134         73       1174       5745         30        143         20
  324     153        122      15000          0        210        288         10
  325     198         86        192          0         60        212         10
  326     148         47       1791       3160        150        259         20
  327     125        103        998       2362        150        279         20
  328      72          3       5874       5907        120        259         20
  329      99         80       8000          0          0        164         10
  330      86         80        127        211         30        172         20
  331     153        148       3786          0         60        219         10
  332     198         85        594          0        120        288         10
  333     148         23       5155          0        450        515         10
  334      90         73        264        575         30        147         20
  335      28         74        178          0         30        198         10
  336      18         22        690        281        150        232         20
  337     139        104        363       3213        120        213         20
  338      76         94         44       1776         60        198         20
  339      37        100       2569          0        120        286         10
  340     159         43       5669       1990        360        466         20
  341      48         83       2181       2064        120        233         20
  342     109         98       2338       2432        120        246         20
  343     100         67      12718          0          0        141         10
  344     119         55         96       1895         90        199         20
  345      34        137       5813         74        300        434         20
  346     152        110       1356          0         90        230         10
  347      62         45       1457       1225        300        410         20
  348     110         49      13648          0          0        111         10
  349      42         62         51          0         60        172         10
  350     108         38       1775          0         30        193         10
  351      71         91        672        305          0        125         20
  352     123         53        829       9903        180        246         20
  353      67         87       3590          0         90        258         10
  354      42         14       2710          0         90        230         10
  355     141         70        269         12        330        458         20
  356      19         13        108          0         90        247         10
  357     150         70       3899        511        300        469         20
  358      86        140       4314          0        300        416         10
  359      35         63       1931          0          0        100         10
  360      37         15       3805        746        420        522         20
  361      23         93       3399          0         60        129         10
  362      36         20       2287        292        120        282         20
  363      76         44        296        171        120        283         20
  364     178         62       2706          0         30        195         10
  365      14        122        684          0        330        435         10
  366      17        119        170       2379        150        279         20
  367     111         65       3524       6652        360        492         20
  368      56         51       3668         21        150        258         20
  369     126        111       9991       3234        180        256         20
  370      30         45         17       1526        150        277         20
  371      80         64        665         95          0         97         20
  372     135        136         22        397        120        289         20
  373      85         61       8938          0        330        460         10
  374      70         55       3033       1094          0        112         20
  375     121         85        191        147        360        438         20
  376      51        115        567       3605         30        192         20
  377     114         48       4493          0        330        462         10
  378      90        124        108        137        210        285         20
  379     137         70       3093        941          0        175         20
  380      97         24       2089          0        120        250         10
  381     174         67       3596          0         30        195         10
  382     145        124        149          0          0        191         10
  383     194         97        122          0          0        214         10
  384     151        123       9812       5188        360        535         20
  385      45        147         86       1572         60        228         20
  386     176         52       2360          0        300        472         10
  387     151         49       6368          0          0        160         10
  388     103        127       4593       2410         60        157         20
  389     101         81        196          0         60        224         10
  390     133        100       3751       1524        390        527         20
  391      32        100        150       6079        150        220         20
  392     163        118       1518        345        150        220         20
  393     174         99       2160        447          0        203         20
  394      23        118       6397          0         60        201         10
  395     137         37       1924          0          0        147         10
  396     158         24       5374          0          0        166         10
  397       3         94       4474          0        330        402         10
  398     120        117       2765          0         30        158         10
  399      59        134        864          0        120        196         10
  400      61         63        183          0         30        140         10
