400_366

CUSTOMER  VEHICLE
NUMBER	  NUMBER     CAPACITY    DispatchingCost
    400     500          40000       100

CUSTOMER
CUST NO.  XCOORD.   YCOORD.   DDEMAND   PDEMAND   READY TIME  DUE TIME   SERVICE TIME

    0      41         23          0          0          0        960          0
    1     115         90       8548         88        150        286         20
    2      23        141        982          0          0        156         10
    3      92         65        223          0         30        202         10
    4     109        146       4850       6304         60        190         20
    5     174         99       2160        447          0        203         20
    6      95         90        390       1647        120        235         20
    7      82         56        213          0          0        102         10
    8     148         47       1791       3160        150        259         20
    9     194         97        122          0          0        214         10
   10      33         64       1687       1516        120        268         20
   11     100         73         96          0        150        256         10
   12     133        100       2576          0        390        459         10
   13     145         71       8935       1819        330        466         20
   14      36        146       6099        397        300        473         20
   15     145         69       2080       4330        420        492         20
   16     146        129       4764       1829         90        203         20
   17      55         65        330       1770        120        285         20
   18     151         77         87          0          0        160         10
   19      31         40      14657        343        330        433         20
   20      96         86        212        673        120        288         20
   21     170         82       1975       9336         90        250         20
   22     121        142       1557      13443        120        242         20
   23     106         81       2116          0          0        128         10
   24      77        132       1221          0         30        200         10
   25     149         34       3794          0        360        424         10
   26     102         47         56          0         60        229         10
   27     158         24       8394        614        120        284         20
   28      95         66        237        525         30        185         20
   29     125         29      15000          0        150        295         10
   30     112        138      13644       1356        120        250         20
   31      90         47       2146          0        120        281         10
   32      42        107         23       3646         90        236         20
   33      98        122       2150          0        330        463         10
   34      45         79       1104          0        150        227         10
   35     171         74       1026       6737        180        290         20
   36      37         14        894          0        120        259         10
   37     142        126       1391       1528         60        227         20
   38      17         18         15        664          0        102         20
   39      30        106         40      11057        180        280         20
   40      66        117       1096          0        150        231         10
   41     176         52       2360          0        300        472         10
   42     148         30       1881       2382         90        218         20
   43     174         54       2139          0          0        172         10
   44      32         74        960       1273        120        220         20
   45      17         36        277          0         30        157         10
   46      26        126        346        593         60        190         20
   47     186        107       1747          0          0        221         10
   48     169         76       4559         30        150        249         20
   49      81          8       1604          0          0        135         10
   50      61         30       2067       6210          0         72         20
   51      73         89       1815       1071        210        282         20
   52     102         87       2047        179        120        259         20
   53      53         45         31          0         30         95         10
   54       6         26       3038       1970          0         96         20
   55      56        103        152       9040          0        124         20
   56      29         38       2338        449          0        138         20
   57     178        101         14          0        180        250         10
   58     120        129       2763          0        180        256         10
   59      69         51       7005       1959        120        239         20
   60     109         29       6576       2690          0        161         20
   61      48          5       1638       4183        450        526         20
   62      67         95       1760        192        120        213         20
   63     148         92       1711          0          0        173         10
   64      71        107       3481          0         30        188         10
   65     168         75       7179       1173         90        236         20
   66     153        115       1624          0          0        184         10
   67     102         27         33       2085          0         98         20
   68      35        109       2089          0        120        225         10
   69      57        145        202       3076          0        168         20
   70     163         99       6623         76          0        186         20
   71      48         47         97          0          0        132         10
   72      67         91       2857       4092         30        203         20
   73      10        116       1261          0          0        149         10
   74     155         27       3282          0         30        205         10
   75      23        110        406          0        300        412         10
   76      96         82       1738          0          0        137         10
   77     122         83       2054          0        180        253         10
   78      27         46        210         59        120        204         20
   79       1         19       7206          0        420        524         10
   80     167         47       2384          0         60        205         10
   81      17         21        194       1014         30        154         20
   82     115         81       2084          0          0        142         10
   83     108        151      15000          0        300        395         10
   84      78         84       1819         76         90        260         20
   85     111         54         13        436          0        168         20
   86      63         48         62      13911         30        155         20
   87     112         36         57          0        120        266         10
   88     121        143       4376          0        330        471         10
   89     103         55         62          0          0        142         10
   90      80         93       2005         32        120        197         20
   91      35          8       1992       2702        120        286         20
   92     195         59        736          0         60        200         10
   93      21        101       3626       2067        360        423         20
   94     104         91         86          0         60        220         10
   95     142         59        291          0         30        172         10
   96      87        101         84        149         60        127         20
   97      37         72       6072       2024        150        287         20
   98     117         97       9680          0        360        462         10
   99     117        145       2555       2247        180        282         20
  100     109         75       1710        193         30        155         20
  101      10         44       9023       1791        390        461         20
  102     128         71         92          0        120        292         10
  103      55        116       3785          0        150        257         10
  104     194         94        300          0          0        216         10
  105      70         76         19      11041          0        104         20
  106      90         74       1490          0          0        111         10
  107      91         70        147        589          0        143         20
  108      22        129       4578          0        210        292         10
  109      15         10        239          0         30        168         10
  110     104        109       3716          0         60        233         10
  111     131        123        786       5873         30        190         20
  112      80         11      15000          0          0         73         10
  113      51        114       3536       5974         60        194         20
  114      30         43         37          0        120        253         10
  115      42         62         51          0         60        172         10
  116      88         16        700          0          0         96         10
  117      51         47       3775       1544          0        159         20
  118      95         38        433          0          0        100         10
  119      55         47       1590       1646         30        158         20
  120     187         54       3502          0          0        189         10
  121       4         23       1989          0        150        244         10
  122      81         75       2086          0         60        174         10
  123     142         19       5356          0        330        423         10
  124     114         56       8362          0         30        201         10
  125     107         70       6738          0        360        463         10
  126      32         83       1242       5845        120        219         20
  127      41         73         30          0        300        443         10
  128      36        153        203        144        390        475         20
  129     120         33       9977          0        390        496         10
  130      34         33         57          0         30        165         10
  131     150        131       1010          0        180        250         10
  132      29        110       1016         30         60        157         20
  133      88         54       1037       7180          0        101         20
  134      36        143       1200          0         60        213         10
  135      97         58      13022       1978        330        415         20
  136      33         69         72          0          0        128         10
  137      85        102      11109          0          0        122         10
  138      41         23       1777          0        120        288         10
  139     163         65       2020          0          0        177         10
  140      55         11        984          0        360        470         10
  141      63         90        106         72        150        283         20
  142     197         87        781       2435        300        467         20
  143     180         95         29          0        300        423         10
  144     146         92         82         74        180        250         20
  145     111         67      14177        823        120        256         20
  146      83         86         89          0         90        182         10
  147      63         52        656          0        150        284         10
  148     132         43       7489          0          0        166         10
  149      74        140        108          0        150        277         10
  150     110        119       4225          0        180        249         10
  151      73         96        423          0        120        197         10
  152     134         73        233        192          0        162         20
  153      86         99       2432          0          0        165         10
  154      21         78      12793       2207        120        225         20
  155     142        131       1682          0        120        180         10
  156       8         43         94      14906         60        198         20
  157     106         55       4592          0        120        293         10
  158     120        117       2765          0         30        158         10
  159     142         91       6861          0         90        256         10
  160      40        112      13471          0        120        186         10
  161      96        118        111          0         30        172         10
  162     179         67         70       3422        180        263         20
  163     172         43        183          0         90        186         10
  164     122        109       1098       3238        180        286         20
  165     198         86        192          0         60        212         10
  166     167         57       1475          0         60        181         10
  167      30        155       1745       2364        120        269         20
  168      35        124       2695          0        120        189         10
  169      17         49       1940         15        120        213         20
  170     145        124        149          0          0        191         10
  171      47        133      11397          0        120        249         10
  172     101        117        637       2111         60        233         20
  173     118        100        337          0         60        214         10
  174      38         24       4771       7888          0        169         20
  175     178         62       1822          0        390        529         10
  176      50          1        768        190        120        235         20
  177     178        117       2568          0          0        209         10
  178      42        127       2066      12934        120        248         20
  179      99         37        108       1210        120        283         20
  180     155         74        180          0          0        170         10
  181     126         66        123          0         90        222         10
  182     186         74      10924          0        300        457         10
  183     171         66       1122       7730         30        191         20
  184     137        103       2176       7889        150        249         20
  185      77        120         22          0         90        230         10
  186      93         84       3602          0        120        227         10
  187     137        143        188          0         60        189         10
  188     114         80        646          0        150        224         10
  189     188         83      14970         30         30        210         20
  190      48        129       2502        151          0        169         20
  191      73         55         20      11550        120        292         20
  192     119         45       1008        697          0        129         20
  193      57         29       9626          0        120        190         10
  194      25         52       5079       2017        180        287         20
  195     187         93      13543       1457        300        436         20
  196      36        106       1722       6296        360        463         20
  197      32        100       2565          0        150        222         10
  198     122         30       1750         48        120        247         20
  199      99        108         52        832         30        152         20
  200       8         10        216       2069        150        286         20
  201     134        122        950          0        120        295         10
  202      28         14        537          0        120        194         10
  203     111         83        937          0        420        533         10
  204      88        103       3713          0        180        260         10
  205     179        114       2024        197         60        211         20
  206     148         46         70          0         30        160         10
  207     108         46         98          0        120        202         10
  208      97         24       2089          0        120        250         10
  209     143        112       2682        236        360        469         20
  210      62         45       1457       1225        300        410         20
  211      59         14       5199       2975        120        282         20
  212     110        134         18          0        120        254         10
  213     155         88         83        748         90        186         20
  214      86         76        670          0          0        120         10
  215     151        109        891          0         60        201         10
  216     192         65       1092          0        120        237         10
  217      88         87         35       5653        180        289         20
  218      86        102        615       2112        150        285         20
  219     121         81       1570          0         90        223         10
  220     115         83       7608          0         60        160         10
  221     158        142        156        107          0        211         20
  222     157         59         52          0         90        166         10
  223      64        119        103      14897         60        155         20
  224     108        105       5644          0         60        163         10
  225     175        124         14        181        120        215         20
  226     190         58        154       2544         30        204         20
  227     139        104       1682          0        300        407         10
  228     186         73         74          0         60        190         10
  229      92         84       1940       2028        420        522         20
  230      32        112        584          0         30        174         10
  231     151         22       1517          0         30        160         10
  232      72         39         16          0        120        231         10
  233     174         67        189         91        120        201         20
  234     198         79       3403          0         60        222         10
  235      39         96        594          0        390        498         10
  236      34        142        432        389          0        171         20
  237      38         32        545        109          0        165         20
  238      96         79       3055          0         30        208         10
  239     123         54        288         45         60        232         20
  240     153         27       4494       1051          0        153         20
  241     194         72       2010       1000        180        292         20
  242      53         57        538         68          0         75         20
  243     176        126       5559          0          0        216         10
  244      13         84        171       3282        360        473         20
  245     132         27         14          0         90        192         10
  246      84         85        648          0          0        141         10
  247      22         91        197          0        180        281         10
  248      62         56         21          0          0        155         10
  249      12         16        690          0        150        288         10
  250      18         37         47         17        120        254         20
  251      33        137       1169          9        150        263         20
  252     121        120       1864          0          0        166         10
  253     173         85       4842        248         60        183         20
  254      45        126         61          0          0        154         10
  255      87          8        240          0        120        260         10
  256      90         87       2773       3791        390        530         20
  257     160        131         29          0        180        290         10
  258      55        102         15          0          0        129         10
  259     139         70       9240       2162         30        201         20
  260      34        136       6807        100          0        156         20
  261     126        133       1838          0        330        431         10
  262     116         65       2686         62          0        140         20
  263      44        133        690        106        150        216         20
  264      73         81        256          0          0        157         10
  265     186         83         22       9806          0        202         20
  266      85         52         67          0        120        248         10
  267     152         56       2295          0        390        515         10
  268      42         52       1613       2243          0        127         20
  269     141        103       2428          0          0        171         10
  270      61         49       1613       5466        120        195         20
  271       8         46       1713          0        180        266         10
  272     150         81         97        351        180        289         20
  273     132         44       1508          0         60        221         10
  274     169         49       4252          0        300        436         10
  275      21         12        104          0          0        146         10
  276     183         89        248          0          0        193         10
  277      39         33        673        169        420        497         20
  278      83         85        300       4834         90        174         20
  279      96         36        517       1205         90        264         20
  280     146         56        260          0         30        161         10
  281     107        138        472       3161         60        208         20
  282      81         11       1613          0        120        234         10
  283     152        146        250          0        390        470         10
  284     195         84       2484          0         60        218         10
  285     100         23        730          0          0        133         10
  286     118         67        576          0         60        167         10
  287     115         31      12292         35        120        289         20
  288     124         79         15          0          0        145         10
  289     175         51       9905        298        300        435         20
  290      29         11       8445          0        390        470         10
  291      56         19       4992       2542          0        140         20
  292      25         72         97       1414         60        171         20
  293      18         29       2400         69        120        230         20
  294      66        109       1110          0        180        246         10
  295     151        143        783         35        150        291         20
  296     152         75       1838       1919        120        224         20
  297      81        134       1348         82         60        155         20
  298     150         49         57       2075          0        162         20
  299      88         67       3417        697        390        526         20
  300      26        121       3377          0          0        143         10
  301     108         42       1538       3504        120        271         20
  302     111         35       4771       2527        360        476         20
  303      95         87         33          0         30        133         10
  304     106         84        841       1474         60        133         20
  305      58         21        451          0          0        174         10
  306      44         47        202       1940          0         74         20
  307     106         68       1741       8171        150        275         20
  308     105        152         77       1742        180        292         20
  309     126        132       1749       1716         60        228         20
  310      97        144       8517        605        420        494         20
  311     161         87       1361          0          0        184         10
  312      97         68       2799          0        120        211         10
  313     162        117       3616          0        210        281         10
  314      34         67      10530        127        120        294         20
  315     118         94        325       1706         60        162         20
  316     115         64       2545          0        150        292         10
  317      42         23       4798          0         30        113         10
  318      47        137         33          0        120        298         10
  319      62         76       3624        766        150        236         20
  320      31        142       5368       2559        390        470         20
  321      23         93       3399          0         60        129         10
  322     138         37      14957         43        120        277         20
  323      52         62       8107       3808          0         77         20
  324     198         85       1522        586        120        259         20
  325      93         68       2220          0        120        273         10
  326     131         89       1708          0         30        159         10
  327     125        103        101       1261         90        233         20
  328      28         81       4333          0         30        135         10
  329     110         92       2702          0         60        221         10
  330     154        105       2750         12        180        285         20
  331     104         68        144         74          0        133         20
  332      78         32       3212          0          0        116         10
  333     159         75       7375          0        330        468         10
  334      49         84       1083          0         60        138         10
  335      94        103       1518        686        120        260         20
  336      12         98       1233          0         90        246         10
  337      10         15       1552          0          0        100         10
  338     197         70         83          0         60        208         10
  339      48         56       1950          0          0        162         10
  340      66        119       1551          0        150        227         10
  341      52         46       4320       2221        120        249         20
  342     119         55        124       5274          0        136         20
  343      98         46      15000          0        120        277         10
  344      54         96         16          0        120        248         10
  345      54        104        126        152        120        258         20
  346     168        139         35        643        120        278         20
  347     146         40         17          0        180        247         10
  348      95         18        146       1667         30        129         20
  349     129         71       1103          0        360        501         10
  350     168        140        643          0        360        454         10
  351      60         13        324          0          0        103         10
  352     177         48        264          0        120        283         10
  353     152         91        170          0        120        197         10
  354     115         96       2703          0        120        281         10
  355      64         44       1869          0          0        133         10
  356     150        127       3450         58         90        181         20
  357     137         38        404       1879        120        217         20
  358      88         71         70       1644        420        487         20
  359     111         25       1110          0        120        236         10
  360      19         52       1360          0          0        166         10
  361      47         62        621       3243        120        279         20
  362     132        144       4836        131        300        401         20
  363       7         28       1609          0        180        298         10
  364      51        134         14          0        120        275         10
  365      63        150       1004       1465        120        232         20
  366     131         44        310          0        120        188         10
  367      53         65        288        392        120        249         20
  368      85        135        377          0        120        220         10
  369     112         47        105         93        180        265         20
  370     152        110       6086         34        180        248         20
  371     107         61        197          0         90        251         10
  372     139         66       7243       6474        300        410         20
  373     186        106         84          0        120        211         10
  374       7         97       4446       3145         90        255         20
  375     107         85         75       5377         60        132         20
  376      66         63        237        665          0        160         20
  377     128         97        756       7047        330        403         20
  378      40        149       1451       3623          0        182         20
  379     115         61         14          0         60        166         10
  380      33         70         85          0          0        121         10
  381      73         83         28          0          0        139         10
  382      86         80        127        211         30        172         20
  383     127        133        733          0          0        181         10
  384      29         24       3492        215        300        427         20
  385      60         49       1543         90         30        166         20
  386     185         59      14193        807        420        517         20
  387      28         74        252          0         90        172         10
  388     127         53       1804          0        120        225         10
  389     132         62        422          0        120        291         10
  390     154         39       2164          0          0        164         10
  391     125         88         46       2162        300        441         20
  392      89         56       1257          0         30        139         10
  393     137        145        199      11844        120        246         20
  394     122         40         14          0        150        289         10
  395     183         60       1659          0        210        281         10
  396      85         83       6623          0          0        111         10
  397     100        116       1072          0          0        158         10
  398     138         99       1838          0        150        245         10
  399     121         66       2282       3179        150        259         20
  400      69         90       1998          0         30        196         10
