400_371

CUSTOMER  VEHICLE
NUMBER	  NUMBER     CAPACITY    DispatchingCost
    400     500          40000       100

CUSTOMER
CUST NO.  XCOORD.   YCOORD.   DDEMAND   PDEMAND   READY TIME  DUE TIME   SERVICE TIME

    0      41         23          0          0          0        960          0
    1      27        127       6599          0        300        414         10
    2     185         56        943       2538        300        477         20
    3      48        151       1789         40        330        460         20
    4     121        142       1553          0        120        205         10
    5      53         65        434         10          0        103         20
    6     166         88       5588          0         30        195         10
    7     182        107         65        399          0        206         20
    8      79        101        403        306        120        259         20
    9      96         68        840          0          0        137         10
   10      89         60       1136          0        420        513         10
   11      73         92       5409        719         60        236         20
   12       8         43         94      14906         60        198         20
   13     154         31        178       7866        180        251         20
   14     122         77        442        345        120        188         20
   15      34        136         68          0        120        204         10
   16      45         79       2851          0        120        212         10
   17      46         52        105          0          0        172         10
   18      51         80         35          0         90        216         10
   19      87         81        949          0        360        471         10
   20      38         73         30          0          0        110         10
   21     120        124       6209          0         60        223         10
   22     160        118       6111       1029         90        224         20
   23      75        130        263          0         60        165         10
   24     149        141         90          0         60        199         10
   25     154         25         16        113        120        191         20
   26     179         72         30         54         60        190         20
   27     131        104       6827          0        330        469         10
   28      81         11       1613          0        120        234         10
   29     186         83       3419       8738         60        216         20
   30     112         36         58          0          0        143         10
   31     150        140         35          0        120        296         10
   32     151        120       5130        484          0        198         20
   33     126         73       5113          0         30        168         10
   34      29         24       3492        215        300        427         20
   35      70        126        143          0         60        170         10
   36      55        104        169       1793         30        190         20
   37     109         64       2257       7680         60        153         20
   38      64         44       1799       6800        120        218         20
   39      90        119       1869       9807        360        431         20
   40       1         17         29       1669         60        230         20
   41      77        153       1501          0         30        174         10
   42     127         93       3266          0         30        163         10
   43      45        147         86       1572         60        228         20
   44     102        114         11          0        330        432         10
   45     134         73       1174       5745         30        143         20
   46      37        100       1221       2447        330        467         20
   47      22         15         90          0         30        174         10
   48      19         90        912          0        180        252         10
   49      57         29       1752          0        120        228         10
   50       7         32         14          0        120        230         10
   51      34        124       9338          0        120        284         10
   52     123        124       6744          0        330        442         10
   53     154        105       2750         12        180        285         20
   54     151        109        891          0         60        201         10
   55      17        119        170       2379        150        279         20
   56     147         94       1976          0        120        251         10
   57      14        122        684          0        330        435         10
   58     173        111       5692          0        420        498         10
   59     154         27        443          0        300        426         10
   60      55         91        348       2453        180        289         20
   61     121         91      14100        900        180        286         20
   62     120         33       9977          0        390        496         10
   63      74        140        108          0        150        277         10
   64     132         48        526         24          0        134         20
   65     132         33       6846       1613        360        460         20
   66     101        117       2024         28          0        151         20
   67      88         63       5628          0        300        404         10
   68     105         79       1959          0        180        242         10
   69     153        122        284       3327         90        200         20
   70       7         33       2495        190          0         98         20
   71      56        103        152       9040          0        124         20
   72     103         55         62          0          0        142         10
   73     130         46       1352       1010        180        275         20
   74     148         32      10754       1881         30        164         20
   75      78          7       1210        450         30        145         20
   76      29         38       2338        449          0        138         20
   77     143         31       4301          0        120        231         10
   78      63         90        106         72        150        283         20
   79     125        103        998       2362        150        279         20
   80      84         78       2544          0         60        190         10
   81      13         12       1157       1527          0        129         20
   82     138        106       3816       2415         90        163         20
   83     108         38       1929       1123        120        204         20
   84     135         78      15000          0        300        404         10
   85     164         45        514          0         30        193         10
   86     192         88         85          0        180        287         10
   87     124        136        994          0         60        188         10
   88     152         56       2295          0        390        515         10
   89     168        140        643          0        360        454         10
   90     147         38       1937         50         90        223         20
   91     107         93       2516        758        360        430         20
   92      77         20        347          0        150        286         10
   93     148         92      15000          0        120        186         10
   94      93         68       2493          0         30        147         10
   95      41         23       1777          0        120        288         10
   96      63         48         62      13911         30        155         20
   97      79        122       3671          0        180        260         10
   98     125         29      15000          0        150        295         10
   99     119         45       1008        697          0        129         20
  100      56        114        587       1940          0        136         20
  101      90         28       4659          0          0        102         10
  102     117         79       4099        671        330        475         20
  103     167         35         91        384          0        172         20
  104     115         31       1754          0        120        245         10
  105     109         94      15000          0        300        463         10
  106      61         49       1613       5466        120        195         20
  107      12         15       1272          0         90        189         10
  108     132         62       4261          0          0        136         10
  109     172        113       2392          0         30        196         10
  110      21         23        210          0          0        167         10
  111     148         30       5837       1870         90        163         20
  112      56         51         13        699        150        280         20
  113     142        131       1723        563        330        459         20
  114      57         91        215          0        120        253         10
  115     103        127        110        439         60        169         20
  116      15         81       1625          0        180        276         10
  117      69          1        665       4247          0        134         20
  118      73         43         75       1067        120        284         20
  119      54          2        181         31          0        110         20
  120     131         83        315       1751         90        220         20
  121      25        117       5161       1943        330        486         20
  122     100         19        427       5297        120        227         20
  123     181         42       4565       2636          0        180         20
  124      56         10        115       1992          0        135         20
  125     144         54       1416       1838          0        147         20
  126     115         96       3288          0        150        214         10
  127      81          8       1000        363        300        394         20
  128      76         31        364          0        330        409         10
  129      41         70         30       1036        120        248         20
  130      78         35       6575          0        120        185         10
  131      23         93       3399          0         60        129         10
  132     118        100       3564          0        360        465         10
  133      57        142       9688         26         90        170         20
  134     142        102       4128       3302         60        184         20
  135     121         81       1570          0         90        223         10
  136     181         68       1149          0         90        185         10
  137      62        154       5309          0        180        273         10
  138     107         70        222          0         60        140         10
  139     136         72       1950         36        120        293         20
  140     146        141         94       2659         60        199         20
  141     116         83        550       1777         30        197         20
  142     172        108         11       7575        120        286         20
  143     155         35         78          0         30        161         10
  144     120         62      15000          0          0        143         10
  145     131         51       2121          0        120        236         10
  146     170         65      14449          0         30        177         10
  147      60         79       4537       1655        300        430         20
  148      11         17        198       1008         30        133         20
  149      91         12       8584          0        300        465         10
  150     148         94       7866          0        450        539         10
  151     150        127        252        112         90        253         20
  152      95         38      10533          0        300        398         10
  153      90         92         15          0        120        228         10
  154     176        126       5559          0          0        216         10
  155     163        111       1648       5955        120        258         20
  156      60         60        208        908        120        192         20
  157     110        128        190       2028          0        168         20
  158     100         84       2429          0          0        123         10
  159      65        134        847        877        120        230         20
  160     158         33       1537          0         90        160         10
  161     108         18      11093        260        330        468         20
  162      36         79         86        212        450        517         20
  163      59         14       2558         67        120        248         20
  164     153         27        132       1985        120        191         20
  165       4         23        236        920        120        223         20
  166      41        145        831          0        120        245         10
  167      83         25       2025         40          0        157         20
  168     103        128       4840       1094        120        294         20
  169     117         42       1478        505          0        131         20
  170     154         39       1879          0        300        404         10
  171      78          6       6345       6106        120        248         20
  172     129         89         81         14         30        162         20
  173     121         66       2282       3179        150        259         20
  174      85         75        110          0          0        115         10
  175     102         27       6474       2134          0         95         20
  176     168        139         35        643        120        278         20
  177     153         42        610          0          0        148         10
  178     137         49       5760          0        450        529         10
  179      26        127        117       1919        330        435         20
  180      26          9        681          0        120        261         10
  181      81        139        847          0         90        196         10
  182      74         95       5497       2199          0        125         20
  183     198         86       2360       2542         30        214         20
  184     176         46       2784        182         90        183         20
  185      33        131       2198        336        150        232         20
  186      80         46         81          0          0        102         10
  187     174         54       1034          0        180        264         10
  188      80         11       1799          0        360        524         10
  189     132         44       3422          0        210        282         10
  190      82         72       2382        526         30        199         20
  191     148        126       1520          0         60        194         10
  192      77        120         22          0         90        230         10
  193     106         68       1741       8171        150        275         20
  194     194         82       4993         99         60        206         20
  195     168        109       2850      11299        180        286         20
  196     113         71       2990          0        180        265         10
  197      97         86       4135      10865          0        154         20
  198     123         67       3124       2437         60        203         20
  199      11         34        715       1709          0        163         20
  200     131         32       5051        306          0        134         20
  201     176         52       2360          0        300        472         10
  202     120        117       6626       6368        420        525         20
  203     187         93      13543       1457        300        436         20
  204      34         65       3800          0        420        522         10
  205      62         76       9568          0        300        429         10
  206      34         67      10530        127        120        294         20
  207      30         42      11298          0        150        212         10
  208      46         50        234       4176        120        284         20
  209     180         65        672         19        150        279         20
  210     149         34       3794          0        360        424         10
  211      90         47       2146          0        120        281         10
  212     119         55         96       1895         90        199         20
  213       9         49         10       1737        120        191         20
  214      63         52        656          0        150        284         10
  215      97         24        618        175          0        144         20
  216      51         47        233          0          0        102         10
  217      85         45        667          0        120        203         10
  218     140        109      11467        576        120        248         20
  219      95         84       3079          0         90        213         10
  220      51        150         20        746          0        173         20
  221     170        137         53          0         60        216         10
  222     162        118       1841          0        180        255         10
  223      85         71        857       3492         30        142         20
  224      62         56         40        248        120        258         20
  225     132        121        147          0        150        259         10
  226      45         61       1970        147        120        198         20
  227     105         68      10387        223        120        288         20
  228      21          7       7043        123          0        161         20
  229      34         63        152          0         60        225         10
  230     181         73      15000          0        120        257         10
  231      62         17        162       2237        300        435         20
  232      85        102      11109          0          0        122         10
  233     125         79       1293       1492        300        410         20
  234     106        125        110          0        150        229         10
  235      70         55       4856        199        120        229         20
  236      70         72       2975          0        120        253         10
  237      20         39       2089       5003        150        253         20
  238     142        124        720         23        120        254         20
  239      53         70        502          0         60        153         10
  240      44         49       7334          0        360        431         10
  241     133        102       3993          0         30        171         10
  242      87         53       8945          0        360        525         10
  243      35        150        232          0         90        206         10
  244     195         59        736          0         60        200         10
  245      93         94       1154        595         60        127         20
  246     168         49       2348      12652         90        168         20
  247     168         75       4492        515          0        183         20
  248      30         43       2209          0        120        293         10
  249     142         28       3591          0        420        531         10
  250     143        112       2682        236        360        469         20
  251     163         99        102          0        120        257         10
  252     159         43       5669       1990        360        466         20
  253     122         30       1750         48        120        247         20
  254      80         48        156          0          0        141         10
  255     141         45       1895          0        120        261         10
  256     146         92         82         74        180        250         20
  257      73        157       1944          0        180        263         10
  258      66         86       3604          0         90        173         10
  259     117         35        497       2383          0        120         20
  260      98         69       1568          0        120        256         10
  261     169        146       7197          0        360        435         10
  262     175         62        476          0         90        181         10
  263      98         10        165          0          0        133         10
  264      32        112       1854          0        120        208         10
  265     127        105       2583          0         90        247         10
  266     109         29       6576       2690          0        161         20
  267     114         77         11        615         30        170         20
  268      80         64        414          0          0         99         10
  269     128         71         92          0        120        292         10
  270      89         84         46       1461         60        169         20
  271      74        120       4007          0        420        502         10
  272     160         77       1715          0          0        183         10
  273      15         36       1121          0        210        276         10
  274      77        132       2764          0        120        257         10
  275      79          7       2256          0        120        196         10
  276      76        127      10466       2582        120        187         20
  277     185         59      14193        807        420        517         20
  278      39        107       3078       1042          0        129         20
  279     151         77       4561       1854         90        228         20
  280      39         48       1791       1043          0        125         20
  281      75         34        803       5376        120        253         20
  282      57         94       1994          0        390        490         10
  283     108         46         98          0        120        202         10
  284      28         10        181        583        120        276         20
  285      48         74       3945          0          0        110         10
  286      71        129         13        101        120        184         20
  287     191         57       1758       2206         90        201         20
  288      34        106        384        417          0        148         20
  289     106         84        841       1474         60        133         20
  290     111         25       1110          0        120        236         10
  291     108        137        182       1571        180        286         20
  292      29        130        127          0        120        295         10
  293     186        107       2703       5379         90        246         20
  294      77         44       4410          0          0        128         10
  295      45         86       2250          0        330        433         10
  296      66         71       7810       7190          0        103         20
  297     111         54       3504          0          0        113         10
  298     148        128       2169          0          0        198         10
  299      86         80        437        941         90        230         20
  300     117         97       9680          0        360        462         10
  301     112         20       8802          0        360        539         10
  302     172         77      11057       1016        300        402         20
  303      20         78       3380      11620         90        171         20
  304      70         51        396          0         60        228         10
  305      59         81        835          0        120        188         10
  306      55         65        330       1770        120        285         20
  307     101         85       1800          0          0        127         10
  308      10         51        117          0        150        296         10
  309     183         60       1659          0        210        281         10
  310     103         96        112       9040        150        289         20
  311     176         59        200       2283        150        254         20
  312     163         65       2020          0          0        177         10
  313     108         21       1251       1015          0        118         20
  314     151        107      12718         82        330        454         20
  315     141        103         49       1836          0        171         20
  316      49        148        772          0          0        161         10
  317      29        131       1225       2550        300        396         20
  318     120         78         82         76         60        144         20
  319      56         19       4992       2542          0        140         20
  320      66         63        617        672        360        469         20
  321      44         47        202       1940          0         74         20
  322      50          1        768        190        120        235         20
  323      60         10       1505          0          0        177         10
  324     131        123       4519          0         60        194         10
  325      26        126       3808       1708        180        277         20
  326      23        102        617       2432        390        464         20
  327      75        156        695       5746         60        199         20
  328      49         43       6547          0          0         81         10
  329     194         80       1352          0          0        205         10
  330     108         42      11329          0          0        109         10
  331     123         72        941       1885         60        196         20
  332     170        118       1758          0        390        454         10
  333      40        112       1854          0        390        460         10
  334     124         79         74          0        120        250         10
  335     111         70       2613       8002        120        181         20
  336     123         53        829       9903        180        246         20
  337      81         56        315          0        120        199         10
  338      45         49       5376       2860          0        133         20
  339     102        120       1840          0         90        252         10
  340     171         74        200          0        120        283         10
  341      62        151         60          0        180        264         10
  342      96         81       6831          0        120        198         10
  343      63         20        614          0        120        226         10
  344     188         79        566        126          0        216         20
  345      97        113      10426         61         30        166         20
  346      64        137       1077       1708        360        530         20
  347      79        130       3610          0         90        248         10
  348      34        147       1520       1641         60        171         20
  349     150         53       3160       1628        120        251         20
  350      58         88       1900          0        150        271         10
  351      60        118       7904       5162         60        141         20
  352      25         72       2345       2128        150        294         20
  353      71        131        146        655         90        198         20
  354      76          4       9807       2333        330        431         20
  355     138        146       1104          0         60        195         10
  356      68         73       1260          0        150        261         10
  357      51        115        567       3605         30        192         20
  358      64         67       1506        393          0        131         20
  359     142        126        968         17         30        179         20
  360      60        151       1891          0        210        281         10
  361       3         90       6679       2977          0        141         20
  362      85        135        480       1379         90        228         20
  363      44         48       1146        110        390        471         20
  364     122         59        641          0         30        183         10
  365     198         67         52          0          0        199         10
  366     130         68       1514          0          0        140         10
  367     106         55       1939          0          0        108         10
  368     135         29       2789       1610         30        155         20
  369      86         81       2042          0        300        442         10
  370     188         70       1509        857          0        195         20
  371      61         31         55       1184        120        253         20
  372     121        129       1491          0         90        263         10
  373      57        144       1183       1365        390        517         20
  374      74        142       2500          0         30        161         10
  375      53         69        817         90          0        143         20
  376     155        145        396          0         30        204         10
  377     161         95       5649          0         90        199         10
  378     153        146       2403       1306        390        533         20
  379      44         86         37          0          0         99         10
  380      99         37        108       1210        120        283         20
  381      31         40      14657        343        330        433         20
  382     139         33      12128       2872        120        282         20
  383      87         93        784          0        150        294         10
  384     174         99        805        140        180        246         20
  385      99        113        202          0          0        153         10
  386      11         33       2028          0        120        246         10
  387      39         27       6210          0        120        192         10
  388      40         29        860          0        120        283         10
  389     104         91       1115        109         90        161         20
  390     117        145       1686          0        180        294         10
  391      92         65        223          0         30        202         10
  392     192         92       5136          0        120        296         10
  393      30        106       5649       9351         30        124         20
  394      93        152       6160          0         30        195         10
  395     100         65       3415          0          0        128         10
  396     129         24       1772       9984        300        461         20
  397     186         72         91       2136         60        206         20
  398     123         52        138          0        210        273         10
  399      95         68         42          0         30        115         10
  400      61         30       2067       6210          0         72         20
