400_373

CUSTOMER  VEHICLE
NUMBER	  NUMBER     CAPACITY    DispatchingCost
    400     500          40000       100

CUSTOMER
CUST NO.  XCOORD.   YCOORD.   DDEMAND   PDEMAND   READY TIME  DUE TIME   SERVICE TIME

    0      41         23          0          0          0        960          0
    1      74         66       2529          0          0         94         10
    2     188         95        130        385          0        214         20
    3      71         81       9982         59         60        128         20
    4      90         83       2995          0         60        163         10
    5      93         68       2493          0         30        147         10
    6      84         78       6367        925          0        160         20
    7      22        129       1601       1207        120        250         20
    8     148        126       1719          0          0        199         10
    9      15          3        401         98        120        222         20
   10      80         70       2014          0        120        276         10
   11      88        106       5334          0        420        526         10
   12      74        142       2887          0         60        193         10
   13     143         31       4301          0        120        231         10
   14      42         23       4798          0         30        113         10
   15      96         86        212        673        120        288         20
   16     100         73         96          0        150        256         10
   17     122        109         11          0         30        166         10
   18     132         43       7489          0          0        166         10
   19     174        119       2449       2204        120        215         20
   20       5        116       2268          0        360        520         10
   21     123         52        720          0        180        240         10
   22      74         95       5497       2199          0        125         20
   23      51        101       1613       3528        150        226         20
   24      86        102        531      14469        180        288         20
   25      44         78       1824        841        120        244         20
   26      73        123        133       1185          0        166         20
   27      97         46       1528        525          0         99         20
   28      86         56       1879          0         90        194         10
   29     115         60       1628       1011          0        127         20
   30     139        107        481          0        120        230         10
   31      54        130       4493        879        180        286         20
   32      45        116       4319        893          0        140         20
   33     151         49        118       1291        180        247         20
   34      60        122        249       3793         60        219         20
   35     148         23        926          0          0        141         10
   36      40         30       1495          0          0        124         10
   37     150        131       1010          0        180        250         10
   38     142        136       2434        856        180        240         20
   39     171         66       1122       7730         30        191         20
   40      39        107        542       9983          0        161         20
   41     120        117       6626       6368        420        525         20
   42     132        121       1538       2076         90        185         20
   43     114         77       2484          0        180        260         10
   44      90         73        264        575         30        147         20
   45      90         92         15          0        120        228         10
   46      94         62       3090          0        150        231         10
   47     109         51       1301        299        300        459         20
   48     155         27        325          0         60        164         10
   49     129         71       7335          0        180        265         10
   50      30         45        198          0        120        233         10
   51      36        106        805       1798        120        231         20
   52     177         47       2378        271        450        516         20
   53      11         47       6799          0        120        288         10
   54      19         13        108          0         90        247         10
   55      61         49       1523          0        150        242         10
   56     157         59         52          0         90        166         10
   57     132         44       1508          0         60        221         10
   58      68         96         65          0        150        242         10
   59      30         73       2255        840        150        287         20
   60      96         68       1630          0          0        108         10
   61     189         85       1869       1825          0        199         20
   62     126        106        997        107         90        173         20
   63     122         83       1952          0        180        277         10
   64       7          4       1847        908        120        253         20
   65      63        150       1004       1465        120        232         20
   66      28        139         28          0         60        168         10
   67     138         53       6618       1944        360        451         20
   68     127         53       1804          0        120        225         10
   69     100         84       2429          0          0        123         10
   70     167         57       3868        200         60        201         20
   71      42        125       1889          0        120        194         10
   72     144         18       1092      13908         60        147         20
   73     199         60        253       1149        180        248         20
   74      91         55         90        839          0        158         20
   75     186        107       2703       5379         90        246         20
   76     174         54       1034          0        180        264         10
   77     101         85       1006          0        120        188         10
   78      43        136      12933          0        390        500         10
   79     106         85        844          0         60        169         10
   80      38         73       1018        562        150        294         20
   81      80         64        414          0          0         99         10
   82      23         35       3072       5533         30        151         20
   83      34         65       3800          0        420        522         10
   84     139         66       1790          0        150        219         10
   85     147         61       1269          0        420        495         10
   86      89         80       6860          0         30        142         10
   87      41         23          0          0          0        960          0
   88      37         72       1536          0         30        201         10
   89     122         30       1750         48        120        247         20
   90      75         55       2917        363        120        281         20
   91      27         22       1614       1875        330        400         20
   92     100        116       1072          0          0        158         10
   93     100         67       6851         56         30        135         20
   94      71         91        672        305          0        125         20
   95     198         67         52          0          0        199         10
   96     121         71       2620       5274          0        126         20
   97     111         87         10       1976        180        263         20
   98     192         62         41       2702          0        202         20
   99     108         35         26          0        120        288         10
  100      60        151       1891          0        210        281         10
  101      56         64       1200          0          0         84         10
  102      46         52        105          0          0        172         10
  103      66         63        237        665          0        160         20
  104      59        106       8684          0         60        231         10
  105      53         65         70          0         60        199         10
  106     198         93       5805          0        360        531         10
  107      23         10        399       2968        360        432         20
  108      28        122        563          0          0        135         10
  109      29         11       8445          0        390        470         10
  110      37         14        902          0          0         76         10
  111     190         58       1529          0          0        199         10
  112     161         95       5649          0         90        199         10
  113     166         28       2289       1712        180        263         20
  114     155         74       1604       7172        180        274         20
  115     111         54         13        436          0        168         20
  116     158         73        166          0          0        174         10
  117      28         75        589          0        390        496         10
  118      34         79       2759          0         90        263         10
  119      44         47        202       1940          0         74         20
  120      87         69         16          0        120        230         10
  121     103         55         62          0          0        142         10
  122     135        136        303          0          0        197         10
  123      48         46       3295       5889          0        146         20
  124      66        136       1576        686         60        191         20
  125      34         74       2410          0        120        186         10
  126      34        147        233          0        120        212         10
  127      81         81        604          0          0        135         10
  128      15         42       5014       1889        330        436         20
  129      78         98       1310       2948         60        153         20
  130     134         73       1174       5745         30        143         20
  131      57         29       1752          0        120        228         10
  132      47         51       2207       5899         30        115         20
  133     121         91        476          0        150        263         10
  134     138         37       3221       1807        330        431         20
  135     139         70         46          0         30        200         10
  136      56         49       1691       6109        120        260         20
  137      41         74         87          0         90        169         10
  138      96         81       6831          0        120        198         10
  139      31        128        343          0        150        251         10
  140      85        128       6740       2399        120        299         20
  141      92         70       2000       2991        330        401         20
  142     128         71       1174       2961        150        284         20
  143      91         84       3872          0         60        158         10
  144     131        104       6827          0        330        469         10
  145     132         48        526         24          0        134         20
  146      24        148         40       1123        180        277         20
  147     153        122        284       3327         90        200         20
  148      32        112       1854          0        120        208         10
  149      96        118        579       5307        180        297         20
  150     111         35       3046        350        300        441         20
  151     162        117       3616          0        210        281         10
  152      68         73       1260          0        150        261         10
  153     109         29       6576       2690          0        161         20
  154      20        119       9298          0        120        206         10
  155     121         45       2293       7629         90        167         20
  156      52          0       1860          0          0         98         10
  157      92         59       3425       8935        390        465         20
  158     113         64       5953          0          0        142         10
  159     174         99        805        140        180        246         20
  160     109         65      15000          0          0        118         10
  161      96         79       1186       1959         60        167         20
  162      57        117       7204          0         60        140         10
  163     177         74         50        113         60        200         20
  164      10         51        613        348        120        259         20
  165      48        129       2461          0          0        177         10
  166     151        107      12718         82        330        454         20
  167      76         94         44       1776         60        198         20
  168      44         71        164        504        150        225         20
  169     153        134        116       1745         90        221         20
  170      30         42      11298          0        150        212         10
  171      72         86       1687       1497        180        254         20
  172      69         22       7888       3483          0         63         20
  173      35         23         16          0          0        114         10
  174     181         73       1888          0         30        192         10
  175     108        105       5644          0         60        163         10
  176     122         59        641          0         30        183         10
  177      11         34       5652       3785          0         79         20
  178      85         52         67          0        120        248         10
  179      76         87       6305          0        450        525         10
  180     152         87        973         97         90        170         20
  181      52         92       3688          0        150        259         10
  182     137         49       8190       1015          0        145         20
  183     151        143        783         35        150        291         20
  184      44         48       1146        110        390        471         20
  185     179         48         45      11000         90        189         20
  186      34         61       7125          0        300        408         10
  187       6         49        350       2338          0         84         20
  188     142         59        291          0         30        172         10
  189       0         90       7975       4343        360        506         20
  190      75        156        323         11         90        235         20
  191      28         31       1807         20         30        158         20
  192     108         18        373       1719          0        141         20
  193     192         88       4583       1308        120        231         20
  194     150        140         35          0        120        296         10
  195      47         96       5906          0         90        190         10
  196      45         79       1104          0        150        227         10
  197      57         94        752          0         90        164         10
  198     150         76         49          0         30        195         10
  199     175         51       1655          0          0        169         10
  200      53         17         58          0        120        222         10
  201      14          4         53       4356        120        222         20
  202     150         20        176        388         90        174         20
  203      65         88        745        299        150        232         20
  204      95         66        265          0          0        149         10
  205      55         16        739          0        360        507         10
  206      92         84       1940       2028        420        522         20
  207      90        119       4742          0        120        256         10
  208      50        123        657          0        150        296         10
  209      98         53       4924      10076         60        133         20
  210     122         40        307       3485        120        198         20
  211     118         67       2780          0          0        168         10
  212     134        130      15000          0         90        191         10
  213     151         77         15          0         60        226         10
  214      70        125       1563        238         90        172         20
  215      51        150       1346       4497         90        249         20
  216      65        100       1999       2382         60        161         20
  217      62         67       2332          0        360        441         10
  218     142        131       1723        563        330        459         20
  219     123         34        106         87          0        132         20
  220      81        134       1348         82         60        155         20
  221      88         13         60       1333          0        126         20
  222      77         20       1976       8108          0        167         20
  223      87        130       3686          0         60        158         10
  224      22        149       4211          0        450        521         10
  225     168        109       2850      11299        180        286         20
  226      31          7       1702         87        120        292         20
  227      16         35         87      10255         30        115         20
  228      27         73        330         57        120        289         20
  229      32         43       3449          0        120        261         10
  230     120         85        615        452         90        220         20
  231     188         66         84          0         30        196         10
  232      80          5         37          0        120        287         10
  233     136         72       5681        483        360        525         20
  234     104         81       5116       4558        120        202         20
  235     133        102       3993          0         30        171         10
  236      64         44       1799       6800        120        218         20
  237      35         97        196          0         90        170         10
  238     194         72       2010       1000        180        292         20
  239      11         19       5746        781        300        400         20
  240      38         68      15000          0        120        255         10
  241      58         88       1900          0        150        271         10
  242      95         24         60       2219          0        153         20
  243     120         62      15000          0          0        143         10
  244      29        108        306       1816        180        277         20
  245     146         88      10696          0         30        163         10
  246     100        101      10151       2654         60        201         20
  247      88         63       2453         17         30        116         20
  248      59        134        864          0        120        196         10
  249     183         89         24          0        180        297         10
  250      22         15         90          0         30        174         10
  251      54         96         16          0        120        248         10
  252     117         56       7730       2583          0        135         20
  253      42         14       2710          0         90        230         10
  254     173        111       1961          0        120        216         10
  255      85         76       5364       1506        120        233         20
  256     118        100       3564          0        360        465         10
  257      57          0         86          0          0         67         10
  258      37         15       3805        746        420        522         20
  259      45         78        146          0         90        165         10
  260     101         20         13          0          0        101         10
  261      85         75        110          0          0        115         10
  262     108         21       1251       1015          0        118         20
  263     100         29       3137        668          0        114         20
  264      92        120        250          0         30        162         10
  265     155         55        452       9990         30        184         20
  266     103         67       5652       1649          0        125         20
  267      72         99       1519       3868        180        290         20
  268      30        155       1745       2364        120        269         20
  269     149        141         90          0         60        199         10
  270      30         38         14       9754        120        254         20
  271      46        125       1175      13825          0        153         20
  272      20         39         60        108          0        106         20
  273     110         49         60       2379         90        245         20
  274      91         12       2290          0          0        134         10
  275      99         45        936      14064        120        198         20
  276     167        103      14692        308        150        214         20
  277      80         48        173       3613        120        194         20
  278     179         72       1473        197         90        224         20
  279      26        126        346        593         60        190         20
  280     168        140        643          0        360        454         10
  281      88         87         35       5653        180        289         20
  282     160         37       2511          0         60        153         10
  283       3         88      15000          0        120        230         10
  284     104         68        144         74          0        133         20
  285      60        148        713       1749         30        182         20
  286     112         47        105         93        180        265         20
  287     132         56       3585          0        120        215         10
  288      96         82       1738          0          0        137         10
  289      42         16       2135          0        120        252         10
  290      18         11       4858       2220        300        412         20
  291      22         92         22        356          0        118         20
  292     163         29       4002          0        150        229         10
  293     112         36         58          0          0        143         10
  294     169         35       1862        106          0        162         20
  295      91        122        228          0         60        190         10
  296      29         31        135          0          0         88         10
  297     166         88      10500          0          0        197         10
  298     170        140       1895       5680        150        222         20
  299      39        139        663        180        180        290         20
  300      59         54       4886       3022          0        163         20
  301     126         72       7182          0        390        537         10
  302      76         56         43       5681         30        174         20
  303      87        101       5050        279          0        135         20
  304     109         98        382       5735         30        141         20
  305      73         56         10          0          0        134         10
  306      60         79       4537       1655        300        430         20
  307      55         47       1285        100        390        490         20
  308      81         56        315          0        120        199         10
  309      97         36       1434          0        300        410         10
  310     161         87       2738          0        120        226         10
  311     106         68       1741       8171        150        275         20
  312      76         16         16         49        120        234         20
  313     189        101        830          0        180        281         10
  314     150         53       3160       1628        120        251         20
  315      97         84       3915       6296         90        249         20
  316      99         80       8000          0          0        164         10
  317      74        120       4007          0        420        502         10
  318      40        149       1451       3623          0        182         20
  319      61         76       6572          0         30        164         10
  320     111         41        503         55        150        291         20
  321      56        114        226       2021         60        151         20
  322     126        111       9991       3234        180        256         20
  323      94         94       1502          0          0        139         10
  324      42        107         23       3646         90        236         20
  325     191         51         74       3792          0        205         20
  326     129         24       1772       9984        300        461         20
  327      67         80        420          0        150        258         10
  328      65         12       3769          0          0         80         10
  329      76         78       1637       4697         30        108         20
  330     127         52        301          0         30        156         10
  331     131         83        299          0         60        155         10
  332     136        148         64          0        210        279         10
  333     176        111       6331          0        150        293         10
  334     147         22       3151       5907         60        181         20
  335      41         70        684          0          0        172         10
  336      86         76        670          0          0        120         10
  337     101        120       1250          0        360        469         10
  338     135        121        169          0         30        182         10
  339      89         56        625       1959          0        116         20
  340     134         33        760          0        360        429         10
  341      77         44       4410          0          0        128         10
  342      99        113        134          0         60        156         10
  343      45         54       3180       6006         30        108         20
  344      77         42       7692       2905        360        445         20
  345      74         85       1824       1068        360        443         20
  346      56         10        887      14113        120        216         20
  347      59         81         90       3021        120        228         20
  348      66        152       1090          0         60        227         10
  349      48        138        127          0        120        233         10
  350      29        110       1016         30         60        157         20
  351      87        113       6124          0        120        229         10
  352      74         63       2340       8107        120        225         20
  353      81         66        124          0         60        166         10
  354     173         43       2819          0         90        172         10
  355     153         42        610          0          0        148         10
  356      28         45       4270          0          0        110         10
  357     137        103       1733          0         30        170         10
  358     130         59       1572        688        120        212         20
  359     170        137         53          0         60        216         10
  360      53         61       4698        108          0         90         20
  361      83         64        104         25        120        287         20
  362      74        119         60          0        120        261         10
  363      57         72        155          0        300        408         10
  364     123         72      10147          0        300        412         10
  365     117        145       2555       2247        180        282         20
  366     123         54        288         45         60        232         20
  367      29        101       2168         29         30        159         20
  368     151        123       1225          0        120        221         10
  369      43        122       6257          0         30        164         10
  370      73         89       1815       1071        210        282         20
  371       5         14       4792          0         30        102         10
  372      67         95       1760        192        120        213         20
  373      78         35        821       1711          0        108         20
  374     160         77         26       3784          0        164         20
  375      47        129        150       1117         60        151         20
  376      22         99       2276          0         60        134         10
  377     167         94        888       5693          0        185         20
  378      85         45        142          0          0         96         10
  379     188         83      14970         30         30        210         20
  380       8         43         94      14906         60        198         20
  381      85         10       3602       3479        150        245         20
  382      16         10      10906       4094         30        169         20
  383      56        103        152       9040          0        124         20
  384     175         62        476          0         90        181         10
  385      31         40      14776        224        120        187         20
  386      93         65        975          0        120        188         10
  387     185         59       3400       5639        120        206         20
  388     121         85        191        147        360        438         20
  389      82          7        160       5421        360        526         20
  390     125        103        998       2362        150        279         20
  391     163        118       1518        345        150        220         20
  392     103        127       4593       2410         60        157         20
  393      71        130       1104          0         90        263         10
  394      47        125        734          0          0        161         10
  395      90         28        374      14626        300        434         20
  396     154         27       2820          0         30        145         10
  397     151         82         39          0        150        259         10
  398      67         61         30          0          0        127         10
  399      85         74       7744         73         90        252         20
  400      29        114      11268          0          0        149         10
