400_377

CUSTOMER  VEHICLE
NUMBER	  NUMBER     CAPACITY    DispatchingCost
    400     500          40000       100

CUSTOMER
CUST NO.  XCOORD.   YCOORD.   DDEMAND   PDEMAND   READY TIME  DUE TIME   SERVICE TIME

    0      41         23          0          0          0        960          0
    1      14        122       9250          0         90        232         10
    2      52         62       1715       3401          0        108         20
    3     198         79       1205          0         90        203         10
    4     153        148       3786          0         60        219         10
    5      64         44        384       2694         30        124         20
    6     118         67        576          0         60        167         10
    7      95         18        146       1667         30        129         20
    8      22        146       1463       3399        120        285         20
    9      64         12       1443          0          0        143         10
   10      34         79       2759          0         90        263         10
   11     166         88       5588          0         30        195         10
   12     136         72       1133       4854        150        260         20
   13       5        116       2632          0         60        225         10
   14      86         81       2386       1256        120        232         20
   15      11         33       4619          0         30        108         10
   16      34        127       8560          0        300        454         10
   17     100         53      13506          0        120        254         10
   18      33         69       8738          0        120        271         10
   19     151         77      13526       1474        120        190         20
   20     147         38       1937         50         90        223         20
   21      47        137        248        413        150        245         20
   22      26         76        108       9297        300        404         20
   23      68         94       4472       1951        120        198         20
   24      79          7       2256          0        120        196         10
   25      73        157       1944          0        180        263         10
   26      38         68       3160          0        360        432         10
   27     108         35       1516        169        120        214         20
   28     111         35       3046        350        300        441         20
   29      31        128        343          0        150        251         10
   30     100         19       9275       4376        420        523         20
   31      23         35        164          0          0        164         10
   32      85        102       2066        249         60        202         20
   33      86         76        670          0          0        120         10
   34      52         28       8254       2295        420        513         20
   35      37        123       1210          0         30        163         10
   36     108         46         98          0        120        202         10
   37      95         90        390       1647        120        235         20
   38     176        112       3983       1777         60        201         20
   39     197         58       2012          0          0        192         10
   40      29        130       1851       2076         30        160         20
   41      78         87      15000          0          0        144         10
   42     141         70        269         12        330        458         20
   43      88         72        795        661         60        187         20
   44      97         84        101          0        120        278         10
   45       4         23        236        920        120        223         20
   46     152         75       1838       1919        120        224         20
   47      73         83         28          0          0        139         10
   48     110         69       7646         29        300        400         20
   49     174         99       2160        447          0        203         20
   50      62        135       1240       2938         90        228         20
   51      92         70       2000       2991        330        401         20
   52     126         89       1026         57         60        218         20
   53      80         93       2005         32        120        197         20
   54     108         21         28          0          0        103         10
   55      98         10       1801       7044        120        258         20
   56     144         54       1767       3023          0        147         20
   57      31          4       4408         12        330        490         20
   58      50         85      15000          0          0        125         10
   59     138        106       3816       2415         90        163         20
   60      17         36        298        746        150        250         20
   61     123         59       6700       4619         30        204         20
   62     195         84       2484          0         60        218         10
   63      49         84       1083          0         60        138         10
   64     158         73       3051          0        360        466         10
   65      57         29       1752          0        120        228         10
   66      81          6       4267          0        150        255         10
   67     176         47        333          0         60        190         10
   68     188         83      14970         30         30        210         20
   69      55        116       3785          0        150        257         10
   70     173         97       6144       4815        150        254         20
   71     108         42       1538       3504        120        271         20
   72     122         34       2224          0        120        223         10
   73     149         34       3794          0        360        424         10
   74      10         51        117          0        150        296         10
   75      34         67       2009        514          0         86         20
   76     117         63       4027       1999        120        279         20
   77     137         70        260       5735          0        151         20
   78      22         92       6293          0          0        113         10
   79      13         38         27       1613         30         98         20
   80      79        130       1720          0        120        191         10
   81     135        130        651       5137        120        260         20
   82     110         92       2702          0         60        221         10
   83     181         73      15000          0        120        257         10
   84      46         18        392          0          0        105         10
   85     135         23        213       3093        360        519         20
   86      47        125        734          0          0        161         10
   87     131         44       2513        428        150        226         20
   88      69         92        351        290        390        492         20
   89      89         56       1257          0         30        139         10
   90      34        136       6807        100          0        156         20
   91     114         56       8362          0         30        201         10
   92     100         14       1850          0        120        263         10
   93     175         51       1655          0          0        169         10
   94     134        130      15000          0         90        191         10
   95      94         94       1502          0          0        139         10
   96      20         21       2489       2006        210        291         20
   97      65         32       1190        196          0         74         20
   98      57        145        202       3076          0        168         20
   99     160         22       1246        151        390        467         20
  100     171         74        200          0        120        283         10
  101      96         81         56         17        120        204         20
  102      52         46       2445       1778          0         66         20
  103     106         68       1741       8171        150        275         20
  104      71        130        142          0        120        235         10
  105      95        146       1549          0         90        195         10
  106     115         81       2084          0          0        142         10
  107     132         93       5072          0         90        212         10
  108      26        121       3377          0          0        143         10
  109      65         12        287          0          0         72         10
  110      19          8       4343          0          0         69         10
  111     117        146        498          0        180        249         10
  112     102         47       4076          0        120        199         10
  113      38         32        545        109          0        165         20
  114      91         84       2130       1307        330        440         20
  115     167         35      11558       3442        150        218         20
  116      88         67       3417        697        390        526         20
  117      62         67       2332          0        360        441         10
  118     117        145       1686          0        180        294         10
  119      38        141        250       1250         60        199         20
  120     148         30       1881       2382         90        218         20
  121      57         70       3068          0        120        217         10
  122      83         74       2364          0        120        260         10
  123     140        125       4694       8547        300        431         20
  124     145         38         40          0         30        156         10
  125      99         57        146         58          0        141         20
  126      11         19       6393          0        120        230         10
  127      21         41       7170          0          0        102         10
  128     123         67       3124       2437         60        203         20
  129      76         78       7643          0         90        229         10
  130     167         47       2384          0         60        205         10
  131      59         81         90       3021        120        228         20
  132     174         67        189         91        120        201         20
  133      68         73         36          0        150        251         10
  134     168         96         60        818          0        194         20
  135      95         84       3079          0         90        213         10
  136     122        109         11          0         30        166         10
  137     115         64         92          0        150        252         10
  138     192         92       1307          0        120        217         10
  139     123         72        941       1885         60        196         20
  140     180         65        672         19        150        279         20
  141      48          5        806       2334          0        142         20
  142     101         20        428       1271        120        184         20
  143      40         86       6622       8378        450        525         20
  144     148         94       7866          0        450        539         10
  145     143         31        112          0        300        434         10
  146      33         64       1687       1516        120        268         20
  147     124         79         15          0          0        145         10
  148      93         94        631       7181         60        138         20
  149     108        137        182       1571        180        286         20
  150     140        128       1927       1818         90        188         20
  151     107         61        197          0         90        251         10
  152      68         21       1661          0        150        229         10
  153      46        125       1175      13825          0        153         20
  154     179         61       8000          0         60        197         10
  155      81        134       1348         82         60        155         20
  156      96         82       1738          0          0        137         10
  157     132         56        254      14746        360        501         20
  158     116         83        365          0        120        227         10
  159      13         84        171       3282        360        473         20
  160      43         16        992       1009        120        292         20
  161     122        139        175          0        150        254         10
  162      66        136       1576        686         60        191         20
  163      63        111       1269       2888          0        123         20
  164      28         45       4270          0          0        110         10
  165     106         59        129        287        150        220         20
  166     154         38        139          0         90        257         10
  167     106         84        841       1474         60        133         20
  168     120        117       6626       6368        420        525         20
  169     119         55       1464          0         30        165         10
  170      94         69       1537       6086         30        107         20
  171      62         56         21          0          0        155         10
  172      78         65         89          0        120        287         10
  173     115         83       1898          0         60        185         10
  174      42         23       1844       1205        120        218         20
  175     134         73       1174       5745         30        143         20
  176     116         43       3860          0        120        198         10
  177     128         56       2475          0         90        243         10
  178     179         67        382       1583         60        193         20
  179     106         55       4592          0        120        293         10
  180     144         18        498        686        120        218         20
  181     149         80        984          0         90        235         10
  182     126         72       2306       4765         90        190         20
  183     119         33        108         80        150        220         20
  184      61         30       2067       6210          0         72         20
  185      58          2        324          0         30        200         10
  186      62         17        162       2237        300        435         20
  187       8         46        910        960          0         93         20
  188      53         69        817         90          0        143         20
  189     153         27        132       1985        120        191         20
  190      29         81         33       4814         60        189         20
  191      24        148         40       1123        180        277         20
  192      95         24         60       2219          0        153         20
  193     135         26       3579       2020         60        186         20
  194     117         79       4099        671        330        475         20
  195     121         66       7575          0        180        259         10
  196       6        114       1582          0         90        263         10
  197      37         14        894          0        120        259         10
  198     176        126       5559          0          0        216         10
  199     106        103         17          0         60        194         10
  200     106         82       1920       3037          0        161         20
  201      65         86         98          0        150        229         10
  202      21         98       3613       6345        120        220         20
  203      80         11      15000          0          0         73         10
  204      73         96        423          0        120        197         10
  205     112         47       4377          0        120        200         10
  206     133        142       3803          0         60        185         10
  207     121        129       1491          0         90        263         10
  208      95         38      10533          0        300        398         10
  209      86        140        100       4343          0        176         20
  210     101         85        431       3769        420        521         20
  211     130         46       1352       1010        180        275         20
  212      80         70       2014          0        120        276         10
  213      55         16        739          0        360        507         10
  214      73         81       3528          0          0        108         10
  215      15         54         12        107        180        278         20
  216     126         36       2136        234        120        259         20
  217     160        136       1923          0        360        466         10
  218     156         67       9316       1976         60        164         20
  219     106         10       1623          0         30        165         10
  220      81         18        225         22          0         89         20
  221      13         12       1157       1527          0        129         20
  222      71        107        655          0          0        133         10
  223      76         76       5203         53          0        173         20
  224      41        145        831          0        120        245         10
  225     117        100       6469       8004          0        157         20
  226      18         37         47         17        120        254         20
  227     188         95       2958          0        120        232         10
  228     164         90        344      14656        120        186         20
  229     102         49       4353       1293        150        286         20
  230     160         78        606       1253        180        250         20
  231     164         76         51        577        180        251         20
  232     157         59        447          0          0        170         10
  233      48         83       2181       2064        120        233         20
  234     139        107        481          0        120        230         10
  235      82         72       8065          0        120        265         10
  236     185         59      14193        807        420        517         20
  237      24         59       3281          0        120        220         10
  238     113         38         34          0        390        525         10
  239      33         70         85          0          0        121         10
  240      64        119        103      14897         60        155         20
  241     106         96       8663        587         30        141         20
  242      36         72       2498        527        300        437         20
  243      84         56        147       1751          0        135         20
  244     110        134         18          0        120        254         10
  245      13         26        384        211        120        187         20
  246      52        130       1940       1003         60        164         20
  247     121         91        476          0        150        263         10
  248     106         54        218        169        180        243         20
  249     142         35        252          0        180        260         10
  250      95         66         55        102        180        287         20
  251      45         54       1677          0        120        294         10
  252     183         89        248          0          0        193         10
  253       5         20       7372       2237         90        255         20
  254      21          7       1773       4886        120        222         20
  255      29        110         55        432         60        199         20
  256     128         71       1174       2961        150        284         20
  257     181         76       6564       2216          0        192         20
  258     158         74        345       1149        150        275         20
  259     172        113       2392          0         30        196         10
  260      74         92         36          0        120        249         10
  261      23        100         30         36          0        126         20
  262      65        100       1999       2382         60        161         20
  263      73         55         20      11550        120        292         20
  264     172         39        150       2010         60        168         20
  265      54         96         16          0        120        248         10
  266      67         87       3590          0         90        258         10
  267      58         88        422       1246        150        294         20
  268      25         52       5079       2017        180        287         20
  269      75         90       5745          0        150        217         10
  270     149        136       1418       5946        120        280         20
  271      26        113        236       4829          0        128         20
  272      50         64       2911          0          0        109         10
  273      90         16       1667       4478         30        198         20
  274     112         36         58          0          0        143         10
  275      64         90         81          0        360        493         10
  276     105         81       1985        894        180        249         20
  277     148         23        926          0          0        141         10
  278      49         47        679          0        120        189         10
  279      89         60       1136          0        420        513         10
  280      35         23        852        784        120        222         20
  281     145         71       8935       1819        330        466         20
  282     109         64      14768        232         30        131         20
  283     120         85         96          0        180        297         10
  284     168         49       2348      12652         90        168         20
  285      49        131       3327          0          0        159         10
  286      31        106        686          0         30        169         10
  287      28         10        181        583        120        276         20
  288     135        121        172        566         60        196         20
  289      60         43       2267       1205        120        255         20
  290      71         81       9982         59         60        128         20
  291      99        108         52        832         30        152         20
  292      44         48       1146        110        390        471         20
  293     113         48       2963        624        300        410         20
  294     182        107         65        399          0        206         20
  295      16        122        679          0        150        261         10
  296     158         75       1639       1839         60        206         20
  297     130         59        339       1307        180        294         20
  298      48        129       2502        151          0        169         20
  299     150         79      12923          0        210        287         10
  300     153         48        280          0         90        171         10
  301      98         53       1297          0          0        172         10
  302      61          1        456        424        120        278         20
  303      38         24       4771       7888          0        169         20
  304     111         85       2903          0        120        279         10
  305      85         74       7744         73         90        252         20
  306      97        144       8517        605        420        494         20
  307     139         70         46          0         30        200         10
  308     131         18       2262          0         30        158         10
  309      16         10      10906       4094         30        169         20
  310     164         70       1545          0        120        195         10
  311      46        128       1153       1000        360        522         20
  312     132         62        422          0        120        291         10
  313     123         54      12556          0        150        238         10
  314      88         41       1275          0        120        221         10
  315     132        151         46          0         30        204         10
  316      31         76       1011        179        330        426         20
  317      12         15       1272          0         90        189         10
  318      20        119       9298          0        120        206         10
  319      41         79       1984       2822         90        197         20
  320     163        118       1518        345        150        220         20
  321      22        129       1601       1207        120        250         20
  322      51        115         15       6725         60        187         20
  323     120        103      13520        261        120        229         20
  324      15         10       2020          0         90        184         10
  325      85         45        667          0        120        203         10
  326      60        151       1891          0        210        281         10
  327     101         81        196          0         60        224         10
  328      20        116        977        107        150        222         20
  329      90         92         15          0        120        228         10
  330      41         23       1777          0        120        288         10
  331     101        117       2024         28          0        151         20
  332     106         81       1600          0          0        129         10
  333      53        120      13142       1858          0        170         20
  334      44         47        202       1940          0         74         20
  335       7        114       1255          0         60        173         10
  336     125        102        145          0         60        221         10
  337      29         11       8445          0        390        470         10
  338      97         86       4135      10865          0        154         20
  339     185         44        233        984        150        256         20
  340      17         18       3480          0          0        104         10
  341     160         33       2819          0        420        533         10
  342      92         59       3425       8935        390        465         20
  343      47        133      11397          0        120        249         10
  344     185         98       3330       1980         60        203         20
  345      62        154         13       2433        210        296         20
  346     200         68       2480          0        120        293         10
  347     113         71       2990          0        180        265         10
  348     174         66         14        228          0        181         20
  349      82         74        556          0         90        164         10
  350      68         95         50        538          0        122         20
  351      41         74        113         41         30         99         20
  352      43        136      12933          0        390        500         10
  353      36        106       1722       6296        360        463         20
  354      93         68        831         85        150        222         20
  355     173         85       2160          0        120        229         10
  356     176         71       2484          0        120        274         10
  357      53         21       1800          0          0        105         10
  358      82         99        454       5804        180        275         20
  359     169         49       4252          0        300        436         10
  360      78         32       7967       2036          0         81         20
  361      55         91        348       2453        180        289         20
  362     183        102       1149         22        120        248         20
  363      79         16        548          0        120        259         10
  364      28         34         85          0          0        132         10
  365      23         10        399       2968        360        432         20
  366      63         62        200          0        300        405         10
  367     100        101        290          0         90        253         10
  368     150         67        227          0          0        155         10
  369      33         20       2257       6831          0         69         20
  370      37        100       2569          0        120        286         10
  371     138        146         31          0         90        208         10
  372     153         52        615          0         90        231         10
  373      74         63       2340       8107        120        225         20
  374     191         51       3545          0          0        204         10
  375     132        144       4836        131        300        401         20
  376     122        101       1641          0         30        166         10
  377       9         44        287          0        390        467         10
  378     106         66        294          0        180        275         10
  379     126        111       9991       3234        180        256         20
  380      69         90       3243          0        390        495         10
  381      59        134        864          0        120        196         10
  382     151         22       1517          0         30        160         10
  383     137         37       1924          0          0        147         10
  384      94        118       1771          0         60        192         10
  385     133        102         73          0        120        285         10
  386     104        109       1628        251        180        294         20
  387      82         56        213          0          0        102         10
  388      72          3       2977       2254          0        163         20
  389      13        119        606          0        210        287         10
  390      12         98      14989         11        330        433         20
  391      76          4       9807       2333        330        431         20
  392     186        107       2703       5379         90        246         20
  393      87          8        240          0        120        260         10
  394     102        114         11          0        330        432         10
  395      34        142        432        389          0        171         20
  396     158         33       1537          0         90        160         10
  397     150         53         54          0         90        230         10
  398      55         67        252         43          0        112         20
  399      58         86       1700         43        120        201         20
  400      45        116       4319        893          0        140         20
