400_378

CUSTOMER  VEHICLE
NUMBER	  NUMBER     CAPACITY    DispatchingCost
    400     500          40000       100

CUSTOMER
CUST NO.  XCOORD.   YCOORD.   DDEMAND   PDEMAND   READY TIME  DUE TIME   SERVICE TIME

    0      41         23          0          0          0        960          0
    1      57         26         62         59        120        216         20
    2      73         55      14262          0        120        289         10
    3     116         85         40          0        330        498         10
    4      29        108        306       1816        180        277         20
    5     168         75       7179       1173         90        236         20
    6     155         27       3282          0         30        205         10
    7      48         46       1206          0        330        504         10
    8      48        138        127          0        120        233         10
    9     134        122       1104          0        150        279         10
   10     171         66        210       5151         30        180         20
   11     120        124       1602          0         90        183         10
   12      69         24        108        117          0        144         20
   13      53         78        416       1636        420        493         20
   14     100         29       3137        668          0        114         20
   15     171        104        123          0         60        225         10
   16      82         85      15000          0        120        227         10
   17      63         48       1520       2363        120        255         20
   18      30         43       2209          0        120        293         10
   19     186        106       9756          0        120        221         10
   20      22        129       1601       1207        120        250         20
   21     192         65       1092          0        120        237         10
   22     170        139       2300          0        180        263         10
   23     127        122         14          0        120        266         10
   24      57         91        748          0        120        257         10
   25     143         66         95       1872         60        148         20
   26     153         52        615          0         90        231         10
   27      38        113        470       2221         60        207         20
   28      49         88        400       1494        120        225         20
   29      71         19       3406        567          0         66         20
   30     181         73       1888          0         30        192         10
   31     139         70       9240       2162         30        201         20
   32      68         95       1511          0          0        119         10
   33      93         94       1154        595         60        127         20
   34     155        145        396          0         30        204         10
   35      90         87       2773       3791        390        530         20
   36      80          5         37          0        120        287         10
   37     111         70       2613       8002        120        181         20
   38      59         81        835          0        120        188         10
   39      30        106       3753          0        150        219         10
   40     150        108       1173       3114        330        470         20
   41      71        131        146        655         90        198         20
   42      74        142       2500          0         30        161         10
   43      91         70        147        589          0        143         20
   44      66        117       1096          0        150        231         10
   45     137        103       2176       7889        150        249         20
   46       3         88      15000          0        120        230         10
   47      45         86       3936       3369         30        202         20
   48     183        102       2558        334        120        228         20
   49     152         87       2636          0         60        186         10
   50     104         55       4342          0        300        417         10
   51      29        130        127          0        120        295         10
   52      82          8        280          0          0        133         10
   53     113        121       2180       2542         30        172         20
   54     149        141        222       6827        180        297         20
   55     163        118       2063       4998         60        186         20
   56      28        120       8107          0         60        174         10
   57     176         47        333          0         60        190         10
   58      80         48        156          0          0        141         10
   59      88        127       1988        553         60        149         20
   60     138        146         31          0         90        208         10
   61     102         27       6474       2134          0         95         20
   62     152        110       1356          0         90        230         10
   63     151         82       1594        107         30        185         20
   64      91         73        314          0        420        530         10
   65     109         64      14768        232         30        131         20
   66      34         79       1777       1839        300        412         20
   67     181         76       6564       2216          0        192         20
   68     148         47       1068       9983          0        148         20
   69      85         76        465          0        150        278         10
   70     180         65        672         19        150        279         20
   71     152        146       3114       1844        120        205         20
   72      37        100       1221       2447        330        467         20
   73      44         78       1824        841        120        244         20
   74      45        147         86       1572         60        228         20
   75     155         55        178          0        150        248         10
   76     188         83       2334          0         90        204         10
   77      37         14        894          0        120        259         10
   78      22         77      15000          0         30        200         10
   79      78         74        443          0         60        140         10
   80     101         77        314          0        300        398         10
   81      98         99       3156          0          0        148         10
   82      36         20        110        718          0        176         20
   83      28         81       4605          0          0        105         10
   84     188         95       9335       2946        120        212         20
   85     170         36       1810         20         60        184         20
   86      69         45       1895       8738          0        109         20
   87      15         52        136       2360        150        242         20
   88      19         52        984       5904         30        129         20
   89     123         34        106         87          0        132         20
   90      40        155        117          0          0        176         10
   91      62        151       5376         22          0        187         20
   92      64        119        381        180          0        148         20
   93     148         32        768       1958        150        278         20
   94      27         46       1424          0          0         86         10
   95      56        103        152       9040          0        124         20
   96      16         10       2201         31          0        130         20
   97      47        137        248        413        150        245         20
   98      86         99         17        389         30        138         20
   99      53         21       1800          0          0        105         10
  100     159        127       2388       2516         60        201         20
  101     151         22       1517          0         30        160         10
  102      62         46       1630       2155        300        397         20
  103      71        130        142          0        120        235         10
  104     142        124       3269          0        120        281         10
  105      85        135        480       1379         90        228         20
  106      67         96       9040          0        120        249         10
  107      34         67      10530        127        120        294         20
  108      61         30       2067       6210          0         72         20
  109      25         72         97       1414         60        171         20
  110     121        142       1557      13443        120        242         20
  111      99         45        936      14064        120        198         20
  112      28         34      13589          0          0        135         10
  113     100        116       1850         13         30        194         20
  114     176        111       6331          0        150        293         10
  115     133        123      11040         38        120        225         20
  116      16        118       7875       2080        390        525         20
  117     184         71        335          0        120        196         10
  118      99        108       6709          0          0        142         10
  119     120        109         22       1769         60        170         20
  120      88         63       2453         17         30        116         20
  121      73         96       1678       2545        180        255         20
  122     146        132       4255          0         60        217         10
  123      42         62         51        253         30         98         20
  124      69        134       1305          0        180        259         10
  125      65         82       2552          0         90        170         10
  126      56         51         13        699        150        280         20
  127     110        119       4225          0        180        249         10
  128       8         11       1860        996         60        162         20
  129     104         91       5658          0         90        225         10
  130     145        124       2437          0        150        252         10
  131      17        119        170       2379        150        279         20
  132     114         80        646          0        150        224         10
  133      47        125        734          0          0        161         10
  134      94         69       1537       6086         30        107         20
  135     108         35         26          0        120        288         10
  136      76         78       3955       4377        120        287         20
  137     127        133        733          0          0        181         10
  138      68         96         65          0        150        242         10
  139     187         93        703          0        120        225         10
  140      77        120       1854       2136          0        144         20
  141     123         54      12556          0        150        238         10
  142     154         31        879        338        120        246         20
  143     164        107         48          0        180        280         10
  144     106         81       2116          0          0        128         10
  145      70         55        181          0          0        147         10
  146      15         37       1254       5746        120        257         20
  147      91         65        268          0         90        204         10
  148      35        109       2089          0        120        225         10
  149      98         53       4924      10076         60        133         20
  150     141         58       2693      10925         30        158         20
  151       7        117        610        100         60        189         20
  152     158         71       3592        231          0        160         20
  153      73        113        524       3301        180        286         20
  154     160        108         90        124         30        191         20
  155      85         58       7139          0         60        223         10
  156      90         73        264        575         30        147         20
  157     151        123       9812       5188        360        535         20
  158      63        111       1269       2888          0        123         20
  159      78         65        960       4741         60        203         20
  160     117         97        345          0         60        189         10
  161     100         23        730          0          0        133         10
  162     138         53       6618       1944        360        451         20
  163      17         49       1940         15        120        213         20
  164      58          2        324          0         30        200         10
  165      81          4      15000          0          0        139         10
  166      16         35         87      10255         30        115         20
  167     186        107       1747          0          0        221         10
  168     173         95       3140       2399          0        199         20
  169     147         22       3151       5907         60        181         20
  170      29        101       2168         29         30        159         20
  171     100         85       1769          0         90        199         10
  172      28         14        537          0        120        194         10
  173     151         77         15          0         60        226         10
  174      55        102       1082          0         30        173         10
  175      28        139       2579          0         60        155         10
  176     188         66         84          0         30        196         10
  177      51         80         62          0        150        227         10
  178      38         68      15000          0        120        255         10
  179      89         80       6860          0         30        142         10
  180     161         36        408          0        120        252         10
  181     131         32       5051        306          0        134         20
  182      20        116        977        107        150        222         20
  183      65        134        847        877        120        230         20
  184      77         42       7692       2905        360        445         20
  185     114         49       2303          0        150        228         10
  186     121        147       1605          0        150        260         10
  187      60        122        249       3793         60        219         20
  188     100        101      10151       2654         60        201         20
  189     132         33       6846       1613        360        460         20
  190      37        123        451       2447        300        410         20
  191     120         62        394        119          0        147         20
  192      86        140       4314          0        300        416         10
  193     132         61         15          0        120        265         10
  194      44         51        240       1297        120        291         20
  195      15         54         12        107        180        278         20
  196      91         35        111          0          0        115         10
  197     116         43       3860          0        120        198         10
  198      81         18      11287       2416        120        228         20
  199      35          8        130        263        120        294         20
  200      27         84       1142       3496          0        125         20
  201      60         13        324          0          0        103         10
  202      81          8       1427          0          0        127         10
  203     144         18        498        686        120        218         20
  204      84         78       2544          0         60        190         10
  205     178        101         14          0        180        250         10
  206      90         83       2995          0         60        163         10
  207      20        145        101          0          0        177         10
  208     112        112       8742          0        420        526         10
  209      41         23          0          0          0        960          0
  210       8         10         42       8254        150        292         20
  211      60         10       2247          0          0         93         10
  212     107         61        197          0         90        251         10
  213      26          9         90        686        120        243         20
  214     146         56        260          0         30        161         10
  215      12         98      14989         11        330        433         20
  216     150        127        252        112         90        253         20
  217      29         31        135          0          0         88         10
  218      75        156        695       5746         60        199         20
  219      34        127       8560          0        300        454         10
  220     123         62       1825          0        300        403         10
  221     140        109      11467        576        120        248         20
  222      27        127       1363       1951         60        162         20
  223     103         67       5652       1649          0        125         20
  224      77         63         68       4814         60        167         20
  225     102         47         56          0         60        229         10
  226     167         47       2384          0         60        205         10
  227     112         36         57          0        120        266         10
  228      97        144       8517        605        420        494         20
  229      57        145        202       3076          0        168         20
  230     156         42        432         72        300        408         20
  231      22        146       1463       3399        120        285         20
  232     160         37         33       2088        120        246         20
  233      79         16        706       6211        360        441         20
  234     188         70       1509        857          0        195         20
  235      81         56        315          0        120        199         10
  236     112        138      13644       1356        120        250         20
  237     162        118       2536          0        120        284         10
  238      99        113        134          0         60        156         10
  239      66        136       1576        686         60        191         20
  240     142         91        108       4191        120        287         20
  241     155         35         78          0         30        161         10
  242      18         29       2400         69        120        230         20
  243      34         63        152          0         60        225         10
  244      10         48        395       6125        120        186         20
  245     135         29       2789       1610         30        155         20
  246      85         52       4061          0        120        216         10
  247      52          0       1860          0          0         98         10
  248      40         29        124          0          0        175         10
  249      52         46       2445       1778          0         66         20
  250      96        112         12        285        120        254         20
  251      35        124       6109        251          0        146         20
  252      99         57        924          0        450        525         10
  253      70         51        396          0         60        228         10
  254      38         31       2308      12692        300        399         20
  255     120        129       7679       6372        180        276         20
  256     161         87       2738          0        120        226         10
  257     150         46      10588          0         60        199         10
  258      69         22       7888       3483          0         63         20
  259      54        117         53       5147        120        235         20
  260     149         29       8095          0          0        151         10
  261      93         68       2354         34         60        217         20
  262      95        146       1531        690         60        175         20
  263     164         73       5735          0         60        200         10
  264     128         89       1706       1109        150        245         20
  265      63         20         81          0         30        101         10
  266     110         69       1453        121         60        230         20
  267      29        135        888          0        210        287         10
  268      52         62       1715       3401          0        108         20
  269     177        110       2025          0        120        261         10
  270      75         55       2917        363        120        281         20
  271      90         29         45          0         90        186         10
  272      21         80       1559        450        420        514         20
  273     128         71         92          0        120        292         10
  274     144         86       6707       6109        120        228         20
  275      63         90       7354       1614        120        204         20
  276     103         56       4371       2547        300        475         20
  277      25        117       5161       1943        330        486         20
  278     186         72         91       2136         60        206         20
  279     123        124       6744          0        330        442         10
  280      32         73       3613       1893        360        487         20
  281       5        113       1464      10147         90        248         20
  282       7        114         82       2419         60        193         20
  283      25         47      14315          0          0        133         10
  284     156        115       1299        588        120        296         20
  285      95         68        202          0          0        164         10
  286     105        126         36          0        120        200         10
  287       0          8       2947         34        180        294         20
  288     129         71       1103          0        360        501         10
  289      58         86         21       9756        150        289         20
  290      85         75       4920        383        120        220         20
  291     191        100        149        279        120        285         20
  292     104        109       3716          0         60        233         10
  293     173         56        817       2138        120        258         20
  294     150         20        176        388         90        174         20
  295      42         14       1514          0          0        159         10
  296      51        115        567       3605         30        192         20
  297      33         20        720          0          0        168         10
  298      80        113       2250       2029         60        191         20
  299      44         48        566          0         30        160         10
  300      60        134         15          0        120        190         10
  301      26        127        117       1919        330        435         20
  302      62        154         13       2433        210        296         20
  303      92         59       3425       8935        390        465         20
  304     145        134        181          0        300        401         10
  305      34         65       3800          0        420        522         10
  306      87        101       5050        279          0        135         20
  307      58         88        422       1246        150        294         20
  308      60         49       1543         90         30        166         20
  309     137         70       3093        941          0        175         20
  310     131         18       2262          0         30        158         10
  311     161         35       5373          0        360        441         10
  312     108        105       3878          0        210        279         10
  313      90        124         22          0        120        291         10
  314      77        132       1221          0         30        200         10
  315     176        113         45          0        120        275         10
  316     171         80      14914         86        120        198         20
  317     194         82       2787       2387         30        203         20
  318      21          7        812          0         90        164         10
  319     116         75         63       5651         30        135         20
  320     197         87        781       2435        300        467         20
  321     103         96        112       9040        150        289         20
  322     147         57       1502       7667        360        522         20
  323      45         49        112          0        120        275         10
  324     121        120       1864          0          0        166         10
  325      87         93       2024          0        150        216         10
  326     149        136       1418       5946        120        280         20
  327      28         31       1807         20         30        158         20
  328      22         91        197          0        180        281         10
  329     107         98         82       5359         60        193         20
  330     121         32       2146         93         30        205         20
  331      75         34        661          0          0         72         10
  332     169         82        150         17        120        225         20
  333      41         79       1984       2822         90        197         20
  334      62         45       3063          0        120        200         10
  335      23        100         30         36          0        126         20
  336      70        119       1500          0          0        165         10
  337      89         56        625       1959          0        116         20
  338      34        149       1526       3958         60        216         20
  339     110         98         56       7374         90        178         20
  340     179        114       1724          0         30        220         10
  341      85        102      11109          0          0        122         10
  342     170         65        288          0         60        226         10
  343      67         91       2857       4092         30        203         20
  344     116         94        181          0        120        203         10
  345      87         69        696       8189        150        256         20
  346     158         33       1537          0         90        160         10
  347     144         34       2376       1927        360        436         20
  348     135        136        303          0          0        197         10
  349     118         86         13          0        360        498         10
  350      95         66         55        102        180        287         20
  351     154         25         16        113        120        191         20
  352     126        106         31       1157          0        159         20
  353      42         16       2135          0        120        252         10
  354     160         74         49       1329        180        288         20
  355      53        103        618        889          0        138         20
  356      53         65         70          0         60        199         10
  357      97        112       2654       1890        120        225         20
  358       8         81       1748         91         60        162         20
  359      78         17       2692        337        390        461         20
  360      78         10       8007          0        120        252         10
  361      90        111       1208       9251         60        161         20
  362      59         48         38         80          0         95         20
  363      92         84       1940       2028        420        522         20
  364     102        120       1840          0         90        252         10
  365      66        135       2024          0        120        225         10
  366      79        119        274          0        210        284         10
  367     129         89         81         14         30        162         20
  368     110         49      13648          0          0        111         10
  369     133         89       5152        235        120        285         20
  370      30         42       1110          0        120        220         10
  371     126         66        123          0         90        222         10
  372      91         84       3872          0         60        158         10
  373      19         90       1074          0        120        287         10
  374      40        133         27         87        120        217         20
  375     153         48        280          0         90        171         10
  376      57         37       1885      13115          0        114         20
  377     152         75       1838       1919        120        224         20
  378      48         47         97          0          0        132         10
  379      68         94       4472       1951        120        198         20
  380     194         94       1959          0        360        456         10
  381     117        152        102       6373        210        283         20
  382     120        117       6626       6368        420        525         20
  383      28         75        589          0        390        496         10
  384      88         73       2290       7406          0        142         20
  385     143        102       8871       6129        120        259         20
  386      39         48       2016        286        300        401         20
  387     105         79         25       2090        150        290         20
  388     135        121        169          0         30        182         10
  389       7         97       4446       3145         90        255         20
  390      14        122       2794       5189          0        137         20
  391      80        139        255          0         90        196         10
  392      96         36         74          0        120        220         10
  393     119         45         22          0          0        141         10
  394     151        120       2582          0        300        443         10
  395      18         37         47         17        120        254         20
  396      34         68        320          0        120        232         10
  397     115         64         92          0        150        252         10
  398     200         68       2480          0        120        293         10
  399       3         90       6679       2977          0        141         20
  400      66        109       4511          0        420        525         10
