400_381

CUSTOMER  VEHICLE
NUMBER	  NUMBER     CAPACITY    DispatchingCost
    400     500          40000       100

CUSTOMER
CUST NO.  XCOORD.   YCOORD.   DDEMAND   PDEMAND   READY TIME  DUE TIME   SERVICE TIME

    0      41         23          0          0          0        960          0
    1     173         62         44       5374        180        285         20
    2     100         14       1850          0        120        263         10
    3      60         43       2267       1205        120        255         20
    4     152         56       2295          0        390        515         10
    5     153         27       4494       1051          0        153         20
    6     195         99       3484       2738        120        232         20
    7      83         64        259         54          0         95         20
    8      99         74       3110       1521        120        197         20
    9     101         20         13          0          0        101         10
   10      79         16        548          0        120        259         10
   11     173         95       4225       6623         90        201         20
   12      57         29        170          0          0        129         10
   13      90         28        374      14626        300        434         20
   14     103         95         75      10994         90        222         20
   15      37        123       1210          0         30        163         10
   16     152        146       1043          0         90        200         10
   17     162        104       9484        514         60        195         20
   18      93         50         90          0         30        199         10
   19      32        112       1854          0        120        208         10
   20      73         91       7911        860        450        526         20
   21     152         75       1838       1919        120        224         20
   22     168        139       3851          0        120        259         10
   23      44        133        690        106        150        216         20
   24     188         70       1509        857          0        195         20
   25      61        103       2360       8296        180        274         20
   26     160         78        606       1253        180        250         20
   27      74         95       5497       2199          0        125         20
   28      19          8       4343          0          0         69         10
   29     158        128       2022          0        210        278         10
   30     150        131       1010          0        180        250         10
   31     176        126       3465       1746         30        209         20
   32      74        120         20          0          0        167         10
   33     132         44         36          0          0        139         10
   34     109         64      14768        232         30        131         20
   35      33        131       2198        336        150        232         20
   36     144         34       2376       1927        360        436         20
   37      62         45       3063          0        120        200         10
   38      57        153        299         30        360        455         20
   39      19         98       5993          0        330        470         10
   40      20         98       2460         49         30        206         20
   41      68         94       2410        333         60        164         20
   42      31         40       1222          0          0        143         10
   43      48        129       2502        151          0        169         20
   44     106         55       4592          0        120        293         10
   45      82         92       4707       1260        300        440         20
   46      57        145        402          0         60        234         10
   47     121         71       2620       5274          0        126         20
   48      77          6        503          0        120        228         10
   49     104         81       4870        938         90        260         20
   50     198         93       5805          0        360        531         10
   51     148         92       1711          0          0        173         10
   52      81        139        847          0         90        196         10
   53     176         59       3726          0        150        283         10
   54     104         70        279       2024        120        183         20
   55      47        129        150       1117         60        151         20
   56      78         10       8007          0        120        252         10
   57      65        134        847        877        120        230         20
   58      86         67        991          0          0         96         10
   59     167         94         86          0        120        186         10
   60      32         83       1242       5845        120        219         20
   61      89         56       1257          0         30        139         10
   62     106         10       2243       2026        360        496         20
   63      81         66       5003       7500        120        230         20
   64     139         33      12128       2872        120        282         20
   65      78         65        960       4741         60        203         20
   66     134         73        233        192          0        162         20
   67      22         99       2008          0         30        122         10
   68     146         33        127          0         60        232         10
   69      11         33       4619          0         30        108         10
   70     127         37       5281        270          0        138         20
   71      69         92       2542          0        120        291         10
   72     119         33       1577       2214        120        277         20
   73      80         70       1403          0        120        221         10
   74      30        154        476        309        360        461         20
   75      60         13       2205          0        120        205         10
   76     151         82         39          0        150        259         10
   77      53         70        502          0         60        153         10
   78     186         83         22       9806          0        202         20
   79      11         48       9418        749          0        125         20
   80      34        149       1526       3958         60        216         20
   81     130         59       1572        688        120        212         20
   82     138         53       6618       1944        360        451         20
   83     106         96       8663        587         30        141         20
   84      85         58       7139          0         60        223         10
   85     111         85       3239         34        120        268         20
   86      33         70        712       2199         30        183         20
   87      34        136       1030          0          0        146         10
   88      38         73         30          0          0        110         10
   89      29        131       1225       2550        300        396         20
   90      68          2         26        174          0        145         20
   91      87        140       5361          0        210        279         10
   92      76         78         13       5049        180        287         20
   93      87        113       1519          0         90        169         10
   94      88         72        795        661         60        187         20
   95      15         10        239          0         30        168         10
   96      98        122       2150          0        330        463         10
   97      72         92       1613          0        150        298         10
   98      81          6       4267          0        150        255         10
   99      78         98        462       2331         90        237         20
  100     196         74       1716       1860        120        211         20
  101      36         20        110        718          0        176         20
  102     151         77      13526       1474        120        190         20
  103     141        142       2973        620         60        236         20
  104      52         92        577          0        180        285         10
  105      86         52       1738          0          0        130         10
  106      20         39         60        108          0        106         20
  107      23          9       1198          0          0        109         10
  108      52          0       4242          0        120        283         10
  109     163        111       1648       5955        120        258         20
  110     155        145        396          0         30        204         10
  111     135         59       1010          0          0        151         10
  112      65        100       1629       8279        120        220         20
  113      59         81         90       3021        120        228         20
  114     146         92         82         74        180        250         20
  115     141         30         31        277        120        232         20
  116      70         51       7914         34        300        437         20
  117     148        116        105          0        120        216         10
  118     149         34       1568       3152         90        254         20
  119      47         51       1248          0        120        202         10
  120     169        111        290          0        150        221         10
  121      22         44       4416          0        360        458         10
  122      30         42      11298          0        150        212         10
  123      95         87         33          0         30        133         10
  124     191         97         40        691        180        290         20
  125      66        117       1096          0        150        231         10
  126      85         76        465          0        150        278         10
  127     120         85        615        452         90        220         20
  128     130        122       4586       1802        360        521         20
  129     142        126       1391       1528         60        227         20
  130     129         71       7335          0        180        265         10
  131      23         93       3399          0         60        129         10
  132     135         26       2810       1097        390        452         20
  133     114         56       1924          0        150        277         10
  134     163         22       5394         85          0        176         20
  135     102         27       6474       2134          0         95         20
  136     149         94        165        502        180        259         20
  137     141         58       2693      10925         30        158         20
  138     179         48        908        433          0        183         20
  139     105         81       1985        894        180        249         20
  140     106        103         17          0         60        194         10
  141     149        141        222       6827        180        297         20
  142      85         77        259       1035          0        175         20
  143      46        125        253         17         60        155         20
  144     137         38        404       1879        120        217         20
  145     112         47        105         93        180        265         20
  146      25         52       5079       2017        180        287         20
  147      91         73        314          0        420        530         10
  148      42         23       1844       1205        120        218         20
  149      47         96       5906          0         90        190         10
  150      77         44       4410          0          0        128         10
  151     122         30       1750         48        120        247         20
  152     170        137         53          0         60        216         10
  153      60         79       4537       1655        300        430         20
  154     160         23        108        270        120        203         20
  155       2         17       1772          0         30        156         10
  156     130         90       3094          0          0        154         10
  157      90         16       8545       2763        330        491         20
  158     150         20        176        388         90        174         20
  159     157         96        237          0         60        181         10
  160      16        118       7875       2080        390        525         20
  161      26        142       2377       1745        180        252         20
  162     148         94       7866          0        450        539         10
  163     178        117       2568          0          0        209         10
  164      33        113       1782         96        210        285         20
  165     144        128        172        300        300        396         20
  166      67         91       2857       4092         30        203         20
  167      69        134       1438         28         90        203         20
  168     150        140       3400       2503        120        215         20
  169      73         81         86        312        150        293         20
  170     121        143       4376          0        330        471         10
  171      15         52        136       2360        150        242         20
  172     155         55        178          0        150        248         10
  173      66        136       1576        686         60        191         20
  174     106         85        844          0         60        169         10
  175     126        111       1629       9241        150        251         20
  176     120         62        394        119          0        147         20
  177     192         92        889       1774         90        205         20
  178      76         16       1247          0        120        222         10
  179     138         37       3221       1807        330        431         20
  180     197         87        781       2435        300        467         20
  181     106         84        841       1474         60        133         20
  182      72          3       2977       2254          0        163         20
  183     153        122        284       3327         90        200         20
  184     151        143         28          0         60        195         10
  185     105        152         77       1742        180        292         20
  186      96         79       3055          0         30        208         10
  187      44         48        922      14078        390        486         20
  188      22        129       1601       1207        120        250         20
  189     107         61       2635          0          0        169         10
  190      28         81       4605          0          0        105         10
  191     103        128       4840       1094        120        294         20
  192      42        125       1889          0        120        194         10
  193      80         93       2005         32        120        197         20
  194     122        109         11          0         30        166         10
  195     137         49        173          0          0        158         10
  196      88         73      14285        715          0        119         20
  197     147         57       1502       7667        360        522         20
  198      77         63         68       4814         60        167         20
  199     129        122       1595       1221        210        279         20
  200      21        101       3626       2067        360        423         20
  201      29        114      11268          0          0        149         10
  202      83         85        300       4834         90        174         20
  203      27         84         33      14967         30        165         20
  204     169        147       1975       1611         60        223         20
  205      65         32       1190        196          0         74         20
  206      81          8        254         86          0         85         20
  207     135        136        303          0          0        197         10
  208      66         63        418          0        150        221         10
  209     160         37       2511          0         60        153         10
  210     134         34        299        201          0        142         20
  211      48         56       1950          0          0        162         10
  212      97        113       1510       3134         60        192         20
  213      27        127       1363       1951         60        162         20
  214     106         81         47          0        150        218         10
  215     100         84       2429          0          0        123         10
  216      87        130         12          0         30        164         10
  217      99        113        134          0         60        156         10
  218      47        137         33          0        120        298         10
  219     140        104         98          0         90        171         10
  220      52         10       3033          0        300        425         10
  221       8         81        232         34        120        191         20
  222     108         21       1251       1015          0        118         20
  223      96         68        840          0          0        137         10
  224     125         29       4183        151        450        535         20
  225       7        116         82       2516        150        227         20
  226      21         80       1559        450        420        514         20
  227      27        110       4283       4190        390        472         20
  228      91         70        763          0        120        218         10
  229       7         33        300       6210          0        137         20
  230      55         65        330       1770        120        285         20
  231      70        119       3059          0          0        148         10
  232     154         27       2820          0         30        145         10
  233     132         61        202       6386          0        142         20
  234     179        114       2024        197         60        211         20
  235     102        120       1840          0         90        252         10
  236     106         54         12          0        120        243         10
  237       7          4       1847        908        120        253         20
  238     153        115       1624          0          0        184         10
  239      46        113       3136          0         60        219         10
  240     117         63      11844          0        150        284         10
  241      93         65        975          0        120        188         10
  242      67         87       1522        122        120        225         20
  243      26        127        117       1919        330        435         20
  244     111        131       1290          0          0        180         10
  245     139         66       1790          0        150        219         10
  246      78         35       6575          0        120        185         10
  247      71        107        655          0          0        133         10
  248     122        128       3545       1686        300        399         20
  249      95         84       3947          0        210        271         10
  250     189         85       1869       1825          0        199         20
  251      74        121        458          0         60        167         10
  252     140        109      11467        576        120        248         20
  253     106         59        129        287        150        220         20
  254      46        128       1153       1000        360        522         20
  255     132         36       1052          0        120        198         10
  256     167         57       1475          0         60        181         10
  257      21         40       3810          0          0        140         10
  258     128         56        200       1556        150        241         20
  259      47        141        257          0        300        408         10
  260     194         94       2936       6345         60        217         20
  261      73        113        524       3301        180        286         20
  262     108        105       3878          0        210        279         10
  263      91         65        268          0         90        204         10
  264      29         31        135          0          0         88         10
  265     164         70       2361       1816        300        428         20
  266     119         55       1464          0         30        165         10
  267     120        124       6209          0         60        223         10
  268      32         43       3449          0        120        261         10
  269      48         60       1005          0        390        500         10
  270      84         56        147       1751          0        135         20
  271      53         21       2094          0        120        230         10
  272      48          5       1638       4183        450        526         20
  273      23        102        617       2432        390        464         20
  274       7         21        230        615        150        248         20
  275      51        101       1585       4770        120        188         20
  276     120         97         25          0         60        171         10
  277     180         65       1322          0         90        232         10
  278      86        135      15000          0          0        164         10
  279     143         31       4301          0        120        231         10
  280      75        156        323         11         90        235         20
  281     112         20        189          0        120        281         10
  282     126         89       1838        339         30        207         20
  283     164        107         48          0        180        280         10
  284     111         54       3504          0          0        113         10
  285     133         89       5152        235        120        285         20
  286     132         43         85       1833         60        194         20
  287      28        101        650        261          0        118         20
  288     112         75         74          0        300        435         10
  289       0          8       2948          0          0        106         10
  290     135         29       2789       1610         30        155         20
  291     148         47       1791       3160        150        259         20
  292      35          8        130        263        120        294         20
  293     191         51         74       3792          0        205         20
  294      24         59       4918          0        390        502         10
  295     186         72         91       2136         60        206         20
  296     131         83        299          0         60        155         10
  297      31        128        343          0        150        251         10
  298      48        154       1498          0        120        205         10
  299      95         90        390       1647        120        235         20
  300      38         68       7844        348          0        107         20
  301      52         63       2572          0         90        232         10
  302      83        141        744          0        150        228         10
  303      28         14        537          0        120        194         10
  304     117         56       7730       2583          0        135         20
  305       5         36       1577          0          0        167         10
  306     160         77         26       3784          0        164         20
  307      53         69         82       2826         90        194         20
  308     113         48       2963        624        300        410         20
  309     136         69       1344        232        330        472         20
  310      90        124         22          0        120        291         10
  311     106         68       1741       8171        150        275         20
  312     154        105       2024       1850        420        494         20
  313      42        127       6038       8962        360        528         20
  314      56         19       4992       2542          0        140         20
  315      39        156        179       3625          0        176         20
  316      86         76        670          0          0        120         10
  317     123         62       1825          0        300        403         10
  318      55         47       1285        100        390        490         20
  319     144         18        498        686        120        218         20
  320      96         81       6831          0        120        198         10
  321     173         97       6144       4815        150        254         20
  322      82         15        133          0        120        254         10
  323     115         81       2084          0          0        142         10
  324      14         39       9754          0        330        465         10
  325      72         39         16          0        120        231         10
  326       6         12         30        210          0         73         20
  327     110         21       2830          0          0        110         10
  328      16        122       1708          0         30        145         10
  329      54         96         16          0        120        248         10
  330      12         30        303          0        150        227         10
  331      23        100         30         36          0        126         20
  332     115         61        170          0         60        190         10
  333      20        116        977        107        150        222         20
  334      98         10       1801       7044        120        258         20
  335      45         54       1677          0        120        294         10
  336     195         84       2484          0         60        218         10
  337      34         74       1589          0        150        274         10
  338      86         81       2386       1256        120        232         20
  339      61         76      13149          0        300        400         10
  340     169         35       1862        106          0        162         20
  341      33         64       1687       1516        120        268         20
  342      75         55       2917        363        120        281         20
  343     137         93       5834          0        300        462         10
  344      70         64        104       5643        300        427         20
  345      43         16        992       1009        120        292         20
  346      71        130       1104          0         90        263         10
  347     155         88        274          0        120        268         10
  348      79        130       1720          0        120        191         10
  349      69         24       3234        160        120        282         20
  350     120        117       2765          0         30        158         10
  351      55        116      10997        108         30        131         20
  352      71        131        146        655         90        198         20
  353      95         66         82        101          0        108         20
  354      25        155       3138          0        120        252         10
  355     129         72       2012       1440         90        174         20
  356     122         83       2054          0        180        253         10
  357     168        109       2850      11299        180        286         20
  358     115         96       3726          0         60        145         10
  359     100         23        584          0        120        222         10
  360       9         49         10       1737        120        191         20
  361      30        117       1507          0         60        160         10
  362     150         76         49          0         30        195         10
  363      12         45       1481       6546          0         80         20
  364      28        120       8107          0         60        174         10
  365     176         70       1430        164        120        192         20
  366     111         65       3524       6652        360        492         20
  367      48         47         97          0          0        132         10
  368     147         22       3684          0        300        434         10
  369     100        101      10151       2654         60        201         20
  370     131         44       2513        428        150        226         20
  371     124         96        178       1901          0        175         20
  372      32        100       2565          0        150        222         10
  373       5        116       2268          0        360        520         10
  374     145        124       2437          0        150        252         10
  375      82         85       2110          0         90        197         10
  376     177        112        280        193          0        200         20
  377     112        112       8742          0        420        526         10
  378     148        114        581          0        210        286         10
  379      29         11       8445          0        390        470         10
  380       9        114        525          0         30        190         10
  381     177         74       2400      11095        120        187         20
  382      82         12       2968          0          0        175         10
  383     132         27         14          0         90        192         10
  384     194         60      12139          0         60        228         10
  385      12         98       1233          0         90        246         10
  386      47        133      11397          0        120        249         10
  387     147        113       1183        841        300        440         20
  388     198         79       3403          0         60        222         10
  389      51        150       1346       4497         90        249         20
  390     156         67       9316       1976         60        164         20
  391     198         86        192          0         60        212         10
  392     162         96         16          0         90        220         10
  393      99         57        146         58          0        141         20
  394     131         18      11000        112        120        193         20
  395      56         64        170       5400         60        195         20
  396      14         34        456          0        120        280         10
  397      17        126         84          0         30        150         10
  398      33         69       8738          0        120        271         10
  399      81         81       6248       2011          0        134         20
  400     192         88         85          0        180        287         10
