400_388

CUSTOMER  VEHICLE
NUMBER	  NUMBER     CAPACITY    DispatchingCost
    400     500          40000       100

CUSTOMER
CUST NO.  XCOORD.   YCOORD.   DDEMAND   PDEMAND   READY TIME  DUE TIME   SERVICE TIME

    0      41         23          0          0          0        960          0
    1     149         29       8095          0          0        151         10
    2     162        118       1709          0          0        199         10
    3      16          3       1657       9040          0         99         20
    4       3         94       8935         24         30        143         20
    5     168        140        643          0        360        454         10
    6     153         52        615          0         90        231         10
    7     164        107         48          0        180        280         10
    8     127         37         54         92         30        159         20
    9      58         21        451          0          0        174         10
   10      26        113        236       4829          0        128         20
   11     138        146       1104          0         60        195         10
   12      73         89       1815       1071        210        282         20
   13     175         51       1655          0          0        169         10
   14     145        134        181          0        300        401         10
   15      59         54       4886       3022          0        163         20
   16      38         31       1285       1542        120        279         20
   17      69        134       1305          0        180        259         10
   18      86        135         18       2115         90        257         20
   19     179         61       3315         98        180        262         20
   20     174        119       2449       2204        120        215         20
   21       7         28         13          0         30        187         10
   22     126        132       1472        222         60        196         20
   23     102        120       3112          0        210        291         10
   24      52         92        577          0        180        285         10
   25      83         85        300       4834         90        174         20
   26     130         59        339       1307        180        294         20
   27      85         71        857       3492         30        142         20
   28      29         68       1074          0         60        197         10
   29      20        116        977        107        150        222         20
   30      42         52       1613       2243          0        127         20
   31     160         92        750       2077         60        218         20
   32      54         96       4930          0          0        112         10
   33      53        120      13142       1858          0        170         20
   34      52         63       2572          0         90        232         10
   35     130         90        233          0         60        204         10
   36      18         22        690        281        150        232         20
   37     108        137        182       1571        180        286         20
   38      85         75       4920        383        120        220         20
   39     159         75       5376       3804          0        175         20
   40     112         74        350          0         60        182         10
   41     164         73       5735          0         60        200         10
   42      86         67       6081          0        420        528         10
   43      85        128       6740       2399        120        299         20
   44     104         70        279       2024        120        183         20
   45      17         36       1330         14          0         99         20
   46     125        102         61          0          0        167         10
   47     103        127        110        439         60        169         20
   48     176         77       5595          0        120        189         10
   49      61        103       2360       8296        180        274         20
   50     160        108         90        124         30        191         20
   51       0         21        474         54          0        167         20
   52      79        130       1720          0        120        191         10
   53     120         33       9977          0        390        496         10
   54      53         37       5955       2429        120        290         20
   55     180         58        107          0         90        264         10
   56      73        123        133       1185          0        166         20
   57     141        142       8313          0          0        206         10
   58      34         63        152          0         60        225         10
   59     167         57       3868        200         60        201         20
   60     145        124        149          0          0        191         10
   61     183         89        248          0          0        193         10
   62      47         51       2207       5899         30        115         20
   63     142         35       6869          0        150        294         10
   64     119         94        388       2215         60        200         20
   65     152         75       1838       1919        120        224         20
   66     109        146       4850       6304         60        190         20
   67     109         29       6576       2690          0        161         20
   68     145         71       8935       1819        330        466         20
   69      55         65       4554          0         30        168         10
   70      97         68       2799          0        120        211         10
   71      62        151       5376         22          0        187         20
   72     150         67        227          0          0        155         10
   73      58         86       1700         43        120        201         20
   74      90        124         22          0        120        291         10
   75     163        118       1518        345        150        220         20
   76     148        116        105          0        120        216         10
   77     122         34       1862         70         30        115         20
   78      77          6       2198          0          0        100         10
   79      94        103       1518        686        120        260         20
   80      83         64        104         25        120        287         20
   81      67         87       3590          0         90        258         10
   82     135        121       2524      12476        210        294         20
   83     119         33        108         80        150        220         20
   84      48         46       1206          0        330        504         10
   85      33        113       1782         96        210        285         20
   86      33         70         85          0          0        121         10
   87      38         73       1018        562        150        294         20
   88      22        151        380          0         60        177         10
   89     196         74       1716       1860        120        211         20
   90      28         75        589          0        390        496         10
   91     155         88         83        748         90        186         20
   92     179        107      12420        142        120        206         20
   93      63         90       1747       1114        150        223         20
   94      60        134         15          0        120        190         10
   95      78         84       2387          0          0        148         10
   96      60         49       1543         90         30        166         20
   97     102         93       2828       1365        360        427         20
   98      78         87      15000          0          0        144         10
   99     150         81       1824       1361          0        156         20
  100     132         62        422          0        120        291         10
  101     168         75       7179       1173         90        236         20
  102      91         84       2130       1307        330        440         20
  103      64         44       1758       7409          0        122         20
  104     125         29      15000          0        150        295         10
  105      52         46       2445       1778          0         66         20
  106     108        151      15000          0        300        395         10
  107      51        115         15       6725         60        187         20
  108     121         66       2147          0          0        167         10
  109     143        102       8871       6129        120        259         20
  110      96         81       1570          0          0        130         10
  111      81          8       1427          0          0        127         10
  112      42         14       2710          0         90        230         10
  113      63         20        614          0        120        226         10
  114     113         71       2990          0        180        265         10
  115     117         97       9680          0        360        462         10
  116     158         71       3592        231          0        160         20
  117      34         33         57          0         30        165         10
  118      53         78        416       1636        420        493         20
  119     131         18      11000        112        120        193         20
  120     143         87        250          0         90        252         10
  121      39        156         94         70        330        447         20
  122      18         29       2139        442        120        258         20
  123       5         20       7372       2237         90        255         20
  124      52        130       1940       1003         60        164         20
  125      23          9       1198          0          0        109         10
  126      32         56        683          0         30        189         10
  127      25         47       1602       3877        180        258         20
  128      34        136       6807        100          0        156         20
  129      50         85       1874          0         60        198         10
  130      80         70       1403          0        120        221         10
  131      28         81       4605          0          0        105         10
  132     145        114       8961          0        420        494         10
  133     171         80        204        249         30        201         20
  134     115         64         92          0        150        252         10
  135      82         12        151          0          0         97         10
  136      13         12       1157       1527          0        129         20
  137      62         56         40        248        120        258         20
  138      81         66       5003       7500        120        230         20
  139      66        117      10176        845          0        175         20
  140     102        114         11          0        330        432         10
  141       6         26       3038       1970          0         96         20
  142      30         45        198          0        120        233         10
  143     178        101         14          0        180        250         10
  144      92         84       1989         56         60        146         20
  145     126         72       7182          0        390        537         10
  146     139        107       4140        182         60        172         20
  147      57        153        299         30        360        455         20
  148      51        101       1613       3528        150        226         20
  149      44         48        566          0         30        160         10
  150      29        130        127          0        120        295         10
  151      73        157       5588        126         90        171         20
  152      56         51         13        699        150        280         20
  153      17         18       3480          0          0        104         10
  154     111         25        700       1224          0        120         20
  155     110        135       7052       7572        300        400         20
  156      44         51        240       1297        120        291         20
  157      82         85      15000          0        120        227         10
  158      35        124       2695          0        120        189         10
  159      56         10        887      14113        120        216         20
  160      42         62         51          0         60        172         10
  161      65         12       3769          0          0         80         10
  162      55         47       1285        100        390        490         20
  163       0          8       2948          0          0        106         10
  164      20         98       2460         49         30        206         20
  165     104         81       1648       1817          0        132         20
  166      56         64       1200          0          0         84         10
  167     188         79        566        126          0        216         20
  168     137         49       8190       1015          0        145         20
  169     185         98       2153          0         30        214         10
  170     102         27       6474       2134          0         95         20
  171      46         50        234       4176        120        284         20
  172      62         76       9568          0        300        429         10
  173      44         49       2711          0        120        291         10
  174     115         96       3288          0        150        214         10
  175      79        101       4006        199         60        144         20
  176      70        125       1563        238         90        172         20
  177     103         96        112       9040        150        289         20
  178      81         56        315          0        120        199         10
  179     105        152         77       1742        180        292         20
  180     115         60        742          0         90        220         10
  181      26          9         90        686        120        243         20
  182     100         84       2429          0          0        123         10
  183     120        109         22       1769         60        170         20
  184      74         20       5221       6408        120        229         20
  185      62        135       1240       2938         90        228         20
  186     187         93      13543       1457        300        436         20
  187      96         66       7052          0        150        258         10
  188     161        117        282          0        120        219         10
  189      85         52         67          0        120        248         10
  190     123         54        288         45         60        232         20
  191     131         44        310          0        120        188         10
  192      17        119      13931       1069         90        263         20
  193      14         39       9754          0        330        465         10
  194      64        119        103      14897         60        155         20
  195      23         10        399       2968        360        432         20
  196     101         85       1800          0          0        127         10
  197      14        122        684          0        330        435         10
  198     106         54         12          0        120        243         10
  199      99         56       8544          0          0        109         10
  200      96         82         90       3809         90        189         20
  201      32         43       3449          0        120        261         10
  202      90         28        374      14626        300        434         20
  203      32        112       1854          0        120        208         10
  204     112        112       8742          0        420        526         10
  205      16         81       2208          0         30        190         10
  206      74        140        108          0        150        277         10
  207      28         31       1807         20         30        158         20
  208      99         37        108       1210        120        283         20
  209      87         73       2733         25        120        285         20
  210      82        107       2525        182         60        195         20
  211     133         37         13       1030          0        146         20
  212      27         76       2700          0         60        142         10
  213      22         99       2008          0         30        122         10
  214     150         76         49          0         30        195         10
  215      15         52       4024        235          0        169         20
  216      59         85        345        668         30        108         20
  217     138         37      14957         43        120        277         20
  218      87          8        237          0          0         92         10
  219      18        126       1733          0         90        260         10
  220     108         21       1251       1015          0        118         20
  221      94         69        107          0        150        254         10
  222      30         54       1318          0          0        134         10
  223     111         83        937          0        420        533         10
  224      88         63       5628          0        300        404         10
  225     195         99       3484       2738        120        232         20
  226     100         53        137       1460          0        110         20
  227      21         23       4100       1571          0        108         20
  228      79        119        519        759         60        165         20
  229      48         60       1005          0        390        500         10
  230      60         79       4537       1655        300        430         20
  231     185        103       2736       5906        210        287         20
  232      22        129       1601       1207        120        250         20
  233       6         12         30        210          0         73         20
  234     135         78      15000          0        300        404         10
  235      44         78       1873       4411        420        519         20
  236      34         74       1589          0        150        274         10
  237      98         69       1568          0        120        256         10
  238      20        119       9298          0        120        206         10
  239     106         66        294          0        180        275         10
  240     101         97         17         91          0        133         20
  241     103        124        181          0        180        286         10
  242     115         83       1898          0         60        185         10
  243      16        122       1708          0         30        145         10
  244     140        109         60          0         90        199         10
  245     104         68        144         74          0        133         20
  246     141        103       2428          0          0        171         10
  247       6         49       4040          0        120        231         10
  248     148         33       4248          0        450        511         10
  249      53         17         58          0        120        222         10
  250     182         66      10279          0        150        225         10
  251      49         88        400       1494        120        225         20
  252      71         91        672        305          0        125         20
  253      83         25       2025         40          0        157         20
  254     135         29       2789       1610         30        155         20
  255      93         68       2354         34         60        217         20
  256      42        107       1530         99        120        238         20
  257      38         68       3160          0        360        432         10
  258      53         69        817         90          0        143         20
  259     121         71       2620       5274          0        126         20
  260      30         38         14       9754        120        254         20
  261     146         88        105          0         60        223         10
  262     106         55        309          0          0        165         10
  263      94         94       1502          0          0        139         10
  264     114         56       1924          0        150        277         10
  265     117        146        498          0        180        249         10
  266      57        145      11350          0        120        190         10
  267      35          8        130        263        120        294         20
  268     170         65        288          0         60        226         10
  269      71        129      12904         84          0        154         20
  270      78         98       1310       2948         60        153         20
  271      10         48         25         20        120        230         20
  272     143        112       2682        236        360        469         20
  273      90         47       2146          0        120        281         10
  274     195         59        736          0         60        200         10
  275      51          1       1834       3239         30        141         20
  276     132         44        200         62        120        196         20
  277      49        148        772          0          0        161         10
  278      95         68        202          0          0        164         10
  279     107         70       6738          0        360        463         10
  280      99         57        924          0        450        525         10
  281     107        138        472       3161         60        208         20
  282      26         73       6403         37        300        478         20
  283     181         73       1888          0         30        192         10
  284      78         65        960       4741         60        203         20
  285      13         87       1330          0          0        122         10
  286      26        126        248       2684        120        237         20
  287      57         70       3068          0        120        217         10
  288      50         80        673       1629        300        404         20
  289      39         27       6210          0        120        192         10
  290     188         83      14970         30         30        210         20
  291     153         75       6006          0         30        178         10
  292     108         35         26          0        120        288         10
  293     142         59        291          0         30        172         10
  294      78         17       2692        337        390        461         20
  295      51         80         62          0        150        227         10
  296      30        154        476        309        360        461         20
  297     174         99       2160        447          0        203         20
  298     121         73         21          0        300        459         10
  299      71        131        146        655         90        198         20
  300      53         65        434         10          0        103         20
  301     146         40       1068       5200        120        237         20
  302     164         76       6937       8000         30        189         20
  303      96         86        212        673        120        288         20
  304      74         85       1824       1068        360        443         20
  305      92         70       5901          0        180        280         10
  306      53         38       1377        666        450        529         20
  307     152        146       1043          0         90        200         10
  308      68         95       1511          0          0        119         10
  309      91         65        268          0         90        204         10
  310     151         22       1517          0         30        160         10
  311     113         64        311          0        150        291         10
  312      70        126       1688       1036        330        497         20
  313     132         48        526         24          0        134         20
  314      88         16        204          0          0        101         10
  315     107         77       3438       2076        150        220         20
  316      76         78       3955       4377        120        287         20
  317     102         47         56          0         60        229         10
  318     104        109       3716          0         60        233         10
  319     115         90        276          0        120        259         10
  320      19         52       1360          0          0        166         10
  321      20         21        920       1159        120        285         20
  322     146         33       2113          0        150        246         10
  323      12         98      14989         11        330        433         20
  324       4         23        236        920        120        223         20
  325      47         62        621       3243        120        279         20
  326      12         15         29          0          0         97         10
  327      65        148       4849          0        300        405         10
  328      59        106       8684          0         60        231         10
  329     183         79         57          0         60        220         10
  330      39         39       1802          0         60        204         10
  331      93         84       3602          0        120        227         10
  332      54        130         76       1859         60        165         20
  333      43        122       6257          0         30        164         10
  334      52          0       1860          0          0         98         10
  335     161         87       1361          0          0        184         10
  336      85         74       3146        252        150        233         20
  337     188         66         84          0         30        196         10
  338     181         76       6564       2216          0        192         20
  339     120         78       4018       3401        330        482         20
  340     174         93        530       5280         90        188         20
  341      29         38       2338        449          0        138         20
  342     103         67       5652       1649          0        125         20
  343      87        101         84        149         60        127         20
  344      34         79       2759          0         90        263         10
  345     132         69        268        345         30        186         20
  346     140        128         30         17         30        195         20
  347     134         89        282        197        360        437         20
  348       8         43       2143          0        120        262         10
  349     152         87        973         97         90        170         20
  350      92         88       2076         67         90        250         20
  351      57         91        215          0        120        253         10
  352     135         51         64       4551          0        135         20
  353     131         17        190          0          0        154         10
  354      78         43       1788          0        420        504         10
  355      68         86        211       5088         60        201         20
  356      79        131       2905       4886        120        217         20
  357     155         27       3282          0         30        205         10
  358     106        103         17          0         60        194         10
  359     142         31       1380          0         60        168         10
  360      61         63        183          0         30        140         10
  361     175         62        476          0         90        181         10
  362      88         87         35       5653        180        289         20
  363      97         46       1528        525          0         99         20
  364      86         76        236        288         90        231         20
  365     151        143         28          0         60        195         10
  366      22        149       4211          0        450        521         10
  367      41         70         30       1036        120        248         20
  368      77        120       1854       2136          0        144         20
  369     123         66       3302          0         60        224         10
  370      30        106       5649       9351         30        124         20
  371     145         38         40          0         30        156         10
  372     106         82       1914          0        120        193         10
  373      46        116        290          0        180        280         10
  374      57         94       1994          0        390        490         10
  375      68         94       2410        333         60        164         20
  376      31        128        343          0        150        251         10
  377     127        105       1265          0         30        192         10
  378      82         56        213          0          0        102         10
  379      89         57        156         83         60        141         20
  380      81         23      15000          0        330        401         10
  381     139         66       7243       6474        300        410         20
  382      82         15      13910          0        120        283         10
  383      60         60        208        908        120        192         20
  384     130        148       1672          0        150        233         10
  385      47        129       1464         56         30        161         20
  386      95         87         33          0         30        133         10
  387      56        103        362         37          0        132         20
  388      88         41       2209          0        120        216         10
  389     146        132       6216          0        180        260         10
  390     100         78        250       3370        120        280         20
  391      55         60       2170          0        150        232         10
  392     125         79       5792         22         30        167         20
  393      83         99        222          0         30        190         10
  394      28         10        181        583        120        276         20
  395      48         47         97          0          0        132         10
  396      44        133        690        106        150        216         20
  397      35         23        852        784        120        222         20
  398      77        132       1221          0         30        200         10
  399      28        122        563          0          0        135         10
  400     117         79       4099        671        330        475         20
