400_393

CUSTOMER  VEHICLE
NUMBER	  NUMBER     CAPACITY    DispatchingCost
    400     500          40000       100

CUSTOMER
CUST NO.  XCOORD.   YCOORD.   DDEMAND   PDEMAND   READY TIME  DUE TIME   SERVICE TIME

    0      41         23          0          0          0        960          0
    1     138         37      14957         43        120        277         20
    2      66        150        152       3714        450        521         20
    3     188         66         98       2542        210        288         20
    4      78         43       1788          0        420        504         10
    5     132         62       4261          0          0        136         10
    6      47        129        171          0         60        154         10
    7     139        104       1682          0        300        407         10
    8     116         83        365          0        120        227         10
    9     112         75         74          0        300        435         10
   10     180         58       3535         63          0        196         20
   11     137        143        188          0         60        189         10
   12      50         93        804       2139          0        105         20
   13      34         67      10530        127        120        294         20
   14     158        142         94          0         90        201         10
   15     113         64       5953          0          0        142         10
   16     103         56       4371       2547        300        475         20
   17      39         33        673        169        420        497         20
   18      11         17       2253        197          0        131         20
   19      73         81         86        312        150        293         20
   20     126         89       1838        339         30        207         20
   21      54          2       7666          0         30        110         10
   22      34        127       8560          0        300        454         10
   23      53         61       4698        108          0         90         20
   24      76         78       7643          0         90        229         10
   25     141         70        269         12        330        458         20
   26      60         10       1505          0          0        177         10
   27     106         59       4453          0         90        161         10
   28      44         51        240       1297        120        291         20
   29     106         68      15000          0         30        170         10
   30      98        122       2566          0        120        290         10
   31     131         83        299          0         60        155         10
   32      56         51       3668         21        150        258         20
   33      65         86         98          0        150        229         10
   34      11         33       4619          0         30        108         10
   35     176        113         45          0        120        275         10
   36     196         74       1716       1860        120        211         20
   37      21        101       3626       2067        360        423         20
   38     127         52        301          0         30        156         10
   39       2         17        257          0        120        250         10
   40      97         46         56       6099        120        244         20
   41     104        109       1628        251        180        294         20
   42      91         95       1931        924         30        144         20
   43     179         67        382       1583         60        193         20
   44     160        108         90        124         30        191         20
   45      56         19       4992       2542          0        140         20
   46      67         80        420          0        150        258         10
   47     167        147        140         87         60        233         20
   48     140        104         98          0         90        171         10
   49      85         76        465          0        150        278         10
   50      35          8       1992       2702        120        286         20
   51     162        118       2536          0        120        284         10
   52     154         39       1879          0        300        404         10
   53      53         21       1800          0          0        105         10
   54     161         36      14657        343        390        502         20
   55     157         59        447          0          0        170         10
   56     173         95       4225       6623         90        201         20
   57      73        113        524       3301        180        286         20
   58      32        100        150       6079        150        220         20
   59      30        155         18       6217          0        169         20
   60      65         74       1081       6938        150        218         20
   61     117         42      12636          0        120        188         10
   62     117        152        102       6373        210        283         20
   63     173         85       4842        248         60        183         20
   64     123         47       8172          0        360        470         10
   65      27        100       2133       1839        390        531         20
   66     124         79         15          0          0        145         10
   67     131         89       1708          0         30        159         10
   68      96         81       1570          0          0        130         10
   69      29        101       2168         29         30        159         20
   70      26        142       2365         31         30        168         20
   71      91         12       8584          0        300        465         10
   72      85         75        110          0          0        115         10
   73     111         54       3504          0          0        113         10
   74     119         55         96       1895         90        199         20
   75      56         80        470          0         90        225         10
   76      99         57        924          0        450        525         10
   77     131         44        310          0        120        188         10
   78     175        124       9326          0          0        214         10
   79      17         89       1415          0         60        191         10
   80     133        142      15000          0        330        473         10
   81     126        106        997        107         90        173         20
   82      29        130        127          0        120        295         10
   83     185         98       3330       1980         60        203         20
   84     100         23        584          0        120        222         10
   85      41        145        831          0        120        245         10
   86     101         55       4728          0        420        528         10
   87      86         86        422       2620          0        133         20
   88     106         54        218        169        180        243         20
   89      69        134       1305          0        180        259         10
   90      50         85       1874          0         60        198         10
   91       5         36       1095          0          0        143         10
   92     100         14       1850          0        120        263         10
   93      66        109       1110          0        180        246         10
   94     123         54        288         45         60        232         20
   95      48        129       2502        151          0        169         20
   96     108        105       5644          0         60        163         10
   97     138        128       2515       7408         90        256         20
   98      61         49       1523          0        150        242         10
   99     133         52       4356          0         60        130         10
  100      77         20       1976       8108          0        167         20
  101     137        145        199      11844        120        246         20
  102      13          8       2823          0          0        149         10
  103     146        132       4255          0         60        217         10
  104     128         72      13201       1799        210        287         20
  105      72         92       1613          0        150        298         10
  106     188         83      14970         30         30        210         20
  107     111         35       4771       2527        360        476         20
  108     112         36         57          0        120        266         10
  109      35         26       1192         21        120        234         20
  110     188         95       1525         75        150        291         20
  111     139         91       2344       1685        150        245         20
  112      87        140       2695       3645        150        220         20
  113      40         30       1495          0          0        124         10
  114      60        122        249       3793         60        219         20
  115     160         92        750       2077         60        218         20
  116      78         10        112          0        120        199         10
  117      38         68       7844        348          0        107         20
  118     169        111       1118       3641        120        248         20
  119     119         15       2659          0        420        480         10
  120      72         99       1519       3868        180        290         20
  121      68         86        211       5088         60        201         20
  122      45         86       2250          0        330        433         10
  123     130        122       9733          0        150        257         10
  124      42        125       1366          0        390        531         10
  125       6         12       1818          0         30         97         10
  126       7        117         16      10588         60        175         20
  127      48         74       3945          0          0        110         10
  128      53         70        502          0         60        153         10
  129      80         46       5532          0          0        136         10
  130      48        151       1789         40        330        460         20
  131      33        131       1500          0        120        250         10
  132     117         56       7730       2583          0        135         20
  133      83         99        222          0         30        190         10
  134      34        149       2036          0         60        235         10
  135      56         10        887      14113        120        216         20
  136      76         94         44       1776         60        198         20
  137       7         33       2495        190          0         98         20
  138     172        108        183          0         30        202         10
  139     177        110         48          0         90        253         10
  140      57         37         14          0        150        219         10
  141      88         63       5628          0        300        404         10
  142     122        109         11          0         30        166         10
  143      49         84       1083          0         60        138         10
  144      78         35        821       1711          0        108         20
  145      32         83         84        564          0        134         20
  146      95         38      10533          0        300        398         10
  147      63         90       7354       1614        120        204         20
  148     117        100       1616       5146        150        285         20
  149     114         80       1772       2472         60        224         20
  150       7        116         82       2516        150        227         20
  151      68         94       2410        333         60        164         20
  152       1         19       7206          0        420        524         10
  153     153         27        132       1985        120        191         20
  154     148         92       1711          0          0        173         10
  155     163        111       2219       7051        210        277         20
  156     178        101        248          0         60        190         10
  157      39        139        147         13          0        163         20
  158      51        134         14          0        120        275         10
  159     199         87       1536        511        450        538         20
  160     146         56        260          0         30        161         10
  161      87         63       4966       2305        300        432         20
  162     135         23        213       3093        360        519         20
  163      23        102        617       2432        390        464         20
  164      62        151         60          0        180        264         10
  165       8         43       2143          0        120        262         10
  166     138         53       6618       1944        360        451         20
  167      22         99       2008          0         30        122         10
  168      16         10       2201         31          0        130         20
  169     160        118       6111       1029         90        224         20
  170     160        136       1923          0        360        466         10
  171     112         74        347          0          0        138         10
  172     126         73       5113          0         30        168         10
  173      53        120      13142       1858          0        170         20
  174     183         79         57          0         60        220         10
  175      42        127       2066      12934        120        248         20
  176     121         45        684          0          0        118         10
  177     192         64      11845          0        420        535         10
  178      53         57        538         68          0         75         20
  179     127         53       1804          0        120        225         10
  180     173         62        205       1859        120        264         20
  181      56        102        780         34        420        502         20
  182     123         67       3124       2437         60        203         20
  183     110         69       7646         29        300        400         20
  184      52         28        291       1842          0        103         20
  185       1         25       3149       3212         60        173         20
  186      89         80       6860          0         30        142         10
  187      38         73       1018        562        150        294         20
  188     105        126        525          0         60        171         10
  189      17         18         15        664          0        102         20
  190      48         83       1995      13005          0         99         20
  191      64         44       1799       6800        120        218         20
  192     129         72       2012       1440         90        174         20
  193     115         60       1628       1011          0        127         20
  194     164         73       5735          0         60        200         10
  195     174         93       1500         15        150        250         20
  196      67         39         15          0          0         95         10
  197      36         72       2498        527        300        437         20
  198     109        122        320          0         30        205         10
  199      70         72       2975          0        120        253         10
  200     124         96        178       1901          0        175         20
  201     120        124       1602          0         90        183         10
  202     200         68       2480          0        120        293         10
  203     132         43         85       1833         60        194         20
  204      69          1        665       4247          0        134         20
  205     101        117       3956          0        330        441         10
  206      61          1        456        424        120        278         20
  207     127         37         54         92         30        159         20
  208      23         10        399       2968        360        432         20
  209     198         79       3403          0         60        222         10
  210      29         35        280          0          0        128         10
  211     170        137         53          0         60        216         10
  212     100         84        150          0        180        254         10
  213      34        106        384        417          0        148         20
  214      59        106       8684          0         60        231         10
  215      72          3       2977       2254          0        163         20
  216      29         81         33       4814         60        189         20
  217     176         47        333          0         60        190         10
  218     103         96        112       9040        150        289         20
  219      70        125       1563        238         90        172         20
  220      14        122       2794       5189          0        137         20
  221     174         99       2160        447          0        203         20
  222      85         71        857       3492         30        142         20
  223      40        155        128         35        180        254         20
  224      86         80        437        941         90        230         20
  225      86         67       6081          0        420        528         10
  226     129        122       1595       1221        210        279         20
  227      19        124       5553        619          0        135         20
  228     178        117       2568          0          0        209         10
  229     100         53        137       1460          0        110         20
  230     122         83        129        346         30        144         20
  231     130         68       1514          0          0        140         10
  232      25         52       2409          0        120        276         10
  233      75        156        323         11         90        235         20
  234      78         74        999          0          0        124         10
  235      87         93         77          0        120        281         10
  236      21         40         48          0        120        196         10
  237      69         22        101          0          0        143         10
  238      49        148        772          0          0        161         10
  239      81         18        225         22          0         89         20
  240      70        119       1500          0          0        165         10
  241      20        145        101          0          0        177         10
  242      12         15         29          0          0         97         10
  243     102         75       2796          0        210        287         10
  244     148        114        581          0        210        286         10
  245      25         47       1602       3877        180        258         20
  246     142        131       1723        563        330        459         20
  247     122         34       1862         70         30        115         20
  248      99        113        134          0         60        156         10
  249      99         80       8000          0          0        164         10
  250     169         82        150         17        120        225         20
  251      60        148       1697       5044         30        189         20
  252      85         52         67          0        120        248         10
  253      63        135       7890        890         60        226         20
  254      76         31        364          0        330        409         10
  255     147         22       3684          0        300        434         10
  256     121         71       4982          0        360        530         10
  257       0         90       7975       4343        360        506         20
  258     109         75       1710        193         30        155         20
  259     120         62      15000          0          0        143         10
  260     140         66         72        298          0        154         20
  261     179         61       8000          0         60        197         10
  262     189         85       1869       1825          0        199         20
  263      21          7       1773       4886        120        222         20
  264     149        136       1418       5946        120        280         20
  265     126         36       2136        234        120        259         20
  266     181         76        134        217        120        247         20
  267      67         96       9040          0        120        249         10
  268       5        116       2632          0         60        225         10
  269     132         44       3422          0        210        282         10
  270     131         32       2471          0        300        432         10
  271       8         46       1713          0        180        266         10
  272      48        138        563          0        180        260         10
  273     181         42       4565       2636          0        180         20
  274      28         74        252          0         90        172         10
  275      28        101        540       1706         90        248         20
  276      64        137       1077       1708        360        530         20
  277      51        150         20        746          0        173         20
  278     184         71        335          0        120        196         10
  279      86         52       1738          0          0        130         10
  280      30         42      11298          0        150        212         10
  281      90         74       1490          0          0        111         10
  282      32         43        822       2524        120        255         20
  283     142         91       6861          0         90        256         10
  284      96         68        840          0          0        137         10
  285      98         53       1297          0          0        172         10
  286     131        104       6827          0        330        469         10
  287      61         30       2067       6210          0         72         20
  288      97         86       4135      10865          0        154         20
  289     111         70       5395       2706         90        173         20
  290      63        150         15       1030        330        403         20
  291     194         60      12139          0         60        228         10
  292      13         87       2832          0          0        124         10
  293       7        114       1255          0         60        173         10
  294     146         33       2113          0        150        246         10
  295      36         79         86        212        450        517         20
  296      31         40       6651       4849        150        222         20
  297      80         11      15000          0          0         73         10
  298      21         80       1559        450        420        514         20
  299      76         59       1014          0         60        225         10
  300     176        111       1654          0         90        220         10
  301     172         39        150       2010         60        168         20
  302     158         74        345       1149        150        275         20
  303     155         74        180          0          0        170         10
  304     155         55        452       9990         30        184         20
  305     102         87       2047        179        120        259         20
  306     125         51       2157          0        120        281         10
  307      10         15       1552          0          0        100         10
  308      73         43       1570          0        120        199         10
  309     123         59       1081          0        390        528         10
  310     137        103       1733          0         30        170         10
  311     183        102       2558        334        120        228         20
  312      74         85       1708          0          0        124         10
  313      51          1       1834       3239         30        141         20
  314     186        107       2703       5379         90        246         20
  315     132         61         15          0        120        265         10
  316      13         12       2221       2094          0         93         20
  317      62         17        162       2237        300        435         20
  318     150         70       3899        511        300        469         20
  319     154         76       5420          0        180        283         10
  320      28         14        537          0        120        194         10
  321     139        107        481          0        120        230         10
  322      87        139         60          0         90        167         10
  323      63        111       1269       2888          0        123         20
  324      37        100       2569          0        120        286         10
  325     133        100       3751       1524        390        527         20
  326      26        126        248       2684        120        237         20
  327      23         35        164          0          0        164         10
  328     133         37      13294       1706          0        127         20
  329     197         70         83          0         60        208         10
  330      11         34        715       1709          0        163         20
  331      21         78      12793       2207        120        225         20
  332      81         56        315          0        120        199         10
  333     140         38        155        448         90        262         20
  334      36        153        203        144        390        475         20
  335     111         85       2903          0        120        279         10
  336       9         44        287          0        390        467         10
  337      86         99       2432          0          0        165         10
  338      72         39        586         23          0        140         20
  339      14         39       9754          0        330        465         10
  340      39        107        542       9983          0        161         20
  341      45        126         61          0          0        154         10
  342     100         78        250       3370        120        280         20
  343      31        107        326       1156         30        201         20
  344      22        129       1601       1207        120        250         20
  345      16         62         77       8312        120        241         20
  346     112         47        105         93        180        265         20
  347     148         94       7866          0        450        539         10
  348     166         28      11551        984         30        194         20
  349      58         86         21       9756        150        289         20
  350      63         48         62      13911         30        155         20
  351      36         87       9982         43         30        165         20
  352     106        103         56        943         90        166         20
  353      22        101         82      14918         60        137         20
  354     152         87       2636          0         60        186         10
  355     114         19         67          0         30        138         10
  356      45         54       1677          0        120        294         10
  357      48         60       1005          0        390        500         10
  358      81          8       1427          0          0        127         10
  359      16        122        679          0        150        261         10
  360     133        123      11040         38        120        225         20
  361     151        123       9812       5188        360        535         20
  362      66         63        237        665          0        160         20
  363     166         83         90       2569          0        183         20
  364     122        146        344        287        300        451         20
  365     137         37       1924          0          0        147         10
  366     174        119       1642          0        120        243         10
  367     145         69       2080       4330        420        492         20
  368      51        101       1613       3528        150        226         20
  369      96        118        111          0         30        172         10
  370      79         16      14945         55          0        154         20
  371      15         37         90       6257        180        253         20
  372      87        130         12          0         30        164         10
  373     170         36       5879       1769        120        186         20
  374     145         38         40          0         30        156         10
  375      83        141        744          0        150        228         10
  376      77        120         22          0         90        230         10
  377      91         35        111          0          0        115         10
  378      44         71       3765         96        150        249         20
  379      29         24       3492        215        300        427         20
  380      22         91        197          0        180        281         10
  381      53         37       1685        404        360        499         20
  382     153        134        116       1745         90        221         20
  383      85         74       7744         73         90        252         20
  384      97         37        103       2795         30        196         20
  385     101         97         17         91          0        133         20
  386     154         25         16        113        120        191         20
  387      52         61       1464       1944          0        101         20
  388      28         75        589          0        390        496         10
  389      28         34         85          0          0        132         10
  390      44         47      13065          0        150        280         10
  391      11         48       9418        749          0        125         20
  392     168        139         35        643        120        278         20
  393     192         88       4583       1308        120        231         20
  394      31         13       1844        847        120        221         20
  395      39         39       1802          0         60        204         10
  396      82        107       2525        182         60        195         20
  397      70         46       3340          0        300        461         10
  398     144         18        498        686        120        218         20
  399      56        114        226       2021         60        151         20
  400      47        133      11397          0        120        249         10
