400_395

CUSTOMER  VEHICLE
NUMBER	  NUMBER     CAPACITY    DispatchingCost
    400     500          40000       100

CUSTOMER
CUST NO.  XCOORD.   YCOORD.   DDEMAND   PDEMAND   READY TIME  DUE TIME   SERVICE TIME

    0      41         23          0          0          0        960          0
    1      22        146       1463       3399        120        285         20
    2     168         96         60        818          0        194         20
    3     124         96       1879          0          0        162         10
    4     131        104       1858          0        150        263         10
    5     179         61        227      14773         30        185         20
    6     102         72       2790      12210        210        280         20
    7     172        113         47          0         60        231         10
    8      84         56        142       7646        210        292         20
    9      30         42        540          0          0         80         10
   10      18         37       1460        890        120        218         20
   11      34        136         68          0        120        204         10
   12     116         65       2686         62          0        140         20
   13      44         86         37          0          0         99         10
   14      68         21       1661          0        150        229         10
   15     162         63        310       3296        390        526         20
   16      99         45        936      14064        120        198         20
   17      67         95       1760        192        120        213         20
   18     197         70         83          0         60        208         10
   19      85         58        441          0          0        166         10
   20      47        133      11397          0        120        249         10
   21     145         69       2080       4330        420        492         20
   22     144         34       3247       1430          0        135         20
   23      98        122       2150          0        330        463         10
   24      10         15       1552          0          0        100         10
   25      68         86       1828          0        120        194         10
   26     104         91       1115        109         90        161         20
   27     132         69         13        433         90        230         20
   28     192         88         85          0        180        287         10
   29     102         78       8295          0        120        222         10
   30      68         94       2410        333         60        164         20
   31      30         43       2209          0        120        293         10
   32     142         31       1380          0         60        168         10
   33      46        116        290          0        180        280         10
   34     164         73        887        104        150        229         20
   35     188         95       1525         75        150        291         20
   36      66        152       1090          0         60        227         10
   37     130        148       1672          0        150        233         10
   38     183         89        248          0          0        193         10
   39     173         97       6144       4815        150        254         20
   40     109         64       2257       7680         60        153         20
   41     198         67         52          0          0        199         10
   42      42        127       2066      12934        120        248         20
   43      34         63        152          0         60        225         10
   44      39        107       3078       1042          0        129         20
   45     196         74       1716       1860        120        211         20
   46     120        116       7832          0          0        178         10
   47     172         77        358          0         60        193         10
   48      17         18         15        664          0        102         20
   49      41        145        831          0        120        245         10
   50      77         63       6727        423          0        101         20
   51     199         74        336          0          0        208         10
   52     168         49       2348      12652         90        168         20
   53     180         65        672         19        150        279         20
   54     143         66         95       1872         60        148         20
   55     148         30       5837       1870         90        163         20
   56     109         94       1274       1998        120        200         20
   57      38         96        576        433        180        244         20
   58      94        118       2191          0        180        250         10
   59      77        120       1854       2136          0        144         20
   60     115         96       3726          0         60        145         10
   61     146         33       2113          0        150        246         10
   62     146         88      10696          0         30        163         10
   63     103        124        181          0        180        286         10
   64      83        141       1653          0        150        252         10
   65      95         24        380        190          0        143         20
   66     160         56      13442       1558         90        220         20
   67      19         13        108          0         90        247         10
   68     160         77       1715          0          0        183         10
   69      20         21        920       1159        120        285         20
   70      60         13        324          0          0        103         10
   71      42         23       1844       1205        120        218         20
   72      73         81       1936         35        150        261         20
   73      97         36       9156       2225          0        165         20
   74       7         28       1609          0        180        298         10
   75     141         45       1895          0        120        261         10
   76     122         34       1862         70         30        115         20
   77     166         83         90       2569          0        183         20
   78      28         81       4605          0          0        105         10
   79     120        117       1615       1636          0        157         20
   80      21          7        812          0         90        164         10
   81      34        122        556          0          0        129         10
   82     198         93       5274          0         60        215         10
   83      30         54       1318          0          0        134         10
   84     154        131       5120          0          0        201         10
   85     123         62       1825          0        300        403         10
   86      86        140        100       4343          0        176         20
   87      73         83         28          0          0        139         10
   88      95         87       2218       4579         60        171         20
   89      47        125       4866       6351         30        156         20
   90      85         83       6623          0          0        111         10
   91     119         55         96       1895         90        199         20
   92      83         25        442       3136         30        159         20
   93     119         94        388       2215         60        200         20
   94      66        117      10176        845          0        175         20
   95      62         76       9568          0        300        429         10
   96      43        122       6257          0         30        164         10
   97      44         48        922      14078        390        486         20
   98     111         87         10       1976        180        263         20
   99      29         38         22          0         90        162         10
  100     145        134        181          0        300        401         10
  101      83         99        222          0         30        190         10
  102      88         16        204          0          0        101         10
  103      70        126        143          0         60        170         10
  104      56         49         44          0          0         94         10
  105      41         79       1984       2822         90        197         20
  106     148        126       1520          0         60        194         10
  107      57        142       9688         26         90        170         20
  108      34        147        233          0        120        212         10
  109     121         81       1570          0         90        223         10
  110      30         73       2255        840        150        287         20
  111     132        121       1538       2076         90        185         20
  112      34        127       8560          0        300        454         10
  113     159         75       7375          0        330        468         10
  114     131         32       2471          0        300        432         10
  115      57        153       7500        437        120        231         20
  116     127         53       1804          0        120        225         10
  117      29        130        127          0        120        295         10
  118      88         13         60       1333          0        126         20
  119     183         60         96          0         60        181         10
  120      66         63        617        672        360        469         20
  121      55         47       1590       1646         30        158         20
  122      30        155       1745       2364        120        269         20
  123     155         55        452       9990         30        184         20
  124      63         20         81          0         30        101         10
  125      27         46        210         59        120        204         20
  126      80         70       2014          0        120        276         10
  127     146        112       3512          0         90        178         10
  128      78         43       1788          0        420        504         10
  129      24        114        503          0        300        405         10
  130     115         61         14          0         60        166         10
  131     102        114         11          0        330        432         10
  132      29        135        888          0        210        287         10
  133      58         21       1892          0          0        135         10
  134      82         56        213          0          0        102         10
  135     109         75       5146          0         60        170         10
  136      87        130       3686          0         60        158         10
  137      45         86       2250          0        330        433         10
  138     105         68        177        145         30        143         20
  139      86         67        991          0          0         96         10
  140     106         68       3813          0        360        514         10
  141       7        114       1255          0         60        173         10
  142      48         47         97          0          0        132         10
  143     138         37      14957         43        120        277         20
  144     136         69       1344        232        330        472         20
  145      82         74        556          0         90        164         10
  146      64        119        103      14897         60        155         20
  147     129         89         34          0         30        169         10
  148     162        117       2284          0         60        219         10
  149     166         88      10500          0          0        197         10
  150      21         41       7170          0          0        102         10
  151      74        120         20          0          0        167         10
  152      62         46       1630       2155        300        397         20
  153     109         98        382       5735         30        141         20
  154      22         77      15000          0         30        200         10
  155      53         69         82       2826         90        194         20
  156      92         35       2586       1748        120        229         20
  157     107         85         75       5377         60        132         20
  158     193         91       2004          0          0        211         10
  159     106         59        129        287        150        220         20
  160     142        131       1723        563        330        459         20
  161      42        125        199       1517         60        233         20
  162      32        100        150       6079        150        220         20
  163      87        101       5050        279          0        135         20
  164      38         24       4771       7888          0        169         20
  165      69         51       7005       1959        120        239         20
  166     170         82       4985          0        120        219         10
  167      64        137       1077       1708        360        530         20
  168      13        119        606          0        210        287         10
  169     131         17        190          0          0        154         10
  170     159         43       5669       1990        360        466         20
  171     173         62         44       5374        180        285         20
  172      15         52        136       2360        150        242         20
  173     198         86       2360       2542         30        214         20
  174      60         43       2267       1205        120        255         20
  175      74         63        354          0        210        277         10
  176      90        124        108        137        210        285         20
  177      57         70       1258       2997        360        467         20
  178      69        134       1305          0        180        259         10
  179      62        154         13       2433        210        296         20
  180      33        137       1169          9        150        263         20
  181     121         85        191        147        360        438         20
  182     113         48       2963        624        300        410         20
  183      15         36       1121          0        210        276         10
  184      68         96         65          0        150        242         10
  185     114         49        628       1895          0        131         20
  186      40        155        128         35        180        254         20
  187      31        106        686          0         30        169         10
  188     151         77       4561       1854         90        228         20
  189      65         82       2587        500        120        188         20
  190      48          5        806       2334          0        142         20
  191     128         71       1174       2961        150        284         20
  192     106         96       8663        587         30        141         20
  193       7         97         54         17          0        171         20
  194     151        143        783         35        150        291         20
  195      59        106       1712          0          0        136         10
  196      29         68         18          0         90        218         10
  197      76         78       3955       4377        120        287         20
  198      48         74       3945          0          0        110         10
  199     186        107       2703       5379         90        246         20
  200      64         44       1758       7409          0        122         20
  201      31         40      14776        224        120        187         20
  202     150         49      15000          0         30        198         10
  203     173         43       2819          0         90        172         10
  204      87         93         35          0          0        128         10
  205     181         73      15000          0        120        257         10
  206      46         52       4362        227          0         80         20
  207     176         46       2784        182         90        183         20
  208      34        149       1526       3958         60        216         20
  209     160         78        606       1253        180        250         20
  210     112        138      13644       1356        120        250         20
  211      35        150        232          0         90        206         10
  212      30        117       1507          0         60        160         10
  213      24        148        579       9316        180        268         20
  214     104         55       4342          0        300        417         10
  215     151        109       2331        785        120        188         20
  216      54        104        126        152        120        258         20
  217     119         33        108         80        150        220         20
  218      52          0        487          0        120        228         10
  219     145        124        149          0          0        191         10
  220      40         29        860          0        120        283         10
  221     174        119       2449       2204        120        215         20
  222     132         48        526         24          0        134         20
  223      27         22       1614       1875        330        400         20
  224      99         74       3110       1521        120        197         20
  225     174         66         54       2020         90        226         20
  226      51         98        407       8859          0        107         20
  227      88         63       5628          0        300        404         10
  228      36        106       1722       6296        360        463         20
  229       0         21        474         54          0        167         20
  230     164         70       2361       1816        300        428         20
  231      56         19       4992       2542          0        140         20
  232     138         56        108       7691        120        185         20
  233      37         72       6072       2024        150        287         20
  234      37        123       1210          0         30        163         10
  235     132         36         13       2630         90        182         20
  236     122         83       4009          0         60        228         10
  237      14        122       9250          0         90        232         10
  238     188         70       1509        857          0        195         20
  239      45        126      13180          0         90        167         10
  240     103         55         62          0          0        142         10
  241     127        122         14          0        120        266         10
  242     151         49       6368          0          0        160         10
  243     173         56        817       2138        120        258         20
  244      85         61       3805        210         60        151         20
  245     150        131       1010          0        180        250         10
  246      53        103       1890          0          0        159         10
  247     119         15       2659          0        420        480         10
  248      36         79         86        212        450        517         20
  249      32        115       6757       1941        390        527         20
  250     104        109       1628        251        180        294         20
  251     109         29        608       3418        120        223         20
  252     147        113       1183        841        300        440         20
  253      73        123         13       8002         60        151         20
  254      52        130      15000          0         60        222         10
  255      40         86       2078       5659        120        295         20
  256     129         75        220          0        330        427         10
  257     138        128       2515       7408         90        256         20
  258     123         67       3124       2437         60        203         20
  259      15         81       1625          0        180        276         10
  260      68         73       4524       5873        120        191         20
  261     150        127       3450         58         90        181         20
  262      71        130       1104          0         90        263         10
  263      99        113        202          0          0        153         10
  264     148         32      10754       1881         30        164         20
  265      85         74       3146        252        150        233         20
  266     121        142       1557      13443        120        242         20
  267      48         60       1005          0        390        500         10
  268      79          7       2256          0        120        196         10
  269     148        128       2169          0          0        198         10
  270      97         24        618        175          0        144         20
  271      74         66       2215          0        120        250         10
  272     122        109       1098       3238        180        286         20
  273      21         78       3399          0         60        163         10
  274      53         57        538         68          0         75         20
  275     176         71       2581         20         60        184         20
  276     158         71        370          0          0        169         10
  277      18         29       2400         69        120        230         20
  278     147         39       2024       2295         90        195         20
  279     166         28       2289       1712        180        263         20
  280      73         92       5409        719         60        236         20
  281      42         52       1613       2243          0        127         20
  282      53         78        416       1636        420        493         20
  283     121        143       4376          0        330        471         10
  284      95        146       1531        690         60        175         20
  285     131        123        786       5873         30        190         20
  286      85         45        142          0          0         96         10
  287      58         88       1900          0        150        271         10
  288      37        100       1221       2447        330        467         20
  289     150         70       3899        511        300        469         20
  290      97         86       4135      10865          0        154         20
  291     191         57       1758       2206         90        201         20
  292     125         29      15000          0        150        295         10
  293      76         31        206      14794          0        166         20
  294     179         48        908        433          0        183         20
  295     174         54       2139          0          0        172         10
  296     139        107       4140        182         60        172         20
  297      91         84       2130       1307        330        440         20
  298      78          6       6345       6106        120        248         20
  299      13          8       1062          0        120        288         10
  300      62         45       3063          0        120        200         10
  301     176         77         39          0         60        200         10
  302      95         66        237        525         30        185         20
  303     177        110         48          0         90        253         10
  304      38         31       1285       1542        120        279         20
  305      60        122       4717          0          0        139         10
  306      92         59       3425       8935        390        465         20
  307     148         47       1068       9983          0        148         20
  308     167         94         86          0        120        186         10
  309      36        146       6099        397        300        473         20
  310     189         85       1869       1825          0        199         20
  311     133        100       2576          0        390        459         10
  312      71        129         13        101        120        184         20
  313       0         90       7975       4343        360        506         20
  314     198         85        594          0        120        288         10
  315     144         54       1767       3023          0        147         20
  316     131         44       2513        428        150        226         20
  317     163        118       2063       4998         60        186         20
  318       3         90       6679       2977          0        141         20
  319     151         22       3910          0          0        168         10
  320     168        140        643          0        360        454         10
  321       9         49       1501          0        150        257         10
  322      15         10        239          0         30        168         10
  323      24        109       1096        166        390        459         20
  324      53         37       1685        404        360        499         20
  325      16         10      11938        630        120        207         20
  326      35         63       1931          0          0        100         10
  327      85         76       2490       5313        120        185         20
  328     103         96         36          0         90        165         10
  329       8         10        216       2069        150        286         20
  330      63        150         15       1030        330        403         20
  331      68          2         26        174          0        145         20
  332      24         59       4918          0        390        502         10
  333      95         68         42          0         30        115         10
  334      28         45       4270          0          0        110         10
  335      39         52        100          0        120        201         10
  336     100         19        427       5297        120        227         20
  337     102         87         11        383        150        245         20
  338      74        140        108          0        150        277         10
  339     100         65       3415          0          0        128         10
  340     103         95       5044       8107          0        150         20
  341     111         70       5395       2706         90        173         20
  342     101         85        237       1403        120        254         20
  343      93         94        631       7181         60        138         20
  344     163         65       2020          0          0        177         10
  345      21         40         48          0        120        196         10
  346     158         74       1454       1418          0        176         20
  347      95         18        146       1667         30        129         20
  348      12         98      14989         11        330        433         20
  349     135         78      15000          0        300        404         10
  350      37         15      15000          0          0         77         10
  351      10        116         86       1521         60        226         20
  352      35         26       1192         21        120        234         20
  353     112         74        350          0         60        182         10
  354     136         72       1950         36        120        293         20
  355      67         87       1522        122        120        225         20
  356      63         90       7354       1614        120        204         20
  357     105        126        525          0         60        171         10
  358     117         42       1478        505          0        131         20
  359      41         74         87          0         90        169         10
  360     105         81       1985        894        180        249         20
  361      20         39       2089       5003        150        253         20
  362      16         35       5990          0          0        168         10
  363     142        102       4128       3302         60        184         20
  364      55         65       4554          0         30        168         10
  365     108        137        258          0         60        225         10
  366     152         87       2636          0         60        186         10
  367     128         97        756       7047        330        403         20
  368      39         27       6210          0        120        192         10
  369      20        119         90          0        180        249         10
  370      94         69        107          0        150        254         10
  371     129         24       1772       9984        300        461         20
  372      90         28       4659          0          0        102         10
  373     170        118       1758          0        390        454         10
  374      76         44        234       1582        120        250         20
  375      66        109       1110          0        180        246         10
  376      77         44       4410          0          0        128         10
  377      19        124       6407        627        120        283         20
  378     107         61        197          0         90        251         10
  379      36         20       2287        292        120        282         20
  380      20        145        101          0          0        177         10
  381     169        111       1118       3641        120        248         20
  382     139         33      12128       2872        120        282         20
  383      59         14       5199       2975        120        282         20
  384      59         81         90       3021        120        228         20
  385     135         59       1010          0          0        151         10
  386      25        117      14638        287          0        134         20
  387     187         54       3502          0          0        189         10
  388      51          1       1834       3239         30        141         20
  389     185         56        943       2538        300        477         20
  390     105         62         42          0         90        172         10
  391      80         93       2005         32        120        197         20
  392      78         17       2692        337        390        461         20
  393     132         33       6846       1613        360        460         20
  394     147         57       1502       7667        360        522         20
  395     155         74        180          0          0        170         10
  396      12         15       1272          0         90        189         10
  397     191         51       3545          0          0        204         10
  398      36         72       2498        527        300        437         20
  399      98         63       5465        451        330        494         20
  400     140         38        155        448         90        262         20
