400_2

CUSTOMER  VEHICLE
NUMBER	  NUMBER     CAPACITY    DispatchingCost
    400     500          40000       100

CUSTOMER
CUST NO.  XCOORD.   YCOORD.   DDEMAND   PDEMAND   READY TIME  DUE TIME   SERVICE TIME

    0      41         23          0          0          0        960          0
    1     122        109       1098       3238        180        286         20
    2     102         93       2636       9336        180        295         20
    3      29        130       1851       2076         30        160         20
    4     150         67        227          0          0        155         10
    5     179        114       1724          0         30        220         10
    6     170         36       5879       1769        120        186         20
    7     120        129       2763          0        180        256         10
    8      13          8       1062          0        120        288         10
    9      47         51       1248          0        120        202         10
   10     120        124       1602          0         90        183         10
   11     119         15       4175       4102         30        159         20
   12      30        154        476        309        360        461         20
   13      20        116       2331      12669        120        252         20
   14      98         99       3156          0          0        148         10
   15     107         85         75       5377         60        132         20
   16     160         78        270          0        120        188         10
   17      28         45       4270          0          0        110         10
   18      95         68         42          0         30        115         10
   19      92         84       1989         56         60        146         20
   20     123         52        720          0        180        240         10
   21      53         65         70          0         60        199         10
   22     160        136       1923          0        360        466         10
   23      83         79       1076          0        120        243         10
   24      49         43       6189          0         30        101         10
   25      73        123        133       1185          0        166         20
   26      23        118        170          0          0        141         10
   27     176         47       5280          0         90        196         10
   28      64        137       1077       1708        360        530         20
   29      12         30       6037       8963          0        103         20
   30      19         13       1044          0          0         64         10
   31     153         75       6006          0         30        178         10
   32      27        110       4283       4190        390        472         20
   33     155         35         78          0         30        161         10
   34      65         79         29       9866        330        493         20
   35      27        127       1363       1951         60        162         20
   36      90        119       1869       9807        360        431         20
   37      10         48         25         20        120        230         20
   38     101         97         17         91          0        133         20
   39      57         94       1829          0         90        233         10
   40      51         98       5190       6318        180        266         20
   41     101         85        431       3769        420        521         20
   42      93         68       2220          0        120        273         10
   43      30         43       2209          0        120        293         10
   44      40         86       6622       8378        450        525         20
   45     126        111       9991       3234        180        256         20
   46      74        140        108          0        150        277         10
   47      71         81       9982         59         60        128         20
   48      69         51       4815       3808          0        119         20
   49     143         87       1059          0        120        296         10
   50     158        128         27       1673         60        235         20
   51     111         35       2054       2821          0        141         20
   52     111         83        937          0        420        533         10
   53     106        103         17          0         60        194         10
   54     120         86         94          0        330        491         10
   55     116         49       3116       4606         30        172         20
   56      16        118       7875       2080        390        525         20
   57     113         71       2990          0        180        265         10
   58      38         73         30          0          0        110         10
   59      53         37       1685        404        360        499         20
   60     149         94        165        502        180        259         20
   61      81         18      11287       2416        120        228         20
   62     120        116       7832          0          0        178         10
   63      17         21        194       1014         30        154         20
   64      98         53       1297          0          0        172         10
   65     163         22        272        788        120        243         20
   66     160         74         49       1329        180        288         20
   67      55         60       2170          0        150        232         10
   68     131         89       1708          0         30        159         10
   69      66        152       3277         72          0        161         20
   70      16          6       2550          0          0         86         10
   71     174        119       1642          0        120        243         10
   72      39         33        673        169        420        497         20
   73      47        137         33          0        120        298         10
   74     141        142       2973        620         60        236         20
   75      85         74       3146        252        150        233         20
   76      58         88       1900          0        150        271         10
   77     120         33       9977          0        390        496         10
   78     138         37       3221       1807        330        431         20
   79     197         70       7034          0        210        296         10
   80      48        138        127          0        120        233         10
   81      43        136      12933          0        390        500         10
   82     131         83        299          0         60        155         10
   83      14          4         53       4356        120        222         20
   84      86         52       1157          0         90        251         10
   85     133        102       3993          0         30        171         10
   86      29         81       1158          0         30        160         10
   87      82        131         14          0         60        223         10
   88      52         10       3033          0        300        425         10
   89      31         13       1844        847        120        221         20
   90       1         17         29       1669         60        230         20
   91     120        117       2765          0         30        158         10
   92      78         35       6575          0        120        185         10
   93     162        104        601       1506        120        279         20
   94      15         81       1625          0        180        276         10
   95      77         63         68       4814         60        167         20
   96     129         89         34          0         30        169         10
   97      77        120         22          0         90        230         10
   98      66        119       1551          0        150        227         10
   99     171         80        204        249         30        201         20
  100     105         79       1959          0        180        242         10
  101     188         95        130        385          0        214         20
  102      47        129        723       1308        120        221         20
  103      17         18         15        664          0        102         20
  104     155         27        325          0         60        164         10
  105     131         32       5051        306          0        134         20
  106     136         72       4622        182          0        150         20
  107     140         66         72        298          0        154         20
  108     142         29      10671        395        300        403         20
  109     121         73         21          0        300        459         10
  110      85         58       7139          0         60        223         10
  111     179         61       1605       5657         90        180         20
  112     107         93       2516        758        360        430         20
  113      42         16       2135          0        120        252         10
  114      22         15       1910          0        120        219         10
  115     174         67       3596          0         30        195         10
  116      10         44       9023       1791        390        461         20
  117      36        143       1200          0         60        213         10
  118     163         29       4002          0        150        229         10
  119      28         34      13589          0          0        135         10
  120      78         87         56       1532        120        278         20
  121      52         28        291       1842          0        103         20
  122     176         70       1430        164        120        192         20
  123     101         20        428       1271        120        184         20
  124       8         81       1748         91         60        162         20
  125     176         71       2484          0        120        274         10
  126      33         64       4213        333        300        410         20
  127     123         47       8172          0        360        470         10
  128      88         54      11096          0         30        109         10
  129      49        148       1504       1889          0        167         20
  130      73         89         54          0         90        258         10
  131      57        145        202       3076          0        168         20
  132     198         79       1205          0         90        203         10
  133     106         82       1914          0        120        193         10
  134      85         71        857       3492         30        142         20
  135      79          7       2256          0        120        196         10
  136     102         27         33       2085          0         98         20
  137      46        113        442          0          0        171         10
  138     177         48         15          0          0        183         10
  139     197         58         60         56          0        214         20
  140     111         65       3524       6652        360        492         20
  141     130        122       9733          0        150        257         10
  142      53        153         46          0         90        175         10
  143     151         77      13526       1474        120        190         20
  144     178         62       2706          0         30        195         10
  145     145        124       2437          0        150        252         10
  146     154        105       2750         12        180        285         20
  147     173        111       1961          0        120        216         10
  148     181         42       4565       2636          0        180         20
  149     168        147       2530        147          0        222         20
  150      78         84       2387          0          0        148         10
  151     163        140       3726          0        120        251         10
  152      70        119       1500          0          0        165         10
  153      32        100       2565          0        150        222         10
  154      30         36        468       2067        390        494         20
  155      22        149       4211          0        450        521         10
  156      21          7       7043        123          0        161         20
  157      93        152       6160          0         30        195         10
  158      82         90       1382      13618         60        201         20
  159      81          6       4267          0        150        255         10
  160      95         18        146       1667         30        129         20
  161      11         17        198       1008         30        133         20
  162     128         71       1174       2961        150        284         20
  163      91         84       3872          0         60        158         10
  164      92        120        250          0         30        162         10
  165      81         66        124          0         60        166         10
  166      68         73       4524       5873        120        191         20
  167     108         21         28          0          0        103         10
  168     177        112        280        193          0        200         20
  169      55         67        252         43          0        112         20
  170     194         60      12139          0         60        228         10
  171      36        106       1722       6296        360        463         20
  172      87         81        949          0        360        471         10
  173     111         54       3504          0          0        113         10
  174       7         97       4446       3145         90        255         20
  175      38         96       3676       2220        330        499         20
  176     150        140       3400       2503        120        215         20
  177     106        125        110          0        150        229         10
  178     109         29       6576       2690          0        161         20
  179      21         24       1893        322          0         66         20
  180      97         86        559          0         30        147         10
  181     102         47       4076          0        120        199         10
  182      64         44       1799       6800        120        218         20
  183      49         88       1526       1790         90        228         20
  184      22         91        197          0        180        281         10
  185     169        111       1118       3641        120        248         20
  186     154         27        443          0        300        426         10
  187      71        100       5973          0         30        121         10
  188      53        103        618        889          0        138         20
  189      82         85      15000          0        120        227         10
  190     112         47        105         93        180        265         20
  191      38         68       3160          0        360        432         10
  192      62        151       5376         22          0        187         20
  193     148         23        926          0          0        141         10
  194      13         12       2221       2094          0         93         20
  195      69         22        101          0          0        143         10
  196     108         29       6317          0        420        527         10
  197     181         76       6564       2216          0        192         20
  198     192         62         41       2702          0        202         20
  199     117         97       9680          0        360        462         10
  200      59        134       2995          0        300        470         10
  201       7         28         13          0         30        187         10
  202     164         85        630       5376          0        171         20
  203      34        124         90         22         30        146         20
  204     132         62       4261          0          0        136         10
  205      34         67       2009        514          0         86         20
  206     115         90        276          0        120        259         10
  207     189        101        830          0        180        281         10
  208     153         48        280          0         90        171         10
  209      69         24       3371          0          0        172         10
  210     139         33      12128       2872        120        282         20
  211     185         98       2153          0         30        214         10
  212     109         94        292          0         30        172         10
  213      17         49       1940         15        120        213         20
  214      29         31       1680          0        120        284         10
  215      28         81       4605          0          0        105         10
  216      90         74       1490          0          0        111         10
  217      37        100       2569          0        120        286         10
  218     167         57       3868        200         60        201         20
  219     133         89       1772       7207        390        457         20
  220      20         78       3380      11620         90        171         20
  221     150         53       3160       1628        120        251         20
  222      52          0        487          0        120        228         10
  223     135         26       2810       1097        390        452         20
  224      26        142       2365         31         30        168         20
  225     134         33        760          0        360        429         10
  226      40        112       1854          0        390        460         10
  227       0          8       5321        105        120        223         20
  228      77         42        512          0        120        271         10
  229      97         84       3915       6296         90        249         20
  230     173         43       2819          0         90        172         10
  231     140        133       2253          0         60        196         10
  232      56         64        170       5400         60        195         20
  233      37        123        451       2447        300        410         20
  234     170         82       1975       9336         90        250         20
  235      57         29       1752          0        120        228         10
  236      76         16       1247          0        120        222         10
  237     185         44        233        984        150        256         20
  238      75         90       3133       1153        390        472         20
  239     103         96       1321        433         90        195         20
  240     100         73         28          0         60        138         10
  241      53         45       1570          0          0        107         10
  242     114         19         67          0         30        138         10
  243      92         70       5901          0        180        280         10
  244     139        107       4140        182         60        172         20
  245     194         97        122          0          0        214         10
  246      95         66         82        101          0        108         20
  247     145         69         44          0         30        143         10
  248     179         67        382       1583         60        193         20
  249      21         23        210          0          0        167         10
  250     132         93       5072          0         90        212         10
  251      87        113       1519          0         90        169         10
  252     127         52        301          0         30        156         10
  253      86         76        670          0          0        120         10
  254      96         82         90       3809         90        189         20
  255     134         73       1174       5745         30        143         20
  256      44         47      13065          0        150        280         10
  257     106         65       3641       1748        150        251         20
  258      30         38       1519        107         90        253         20
  259     132        121        147          0        150        259         10
  260     117         63       4027       1999        120        279         20
  261      38         24       4771       7888          0        169         20
  262      77        132       2764          0        120        257         10
  263      40         67       1644          0        450        523         10
  264     102         78       8295          0        120        222         10
  265     168         75       4492        515          0        183         20
  266      33        131       2198        336        150        232         20
  267      36         20       2287        292        120        282         20
  268      79        131        170          0         30        158         10
  269      60         13       2205          0        120        205         10
  270      89         36         11        504          0         79         20
  271     137        103       1733          0         30        170         10
  272      51        150         20        746          0        173         20
  273     122        139        424         47         90        186         20
  274     112        138      13644       1356        120        250         20
  275      37         14        894          0        120        259         10
  276      33        137      14137          0        390        460         10
  277     122        101       1641          0         30        166         10
  278       7         18         66         20        150        265         20
  279     120         97         25          0         60        171         10
  280     108        137        182       1571        180        286         20
  281     100         84       2429          0          0        123         10
  282      98         69       1568          0        120        256         10
  283      99        108       6709          0          0        142         10
  284      89         56       1257          0         30        139         10
  285       5        113         74          0         60        130         10
  286     172        108         11       7575        120        286         20
  287      99        144       1870        142         60        171         20
  288      15         42       5014       1889        330        436         20
  289     111         25        700       1224          0        120         20
  290      15         10        239          0         30        168         10
  291     152        146       1043          0         90        200         10
  292     158         75       5351       9649        390        455         20
  293     123         62       1825          0        300        403         10
  294     131         17        190          0          0        154         10
  295     121        147       1605          0        150        260         10
  296     163        118       2063       4998         60        186         20
  297      11         19       6393          0        120        230         10
  298      26        113        129          0         30        191         10
  299     105        152        367          0         30        179         10
  300     169         76       4559         30        150        249         20
  301     185         56        943       2538        300        477         20
  302      24        109       1096        166        390        459         20
  303      54          2        181         31          0        110         20
  304     122        146        344        287        300        451         20
  305      44         48        566          0         30        160         10
  306     121        129       2805       1791        180        279         20
  307     164         76         51        577        180        251         20
  308     192         88         85          0        180        287         10
  309      35         23        852        784        120        222         20
  310      80         11       1799          0        360        524         10
  311     151        120       2582          0        300        443         10
  312      70         51       7914         34        300        437         20
  313     104         81       4870        938         90        260         20
  314      55        116      10997        108         30        131         20
  315     132         36       1052          0        120        198         10
  316      33         20       2257       6831          0         69         20
  317      30         54       1318          0          0        134         10
  318      84         78       2544          0         60        190         10
  319     164        107         48          0        180        280         10
  320     172         77        358          0         60        193         10
  321      31          4       4408         12        330        490         20
  322      46        116        290          0        180        280         10
  323      91         95       1931        924         30        144         20
  324      48        151       1789         40        330        460         20
  325       9         44        287          0        390        467         10
  326      34        136       1030          0          0        146         10
  327      22        146       1463       3399        120        285         20
  328     116         85         40          0        330        498         10
  329      41         73       1594          0          0         97         10
  330     123        124       6744          0        330        442         10
  331      32         73       3613       1893        360        487         20
  332      64         90         81          0        360        493         10
  333      82         56       2214          0          0         86         10
  334     101         77        314          0        300        398         10
  335      82         74        556          0         90        164         10
  336      90         16       8545       2763        330        491         20
  337     160        108        591       3008        180        248         20
  338      70        126       1688       1036        330        497         20
  339     143         31        112          0        300        434         10
  340      27         73        330         57        120        289         20
  341     152         87        973         97         90        170         20
  342     119         33        108         80        150        220         20
  343      52         61         60          0          0        111         10
  344      55         91       4855          0        120        235         10
  345      89         57        445          0        120        277         10
  346      56         49       1691       6109        120        260         20
  347     138        128       1884          0         30        182         10
  348      95         91       1841       1378          0        166         20
  349     113         37         38       1293          0        132         20
  350      33         69       8738          0        120        271         10
  351      26        126        346        593         60        190         20
  352      21         12        104          0          0        146         10
  353       6         49        350       2338          0         84         20
  354      92         59       3425       8935        390        465         20
  355      90        102       3642          0        390        518         10
  356     140         47       5638          0        330        494         10
  357      86         77        357        986        180        260         20
  358     153         52        615          0         90        231         10
  359       7         32         33       3879        120        195         20
  360      89         60       1136          0        420        513         10
  361      98         46        101      14899          0         92         20
  362     169         82        150         17        120        225         20
  363      51        101       1613       3528        150        226         20
  364      28         75        589          0        390        496         10
  365     174         99       2160        447          0        203         20
  366     122         30       1332        207         30        154         20
  367      95         90        390       1647        120        235         20
  368      57         37         14          0        150        219         10
  369     111         70       2613       8002        120        181         20
  370     148         32      10754       1881         30        164         20
  371      48         47         97          0          0        132         10
  372      59         48       8964          0        120        190         10
  373     168         96       2000        101          0        192         20
  374     119         45       1008        697          0        129         20
  375     135         29       2789       1610         30        155         20
  376     188         66         84          0         30        196         10
  377     151        123       1225          0        120        221         10
  378     148        128       2169          0          0        198         10
  379      51         80         35          0         90        216         10
  380      47        125        734          0          0        161         10
  381      91         70        763          0        120        218         10
  382      46        125        253         17         60        155         20
  383      80        113       2250       2029         60        191         20
  384     131        104       1858          0        150        263         10
  385     114         77       2484          0        180        260         10
  386      35         97        196          0         90        170         10
  387     179         48        908        433          0        183         20
  388      82          9      11160        222          0        127         20
  389     111         85       3239         34        120        268         20
  390     147         22       3151       5907         60        181         20
  391     156         67         12       7501         90        203         20
  392      28        139       2579          0         60        155         10
  393      50        123        657          0        150        296         10
  394     101        120       1250          0        360        469         10
  395      13        119       2319          0         60        227         10
  396     112         20       8802          0        360        539         10
  397     154         76        274          0         60        234         10
  398     125        102         61          0          0        167         10
  399      16         62       4458          0          0        103         10
  400      87         93         35          0          0        128         10
