400_7

CUSTOMER  VEHICLE
NUMBER	  NUMBER     CAPACITY    DispatchingCost
    400     500          40000       100

CUSTOMER
CUST NO.  XCOORD.   YCOORD.   DDEMAND   PDEMAND   READY TIME  DUE TIME   SERVICE TIME

    0      41         23          0          0          0        960          0
    1      45        126      13180          0         90        167         10
    2     117        146        498          0        180        249         10
    3      22        129       1601       1207        120        250         20
    4     150         53       3160       1628        120        251         20
    5      72          3       5874       5907        120        259         20
    6     131        104       6827          0        330        469         10
    7     142         29      10671        395        300        403         20
    8      36         79         86        212        450        517         20
    9      87         93         77          0        120        281         10
   10     168        139         35        643        120        278         20
   11     141         68       3120          0        330        433         10
   12     188         79        566        126          0        216         20
   13      25        117       5161       1943        330        486         20
   14      60         79       4537       1655        300        430         20
   15     139        104       1682          0        300        407         10
   16     195         99        192          0         60        213         10
   17     195         59        736          0         60        200         10
   18     197         58         60         56          0        214         20
   19      64         54       8731          0        300        438         10
   20      85         76      13438          0        300        434         10
   21     118        100        337          0         60        214         10
   22     117         63       4027       1999        120        279         20
   23      74        140        108          0        150        277         10
   24       7        116         82       2516        150        227         20
   25     113         48       2963        624        300        410         20
   26      27        110       4283       4190        390        472         20
   27      37         14        894          0        120        259         10
   28     159         75       7375          0        330        468         10
   29     105         79         25       2090        150        290         20
   30      65         57         72       2160        120        253         20
   31     191         97         40        691        180        290         20
   32      63         20         81          0         30        101         10
   33     132         93       2419          0         90        231         10
   34      71         19         17        443          0        140         20
   35     118         94        325       1706         60        162         20
   36      89         60       1136          0        420        513         10
   37     135        121       2524      12476        210        294         20
   38      20         78       3380      11620         90        171         20
   39     164         60       2060       2199        150        230         20
   40     176         71       2581         20         60        184         20
   41     122         30       1332        207         30        154         20
   42     164         45        514          0         30        193         10
   43      10         15        283          0        120        283         10
   44     190         58       4309         30        180        250         20
   45      23        118       6397          0         60        201         10
   46     106         68        277       1874          0        123         20
   47     122         66       2433          0          0        148         10
   48     174         67        189         91        120        201         20
   49      85         71        857       3492         30        142         20
   50      95         68        202          0          0        164         10
   51     151         77       4561       1854         90        228         20
   52      88         72        795        661         60        187         20
   53      40        133       1587       5873         60        158         20
   54     117        100       6469       8004          0        157         20
   55     159        127       2388       2516         60        201         20
   56      20         39         60        108          0        106         20
   57     120        117       1615       1636          0        157         20
   58     132         43       7489          0          0        166         10
   59      62        151       5376         22          0        187         20
   60      60        148       1697       5044         30        189         20
   61     174         93       1500         15        150        250         20
   62      36        106       1722       6296        360        463         20
   63     123         66       1816          0        330        410         10
   64      88        127       4289          0         30        203         10
   65     164         76       6937       8000         30        189         20
   66     105         81         58          0        120        290         10
   67      73         91       7911        860        450        526         20
   68      13          8       2823          0          0        149         10
   69       5         14        439      14561        120        295         20
   70      26        126        346        593         60        190         20
   71     169         49       5959          0        180        287         10
   72      66        117       1096          0        150        231         10
   73     110         21       2830          0          0        110         10
   74      23        110        406          0        300        412         10
   75      64         44       1758       7409          0        122         20
   76     106         81         47          0        150        218         10
   77       9         44        287          0        390        467         10
   78      96        112         35          0         60        150         10
   79      39        107        542       9983          0        161         20
   80      46        113       3136          0         60        219         10
   81      59        106       8684          0         60        231         10
   82      64         90         81          0        360        493         10
   83     113         71       5854       3098        300        427         20
   84     121         81       1570          0         90        223         10
   85      40        155        128         35        180        254         20
   86     117         56       8002        836        330        431         20
   87     168        140        643          0        360        454         10
   88      71        130       1104          0         90        263         10
   89     172        108        183          0         30        202         10
   90      31         40      14657        343        330        433         20
   91      65        148       4849          0        300        405         10
   92     108        151      15000          0        300        395         10
   93      47        125        734          0          0        161         10
   94      15         37         90       6257        180        253         20
   95      89         56       1257          0         30        139         10
   96      32         43        822       2524        120        255         20
   97      30         45      12886          0        420        492         10
   98     136        148         64          0        210        279         10
   99     124         79         15          0          0        145         10
  100      65         82       2587        500        120        188         20
  101      80         70       1403          0        120        221         10
  102       9         49       1501          0        150        257         10
  103     121         49       3096        618        150        220         20
  104     121        129       1783          0        420        536         10
  105     120         85         96          0        180        297         10
  106     106         82       1914          0        120        193         10
  107      33        131       2198        336        150        232         20
  108     115        114       2497       2138        150        280         20
  109      67         61         30          0          0        127         10
  110      17         18       3480          0          0        104         10
  111      92         52       2272         40        120        236         20
  112      58          2        272        167        120        198         20
  113     138        146         31          0         90        208         10
  114     135         23        213       3093        360        519         20
  115     135         26       3579       2020         60        186         20
  116     125         79       5792         22         30        167         20
  117      96         81       6831          0        120        198         10
  118      34        137       5813         74        300        434         20
  119     110        119       4225          0        180        249         10
  120     112        138      14049        878         90        173         20
  121     125         88         46       2162        300        441         20
  122      90        119       4742          0        120        256         10
  123     176        126       3465       1746         30        209         20
  124      27        127       6599          0        300        414         10
  125      83         25       2025         40          0        157         20
  126     116         65       2686         62          0        140         20
  127     101         97       3191          0         30        197         10
  128      15         41       2076          0        120        262         10
  129      27         84       1142       3496          0        125         20
  130      48        154       1498          0        120        205         10
  131     144         18       1092      13908         60        147         20
  132      50        123        657          0        150        296         10
  133      30         38       1519        107         90        253         20
  134      59         85        631       4636        360        488         20
  135     120        116        786          0         90        184         10
  136      62         56         40        248        120        258         20
  137      34         74       2410          0        120        186         10
  138     141         45       1895          0        120        261         10
  139     173         95       4225       6623         90        201         20
  140      73         92      15000          0        300        413         10
  141      91         70        147        589          0        143         20
  142     150        127       3450         58         90        181         20
  143     177         48         15          0          0        183         10
  144      40         29        124          0          0        175         10
  145     106         65       3641       1748        150        251         20
  146      57        145        402          0         60        234         10
  147     108         42       1538       3504        120        271         20
  148      99         56       4284          0         60        165         10
  149     115         81       2084          0          0        142         10
  150      63         62        200          0        300        405         10
  151      53         65        288        392        120        249         20
  152     158         30         30          0        330        494         10
  153      86        140       9337         12        150        278         20
  154      10         51        117          0        150        296         10
  155     132         62        422          0        120        291         10
  156      17         36        524          0          0        104         10
  157      27         73       2173          0          0        100         10
  158      68         73      10273       4727          0        101         20
  159      44         86         37          0          0         99         10
  160      51        150       1346       4497         90        249         20
  161      47        133      11397          0        120        249         10
  162      63        111       1269       2888          0        123         20
  163     112        136      14399        334        390        523         20
  164     162        104       9484        514         60        195         20
  165     120        124       6209          0         60        223         10
  166     188         83      14970         30         30        210         20
  167     158        128       2022          0        210        278         10
  168     100         19       9275       4376        420        523         20
  169     101        117       3956          0        330        441         10
  170      48         74       3945          0          0        110         10
  171      92         84       1940       2028        420        522         20
  172      56        103        152       9040          0        124         20
  173      80        139        255          0         90        196         10
  174     100         14        396          0        120        255         10
  175      31         76       1011        179        330        426         20
  176      70         72       2975          0        120        253         10
  177      98         46        101      14899          0         92         20
  178     101         85       1800          0          0        127         10
  179     119         11       1680          0          0        131         10
  180      99        113        134          0         60        156         10
  181     160         78        606       1253        180        250         20
  182     139         91       1580        714        150        260         20
  183      63         90       1747       1114        150        223         20
  184      56         64       1200          0          0         84         10
  185      80          5         70          0        150        276         10
  186      93         84       3602          0        120        227         10
  187     112         36         57          0        120        266         10
  188     142        102       4128       3302         60        184         20
  189     169        111       1118       3641        120        248         20
  190      65         32       1190        196          0         74         20
  191      69         24        108        117          0        144         20
  192     152         56       1331       1863        150        267         20
  193      97         84        101          0        120        278         10
  194      72         39        586         23          0        140         20
  195     177         47       2378        271        450        516         20
  196     158         74       1454       1418          0        176         20
  197      21         40         48          0        120        196         10
  198      25         52       5079       2017        180        287         20
  199      29         31        135          0          0         88         10
  200     106         66         82       1254         30        183         20
  201      81         11       1613          0        120        234         10
  202     170         36       5879       1769        120        186         20
  203      96         79       3055          0         30        208         10
  204     108         46        128          0        150        249         10
  205     133        100       2576          0        390        459         10
  206      45         54       1677          0        120        294         10
  207     115         90       8548         88        150        286         20
  208     128        111       2939          0          0        162         10
  209      65         79         29       9866        330        493         20
  210      95        146       1531        690         60        175         20
  211      53         44        287          0        150        256         10
  212      98         69       2480        219         60        174         20
  213      71        131        146        655         90        198         20
  214     162         96       1169       6106        210        278         20
  215      14        122        684          0        330        435         10
  216     183         89        248          0          0        193         10
  217      41        145        831          0        120        245         10
  218      60        118       7904       5162         60        141         20
  219      21          7       1773       4886        120        222         20
  220     122         83       1952          0        180        277         10
  221      65         12       3769          0          0         80         10
  222      79        122       3671          0        180        260         10
  223     101         77        314          0        300        398         10
  224     109         29       6576       2690          0        161         20
  225      84         56        142       7646        210        292         20
  226     106         85        844          0         60        169         10
  227     173         62        205       1859        120        264         20
  228     148        116       3610          0        300        445         10
  229     183        102       1149         22        120        248         20
  230      80         64        665         95          0         97         20
  231     142        131       1682          0        120        180         10
  232      33         69       8738          0        120        271         10
  233     153         48        280          0         90        171         10
  234     142        136       2434        856        180        240         20
  235      87        140       2695       3645        150        220         20
  236     127        122       7628          0        120        278         10
  237      49         43       6547          0          0         81         10
  238      85         74       7744         73         90        252         20
  239      35         97        196          0         90        170         10
  240     158         75       5351       9649        390        455         20
  241     149         34       1568       3152         90        254         20
  242      36         20        110        718          0        176         20
  243      79        101       4006        199         60        144         20
  244     109         94        292          0         30        172         10
  245      20         98       2460         49         30        206         20
  246      15         42       5014       1889        330        436         20
  247      50         64       1747       2222         90        160         20
  248      38         31       2308      12692        300        399         20
  249      66        135       2024          0        120        225         10
  250     150        108       1173       3114        330        470         20
  251     105        126         36          0        120        200         10
  252     106         54        218        169        180        243         20
  253     138        106       3816       2415         90        163         20
  254     197         70       7034          0        210        296         10
  255      57         91        197       3956        390        532         20
  256     169         35       1862        106          0        162         20
  257     151         92        543       7575          0        168         20
  258     122         40         14          0        150        289         10
  259      76         56         43       5681         30        174         20
  260      23        102        617       2432        390        464         20
  261     167         35      11558       3442        150        218         20
  262      86        102        615       2112        150        285         20
  263     168        109       2850      11299        180        286         20
  264      15        118       1205          0        330        404         10
  265      11         48       8280       1094         90        192         20
  266     153         27        132       1985        120        191         20
  267     135        130       4812          0        120        230         10
  268     105         62         42          0         90        172         10
  269     115         64       2545          0        150        292         10
  270     140        125       4694       8547        300        431         20
  271       7        117         16      10588         60        175         20
  272     133        102         73          0        120        285         10
  273     162        118       1841          0        180        255         10
  274     177        112        280        193          0        200         20
  275     146        132       4255          0         60        217         10
  276     137         49       8190       1015          0        145         20
  277      48        129       2502        151          0        169         20
  278      52         92        577          0        180        285         10
  279       7         28       1609          0        180        298         10
  280     137        145        199      11844        120        246         20
  281      70        126        143          0         60        170         10
  282      52         62       8107       3808          0         77         20
  283     127        105       1265          0         30        192         10
  284      60         43       2267       1205        120        255         20
  285     134         73       1174       5745         30        143         20
  286      55         91        348       2453        180        289         20
  287      21         12      15000          0          0        142         10
  288      29        130       1851       2076         30        160         20
  289      59        134        864          0        120        196         10
  290       2         17       1772          0         30        156         10
  291      20        145         87          0         90        241         10
  292     161         95       5649          0         90        199         10
  293      82         72       2382        526         30        199         20
  294     153        148         43      14957         60        217         20
  295      16         62       4458          0          0        103         10
  296     194         97        122          0          0        214         10
  297      26         76        108       9297        300        404         20
  298      93         68       2493          0         30        147         10
  299      10        117       1920         10         60        148         20
  300      29        110       1016         30         60        157         20
  301      73         55      14262          0        120        289         10
  302     143         31       4301          0        120        231         10
  303     147         22       3151       5907         60        181         20
  304     172         43        183          0         90        186         10
  305      30         42        540          0          0         80         10
  306     172         39       6060          0          0        177         10
  307      51          1       1834       3239         30        141         20
  308     161         87       2738          0        120        226         10
  309     140         66         72        298          0        154         20
  310      34         79       2759          0         90        263         10
  311      89         80       6860          0         30        142         10
  312      16         35       5990          0          0        168         10
  313     136         72       4622        182          0        150         20
  314     121         45        684          0          0        118         10
  315      48         46       3295       5889          0        146         20
  316     119         45       1008        697          0        129         20
  317     188         95        130        385          0        214         20
  318     102         49       4353       1293        150        286         20
  319     140         38        155        448         90        262         20
  320      93         65        975          0        120        188         10
  321      53         21       1800          0          0        105         10
  322      56         51         13        699        150        280         20
  323      44         51        240       1297        120        291         20
  324     106         84       3643          0        150        289         10
  325      45         86       2250          0        330        433         10
  326     147         38       1937         50         90        223         20
  327      48         56       1950          0          0        162         10
  328     148        128       1544       1286         30        200         20
  329     118         67        576          0         60        167         10
  330      48        138        127          0        120        233         10
  331     138         56        108       7691        120        185         20
  332      87         81        949          0        360        471         10
  333     168        147       2530        147          0        222         20
  334      92         88       2076         67         90        250         20
  335      60         37         58      14448          0         65         20
  336     109         98        382       5735         30        141         20
  337     134        130       2799       3850        120        274         20
  338      27         24       3402       1828          0        136         20
  339      86         81       2042          0        300        442         10
  340      99         45        936      14064        120        198         20
  341     148         33       4248          0        450        511         10
  342     146         40       1068       5200        120        237         20
  343      99        108       6709          0          0        142         10
  344      98        122       2150          0        330        463         10
  345      96         68       2354          0          0        127         10
  346      55         11        984          0        360        470         10
  347      52         61         60          0          0        111         10
  348     163         22       5394         85          0        176         20
  349      61         49       1523          0        150        242         10
  350     129         89         34          0         30        169         10
  351     150        140       3400       2503        120        215         20
  352     107         98         82       5359         60        193         20
  353      59         48       8964          0        120        190         10
  354      75        126      13578       1422        360        428         20
  355      98        116       1524      11435        120        224         20
  356      43         16        992       1009        120        292         20
  357      69         51       4815       3808          0        119         20
  358      42        125        199       1517         60        233         20
  359     102         27       6474       2134          0         95         20
  360     148        114        581          0        210        286         10
  361     175        124       9326          0          0        214         10
  362     111         35       4771       2527        360        476         20
  363     121         32       2146         93         30        205         20
  364     143         87       1059          0        120        296         10
  365     135         29       2789       1610         30        155         20
  366      42         52       1802          0          0        145         10
  367     151         22       3910          0          0        168         10
  368      37        100       1221       2447        330        467         20
  369     131         51       1750          0         90        263         10
  370     112         75         24       2024          0        129         20
  371      65        100       1999       2382         60        161         20
  372      95         18        146       1667         30        129         20
  373     106        125        110          0        150        229         10
  374     150         76        910         20         30        187         20
  375      16        118       7875       2080        390        525         20
  376      52         46       4320       2221        120        249         20
  377     166         28       2289       1712        180        263         20
  378     157         59        447          0          0        170         10
  379     162        117       3616          0        210        281         10
  380      53         69         82       2826         90        194         20
  381     123         63       1669       1523         30        186         20
  382     131         18       2262          0         30        158         10
  383     135        136         22        397        120        289         20
  384      54          2        181         31          0        110         20
  385     144         54       1767       3023          0        147         20
  386      52         63       3542          0          0         77         10
  387     150         20        176        388         90        174         20
  388      48         47       2496       5873        210        279         20
  389     141         70        269         12        330        458         20
  390      31          4       4408         12        330        490         20
  391      35        124       6109        251          0        146         20
  392     113         64        311          0        150        291         10
  393      63        150         15       1030        330        403         20
  394     116         85        152          0         60        141         10
  395     139         66       1790          0        150        219         10
  396      51        115         15       6725         60        187         20
  397     188         70       1509        857          0        195         20
  398       6        114       1582          0         90        263         10
  399     151        120       5130        484          0        198         20
  400      34        136       6807        100          0        156         20
