400_9

CUSTOMER  VEHICLE
NUMBER	  NUMBER     CAPACITY    DispatchingCost
    400     500          40000       100

CUSTOMER
CUST NO.  XCOORD.   YCOORD.   DDEMAND   PDEMAND   READY TIME  DUE TIME   SERVICE TIME

    0      41         23          0          0          0        960          0
    1     169         76       4559         30        150        249         20
    2     182         66      10279          0        150        225         10
    3     160         37         33       2088        120        246         20
    4      25         50       7260       2850        120        236         20
    5      19         52        984       5904         30        129         20
    6     114         80       1772       2472         60        224         20
    7      54        104        126        152        120        258         20
    8      34         74       1589          0        150        274         10
    9      65         82       2587        500        120        188         20
   10      26        126        248       2684        120        237         20
   11     158         73        166          0          0        174         10
   12      93        152       6160          0         30        195         10
   13      19         98       5993          0        330        470         10
   14     137        143       3153       5087        180        292         20
   15     136         69       1344        232        330        472         20
   16      26        113        129          0         30        191         10
   17      31        128       3008        982          0        138         20
   18      81         23      15000          0        330        401         10
   19      15         81       3726       2012          0        103         20
   20      21         12      15000          0          0        142         10
   21      55        102       1082          0         30        173         10
   22     186        107       2703       5379         90        246         20
   23     136         72       5681        483        360        525         20
   24      82         90       2138       7578         30        154         20
   25      93         50         90          0         30        199         10
   26     143         66         95       1872         60        148         20
   27     130        148       1672          0        150        233         10
   28      60         60       2066          0        120        196         10
   29      21         41       7170          0          0        102         10
   30     106         81       2116          0          0        128         10
   31       7         32         14          0        120        230         10
   32      52         92        577          0        180        285         10
   33      79        119        519        759         60        165         20
   34     116         85         40          0        330        498         10
   35     141         30         31        277        120        232         20
   36      86         86        422       2620          0        133         20
   37      27        110        745       1298        120        193         20
   38     188         83       2334          0         90        204         10
   39     167         47       2384          0         60        205         10
   40     171         74        200          0        120        283         10
   41     198         67         52          0          0        199         10
   42     135        121       2524      12476        210        294         20
   43      45        126      13180          0         90        167         10
   44     192         88         85          0        180        287         10
   45     100         67      12718          0          0        141         10
   46     116         49      14757          0        300        440         10
   47     153        134        116       1745         90        221         20
   48     120        124       1602          0         90        183         10
   49      62         45       3063          0        120        200         10
   50     195         59        736          0         60        200         10
   51     158         74        345       1149        150        275         20
   52       2         17       1772          0         30        156         10
   53      94        118       1771          0         60        192         10
   54      65         74       1081       6938        150        218         20
   55      30         45      12886          0        420        492         10
   56      76         94         44       1776         60        198         20
   57      72         39         16          0        120        231         10
   58      30         38         14       9754        120        254         20
   59      50         85      15000          0          0        125         10
   60      73         96       1678       2545        180        255         20
   61      18        126       1733          0         90        260         10
   62     101         85        237       1403        120        254         20
   63      80         11      15000          0          0         73         10
   64     116         43        480       1500          0        129         20
   65      65         79         29       9866        330        493         20
   66     122         34       2224          0        120        223         10
   67      53         65        288        392        120        249         20
   68     104         91         86          0         60        220         10
   69      20        145        101          0          0        177         10
   70      76         31        364          0        330        409         10
   71      12         98       1233          0         90        246         10
   72      95         82       2682          0        120        265         10
   73       0         90       7975       4343        360        506         20
   74     157         59        447          0          0        170         10
   75      85        128       6740       2399        120        299         20
   76      99         80       8000          0          0        164         10
   77      26        142       2377       1745        180        252         20
   78     126        106        997        107         90        173         20
   79     170         36       5879       1769        120        186         20
   80      96         68        840          0          0        137         10
   81      38        141        250       1250         60        199         20
   82     164         60       2060       2199        150        230         20
   83     114         77       2484          0        180        260         10
   84     192         92       1307          0        120        217         10
   85     159         75       5376       3804          0        175         20
   86     121        147       6372       1923        150        256         20
   87     146        141       2236        972        210        296         20
   88     150         27         93          0        150        227         10
   89       8         10        216       2069        150        286         20
   90     163        111       1648       5955        120        258         20
   91      84         85         81          0        120        253         10
   92      42         62         51          0         60        172         10
   93     131         44       2513        428        150        226         20
   94      32        112       1854          0        120        208         10
   95      10         15       1552          0          0        100         10
   96      95        146       1549          0         90        195         10
   97     173         56        817       2138        120        258         20
   98      59         85        631       4636        360        488         20
   99     117         63       4027       1999        120        279         20
  100     160        127        157          0        300        440         10
  101     142         29      10671        395        300        403         20
  102       3         94       4474          0        330        402         10
  103      16         35       5990          0          0        168         10
  104     112         37       2469          0        150        290         10
  105     148         92      15000          0        120        186         10
  106     115         31       1754          0        120        245         10
  107      25        114        338         84         60        226         20
  108     104         81       1648       1817          0        132         20
  109      54        117       2175      12825        150        292         20
  110     133         52       4356          0         60        130         10
  111      46         52        105          0          0        172         10
  112      85         61       8938          0        330        460         10
  113      47        133       4963          0         60        232         10
  114     102         75       3753          0         30        136         10
  115     132         36       1052          0        120        198         10
  116      57         94       1994          0        390        490         10
  117      72          3       5874       5907        120        259         20
  118     119         33        108         80        150        220         20
  119     120         62      15000          0          0        143         10
  120      18         11        335          0          0        109         10
  121      50         64       2911          0          0        109         10
  122      34        137       5356       9644         60        209         20
  123     132         44        200         62        120        196         20
  124      87        113       6124          0        120        229         10
  125      34         68        320          0        120        232         10
  126      29         68       1074          0         60        197         10
  127      44        101       1242          0         30        183         10
  128     106         82       1914          0        120        193         10
  129     150         49      15000          0         30        198         10
  130      30        155         18       6217          0        169         20
  131      89         57        445          0        120        277         10
  132      18         37       1460        890        120        218         20
  133     186        106       9756          0        120        221         10
  134       4         16       2745      12255        150        230         20
  135      64        132        137          0         60        224         10
  136     164        107       3396       1706        120        187         20
  137      52         62       8107       3808          0         77         20
  138      91         95       1257       6161         30        123         20
  139     158         33       1537          0         90        160         10
  140      48         83       1995      13005          0         99         20
  141     138         37      14957         43        120        277         20
  142      15         36       1121          0        210        276         10
  143      38         24       4771       7888          0        169         20
  144      64         12       1443          0          0        143         10
  145      60         37       1380          0        120        233         10
  146     117         56       8002        836        330        431         20
  147       6         26        103        338         30        167         20
  148      10         44       9023       1791        390        461         20
  149      21        101       3626       2067        360        423         20
  150     197         58         60         56          0        214         20
  151      48        154         21        455         90        217         20
  152      57         29       9626          0        120        190         10
  153      86         52       1738          0          0        130         10
  154      90        111       1208       9251         60        161         20
  155      34        147        233          0        120        212         10
  156      97         36       9156       2225          0        165         20
  157      99        108         52        832         30        152         20
  158      96         86        212        673        120        288         20
  159      32        100       2565          0        150        222         10
  160      95         18        146       1667         30        129         20
  161      60         13        324          0          0        103         10
  162     110         69       1453        121         60        230         20
  163      26          9         90        686        120        243         20
  164      53         21       2094          0        120        230         10
  165     124         96        178       1901          0        175         20
  166     139         66       1790          0        150        219         10
  167      57        153       7500        437        120        231         20
  168      86         80        127        211         30        172         20
  169      83         25       2025         40          0        157         20
  170     147         57       1502       7667        360        522         20
  171     196         74       1716       1860        120        211         20
  172      88         54       1037       7180          0        101         20
  173     159         83        515        152        120        299         20
  174      60        118       7904       5162         60        141         20
  175      58         21        451          0          0        174         10
  176     102         47       4076          0        120        199         10
  177      90         87       2773       3791        390        530         20
  178     120         85        853       2631          0        163         20
  179      51        115         15       6725         60        187         20
  180     103         67       5652       1649          0        125         20
  181      50         93        396          0        150        258         10
  182      64         44       1869          0          0        133         10
  183     174         67        189         91        120        201         20
  184      21         40         48          0        120        196         10
  185     109         51       1301        299        300        459         20
  186     122         59        641          0         30        183         10
  187     176        111       1654          0         90        220         10
  188      81         56        315          0        120        199         10
  189      69        134       1305          0        180        259         10
  190      13         38       2296          0        150        274         10
  191     168        139       3851          0        120        259         10
  192      16        118       7875       2080        390        525         20
  193      61         31       3879         69        120        288         20
  194     131         32       5051        306          0        134         20
  195      91         35        111          0          0        115         10
  196      20         78       3380      11620         90        171         20
  197      73        157       1944          0        180        263         10
  198     143         87       1059          0        120        296         10
  199      23        141        982          0          0        156         10
  200      29        131       1225       2550        300        396         20
  201     106         66        294          0        180        275         10
  202     139         91       1580        714        150        260         20
  203      90         73        264        575         30        147         20
  204     134         89        282        197        360        437         20
  205       7         28       1609          0        180        298         10
  206      35         49         56        259        300        410         20
  207      53         37       1685        404        360        499         20
  208      87         93         77          0        120        281         10
  209      27         73        330         57        120        289         20
  210      52         10       3033          0        300        425         10
  211     106         55       4592          0        120        293         10
  212      93         68       2493          0         30        147         10
  213      96         82         90       3809         90        189         20
  214      74        119         60          0        120        261         10
  215     167        147        140         87         60        233         20
  216      68         73       1260          0        150        261         10
  217     146         92         82         74        180        250         20
  218     152        104        330       2683         60        227         20
  219      48        129       2502        151          0        169         20
  220     138         99       1838          0        150        245         10
  221     122         83       2054          0        180        253         10
  222     120        129        100       8516        210        289         20
  223      24        114        503          0        300        405         10
  224      95         84       3947          0        210        271         10
  225      74        121        458          0         60        167         10
  226      86        135         18       2115         90        257         20
  227      15         52        136       2360        150        242         20
  228     137         37       2291          0          0        132         10
  229     121         66       7575          0        180        259         10
  230      44         71        164        504        150        225         20
  231     198         85        594          0        120        288         10
  232      65         86         98          0        150        229         10
  233      69         90       1998          0         30        196         10
  234     132        136       5071          0        360        528         10
  235     138        146         31          0         90        208         10
  236      98         63       5465        451        330        494         20
  237      15         37       1254       5746        120        257         20
  238     160         78        606       1253        180        250         20
  239     131        104       1858          0        150        263         10
  240      22        146       1463       3399        120        285         20
  241      81        139        847          0         90        196         10
  242     100         19        427       5297        120        227         20
  243     122        139        424         47         90        186         20
  244      81         81       6248       2011          0        134         20
  245     103        127        110        439         60        169         20
  246      76         44        234       1582        120        250         20
  247     132         48        526         24          0        134         20
  248     123         66       1816          0        330        410         10
  249     140        125       4694       8547        300        431         20
  250      69         92        351        290        390        492         20
  251      83         79       1076          0        120        243         10
  252     126         72       7182          0        390        537         10
  253      48          5        806       2334          0        142         20
  254      73         91       7911        860        450        526         20
  255     145        124        149          0          0        191         10
  256     158         75       5351       9649        390        455         20
  257     109         94      15000          0        300        463         10
  258      40         30       1495          0          0        124         10
  259      36        143       1200          0         60        213         10
  260      96        118        111          0         30        172         10
  261      91         70        763          0        120        218         10
  262      90        102       3642          0        390        518         10
  263     100        101        290          0         90        253         10
  264      71        130       1104          0         90        263         10
  265      38         68      15000          0        120        255         10
  266      22         91        197          0        180        281         10
  267      74         63       2340       8107        120        225         20
  268      72         99         83       1750        120        274         20
  269      15         10       2020          0         90        184         10
  270      89         56       1257          0         30        139         10
  271      56        103        152       9040          0        124         20
  272      87         63       4966       2305        300        432         20
  273     176        112       3983       1777         60        201         20
  274      35          8       1992       2702        120        286         20
  275      62         76       3624        766        150        236         20
  276      59         14       2558         67        120        248         20
  277     151        143         28          0         60        195         10
  278     119         55        124       5274          0        136         20
  279     160        108        591       3008        180        248         20
  280      34         79       1777       1839        300        412         20
  281      22        129       4578          0        210        292         10
  282      75        156        695       5746         60        199         20
  283      74         92       1473       3547        120        246         20
  284      71         19       3406        567          0         66         20
  285      95         24         60       2219          0        153         20
  286     145        114       8961          0        420        494         10
  287     112         75       5947          0        390        471         10
  288       0         21        474         54          0        167         20
  289     121         91        476          0        150        263         10
  290     131        123       4519          0         60        194         10
  291      78         87         56       1532        120        278         20
  292     117        145       2555       2247        180        282         20
  293     110         92        300          0          0        159         10
  294      91         12       2290          0          0        134         10
  295      85         83        263          0          0        127         10
  296      90        119       4742          0        120        256         10
  297      97        144       8517        605        420        494         20
  298     109        146       4850       6304         60        190         20
  299      51        114       1974       1723        300        401         20
  300     163        118       1518        345        150        220         20
  301     188         70       1509        857          0        195         20
  302      22         15       1910          0        120        219         10
  303     130         90       3094          0          0        154         10
  304      53         45       1570          0          0        107         10
  305     111         54       3504          0          0        113         10
  306     126         66        123          0         90        222         10
  307     137         49       5760          0        450        529         10
  308      34         63        152          0         60        225         10
  309      60         79       4537       1655        300        430         20
  310      17         89       1542         38        120        289         20
  311      95         87         33          0         30        133         10
  312      49        148        772          0          0        161         10
  313     183        102       2558        334        120        228         20
  314      13         12       2221       2094          0         93         20
  315     179         61       8000          0         60        197         10
  316      10         51        613        348        120        259         20
  317      49         47         31        747          0        101         20
  318      47        137        248        413        150        245         20
  319     142        136       8188        204         60        190         20
  320      59         48       8964          0        120        190         10
  321      33         64       1687       1516        120        268         20
  322     155        145        396          0         30        204         10
  323     171        104        123          0         60        225         10
  324     174         54       1034          0        180        264         10
  325     102        120       1840          0         90        252         10
  326     117         97        345          0         60        189         10
  327     137         93       5834          0        300        462         10
  328      11         19       5746        781        300        400         20
  329     105         62         42          0         90        172         10
  330      95         68         42          0         30        115         10
  331     156         67         12       7501         90        203         20
  332     134         33        760          0        360        429         10
  333      23        110        406          0        300        412         10
  334     135         26       2810       1097        390        452         20
  335      22        149       4211          0        450        521         10
  336      36        106         73          0         60        140         10
  337      40         86       6622       8378        450        525         20
  338     108         42       1538       3504        120        271         20
  339      51         47       3775       1544          0        159         20
  340      67         39        178      13912        120        188         20
  341     119        140       1919       4387        360        499         20
  342      88         61        363          0        330        474         10
  343      58          2        272        167        120        198         20
  344      67         96       9040          0        120        249         10
  345      88        106       5334          0        420        526         10
  346     142        102       3349          0        450        528         10
  347     191        100        149        279        120        285         20
  348      39        139        147         13          0        163         20
  349     130         44         30          0         60        234         10
  350     106         68        277       1874          0        123         20
  351      18         22       2684          0          0        102         10
  352      15        118      14294          0        210        277         10
  353      86         77       1708        227        330        399         20
  354      86        102        531      14469        180        288         20
  355     127         93       3480        233        180        254         20
  356     140        133       2253          0         60        196         10
  357     117        146        498          0        180        249         10
  358      36        146       6099        397        300        473         20
  359     150         46       3578       1196         30        162         20
  360     168        147       2530        147          0        222         20
  361       3         90       6679       2977          0        141         20
  362     173         97       6144       4815        150        254         20
  363     188         95        130        385          0        214         20
  364     132        144       4836        131        300        401         20
  365      99         56       8544          0          0        109         10
  366      87         53       8945          0        360        525         10
  367     175         62        476          0         90        181         10
  368     194         60       6296        390         60        206         20
  369      54         40         95          0        120        220         10
  370     123         52        720          0        180        240         10
  371      53         69        817         90          0        143         20
  372     142         19       5356          0        330        423         10
  373      65        134        847        877        120        230         20
  374      90         28        374      14626        300        434         20
  375     129        122       1595       1221        210        279         20
  376     123         72        941       1885         60        196         20
  377     176         70       1430        164        120        192         20
  378      66         63        617        672        360        469         20
  379      58         86       1700         43        120        201         20
  380      45        147       1805        111        120        191         20
  381     153        146       2403       1306        390        533         20
  382      16          6       2550          0          0         86         10
  383       1         25         21       2013         30        188         20
  384      85         77       7409          0         60        220         10
  385      70         46       3340          0        300        461         10
  386       5         20       7372       2237         90        255         20
  387     148         30       1881       2382         90        218         20
  388      71        129      12904         84          0        154         20
  389      74        142       2887          0         60        193         10
  390      63         20         81          0         30        101         10
  391      61        103       2360       8296        180        274         20
  392      44         48        922      14078        390        486         20
  393     111         85       3239         34        120        268         20
  394      46         50        234       4176        120        284         20
  395      86         67       6081          0        420        528         10
  396     122         66       3521          0         90        246         10
  397      48         54       2908          0          0         67         10
  398     128         97        756       7047        330        403         20
  399     148         47       1068       9983          0        148         20
  400     146         88        105          0         60        223         10
