400_12

CUSTOMER  VEHICLE
NUMBER	  NUMBER     CAPACITY    DispatchingCost
    400     500          40000       100

CUSTOMER
CUST NO.  XCOORD.   YCOORD.   DDEMAND   PDEMAND   READY TIME  DUE TIME   SERVICE TIME

    0      41         23          0          0          0        960          0
    1      34        124       9338          0        120        284         10
    2      82         85      15000          0        120        227         10
    3      25         47       1602       3877        180        258         20
    4      71         91        672        305          0        125         20
    5      34         79       1777       1839        300        412         20
    6      39        107        542       9983          0        161         20
    7      28         34      13589          0          0        135         10
    8     114         77         11        615         30        170         20
    9     120         86         94          0        330        491         10
   10     168         75       4492        515          0        183         20
   11      19         98       5993          0        330        470         10
   12      78         98       1310       2948         60        153         20
   13     146         33       2113          0        150        246         10
   14      47        133       4963          0         60        232         10
   15      76         78       3955       4377        120        287         20
   16     174         67        189         91        120        201         20
   17     126         89       1026         57         60        218         20
   18      22         99       2008          0         30        122         10
   19     155         24       1664       1500         30        201         20
   20      35          8       1992       2702        120        286         20
   21     112         75         24       2024          0        129         20
   22     170         36       1810         20         60        184         20
   23     175         62        476          0         90        181         10
   24      82         72       2382        526         30        199         20
   25      89         84         46       1461         60        169         20
   26      24         59       3281          0        120        220         10
   27      88         73      14285        715          0        119         20
   28      87         93         35          0          0        128         10
   29     151         77         87          0          0        160         10
   30      59         64        610         25        120        289         20
   31      55         16        739          0        360        507         10
   32      77         55        280       1511          0        110         20
   33      77         44       4579       3422        120        285         20
   34      36        106       1722       6296        360        463         20
   35      80         48        173       3613        120        194         20
   36       7        114       1255          0         60        173         10
   37      97         84       3915       6296         90        249         20
   38     171         80        204        249         30        201         20
   39      75         55         74          0        120        232         10
   40     144         54       1767       3023          0        147         20
   41     154         39       1879          0        300        404         10
   42      68         73      10273       4727          0        101         20
   43      39        139        147         13          0        163         20
   44      87         53       8945          0        360        525         10
   45      42         62         51        253         30         98         20
   46      86         99       2432          0          0        165         10
   47     141         30         31        277        120        232         20
   48     140         38        393       2089          0        150         20
   49     103         96       1321        433         90        195         20
   50      80         11      15000          0          0         73         10
   51      78          7       1210        450         30        145         20
   52      60         37       1380          0        120        233         10
   53     106         82       1920       3037          0        161         20
   54      54        130       4493        879        180        286         20
   55     126         66        123          0         90        222         10
   56      53         44       5047       1204         60        144         20
   57      16        118       3419        191        120        232         20
   58      52         62       1715       3401          0        108         20
   59      66        150        152       3714        450        521         20
   60      56         64        170       5400         60        195         20
   61      58          2        324          0         30        200         10
   62      18         29       2400         69        120        230         20
   63     121        147       1605          0        150        260         10
   64     197         58       2012          0          0        192         10
   65     148         46         70          0         30        160         10
   66     101         77        314          0        300        398         10
   67      58         79       2086       1894        360        458         20
   68      82         12        151          0          0         97         10
   69      26        127       4093          0         90        224         10
   70      22         44       4416          0        360        458         10
   71      51        115        567       3605         30        192         20
   72      87        139         60          0         90        167         10
   73      22        149       4698         82         30        175         20
   74     160         77       1715          0          0        183         10
   75     108        105       3878          0        210        279         10
   76     137        145        199      11844        120        246         20
   77      83         99         78          0         30        137         10
   78     119         45         22          0          0        141         10
   79       0          8       2947         34        180        294         20
   80      68         94       2410        333         60        164         20
   81     146        112       3512          0         90        178         10
   82      73         91       7911        860        450        526         20
   83      29        101       2168         29         30        159         20
   84     167         35      11558       3442        150        218         20
   85      35         23         16          0          0        114         10
   86      63        111        378          0         90        262         10
   87      81          8       1000        363        300        394         20
   88     116         43        480       1500          0        129         20
   89     132        144       4836        131        300        401         20
   90      11         19       6393          0        120        230         10
   91     120        149       3823       1756        300        392         20
   92      69         90       3243          0        390        495         10
   93      67         61         30          0          0        127         10
   94      65         12        287          0          0         72         10
   95     195         99        192          0         60        213         10
   96      52         46       4320       2221        120        249         20
   97      73         96       1678       2545        180        255         20
   98      23         10        399       2968        360        432         20
   99      23        141        982          0          0        156         10
  100      53         65        288        392        120        249         20
  101      87         69         16          0        120        230         10
  102      32         43       3449          0        120        261         10
  103     125        103        998       2362        150        279         20
  104     125         29       4183        151        450        535         20
  105     173         87       5332          0        300        410         10
  106      28         31       1807         20         30        158         20
  107      98        122       2566          0        120        290         10
  108     173         95       4225       6623         90        201         20
  109      71        129      12904         84          0        154         20
  110      25         72       2345       2128        150        294         20
  111     155         27        325          0         60        164         10
  112     110        128        190       2028          0        168         20
  113      90         16       1667       4478         30        198         20
  114      85         45        142          0          0         96         10
  115      89         56       1257          0         30        139         10
  116      88        106       5334          0        420        526         10
  117      87         63       4966       2305        300        432         20
  118     142         28       3591          0        420        531         10
  119      20         78       3380      11620         90        171         20
  120     155         55        452       9990         30        184         20
  121     108         42       1538       3504        120        271         20
  122      27        110        745       1298        120        193         20
  123     106         96       8663        587         30        141         20
  124      42        127       6038       8962        360        528         20
  125      21         78       3399          0         60        163         10
  126      85         77       7409          0         60        220         10
  127      82          8        280          0          0        133         10
  128     190         58        154       2544         30        204         20
  129      45        126      13180          0         90        167         10
  130     115         60        742          0         90        220         10
  131     162        117       2284          0         60        219         10
  132     108         35         26          0        120        288         10
  133     158        128         27       1673         60        235         20
  134      18         11        335          0          0        109         10
  135      78          6       2902       1882        120        196         20
  136      56        103       3792          0          0        159         10
  137      42        125       1366          0        390        531         10
  138     135        121       2524      12476        210        294         20
  139      90         28       4659          0          0        102         10
  140      27         84         33      14967         30        165         20
  141     191        100       3104          0        150        215         10
  142      51         47       3775       1544          0        159         20
  143      45         79       2851          0        120        212         10
  144     181         42       4565       2636          0        180         20
  145      23        102        617       2432        390        464         20
  146     106         59       4453          0         90        161         10
  147     194         97        122          0          0        214         10
  148     198         86        192          0         60        212         10
  149      74        142       2887          0         60        193         10
  150     110         98         56       7374         90        178         20
  151      38         68      15000          0        120        255         10
  152     103        124       3789         80         60        232         20
  153      70         72       2975          0        120        253         10
  154     164         73       5735          0         60        200         10
  155      70         51       7914         34        300        437         20
  156      36         87        913      10752        180        297         20
  157      32         73       3613       1893        360        487         20
  158     110         21       2830          0          0        110         10
  159      99         80       8000          0          0        164         10
  160     129         71       7335          0        180        265         10
  161      26        126        346        593         60        190         20
  162      89         80        448       1710        120        230         20
  163     137        103       2176       7889        150        249         20
  164      81         81        604          0          0        135         10
  165      68         95         50        538          0        122         20
  166     114         49        628       1895          0        131         20
  167      25         55       1492          0        120        282         10
  168     111         85       3239         34        120        268         20
  169     106         68      15000          0         30        170         10
  170     123         66       3302          0         60        224         10
  171     123         53        829       9903        180        246         20
  172     113         37         38       1293          0        132         20
  173      51        101       1613       3528        150        226         20
  174      44         49       7334          0        360        431         10
  175      47        129        171          0         60        154         10
  176      35         26         19          0        120        224         10
  177     101        111       4531       2816        120        277         20
  178     136         72       1133       4854        150        260         20
  179     127        122       7628          0        120        278         10
  180     114         80        646          0        150        224         10
  181      19         13       1044          0          0         64         10
  182      16          6       2550          0          0         86         10
  183     122         30       1750         48        120        247         20
  184     142        126        968         17         30        179         20
  185     111         54         13        436          0        168         20
  186     188         79        566        126          0        216         20
  187      41         73        120          0         30        163         10
  188      33        131       1500          0        120        250         10
  189      77        153       1501          0         30        174         10
  190     147         22       3684          0        300        434         10
  191     169         49       5959          0        180        287         10
  192      41         70        684          0          0        172         10
  193     111         65       3524       6652        360        492         20
  194     142         31       1380          0         60        168         10
  195      11         33       2028          0        120        246         10
  196      50          1        768        190        120        235         20
  197     134        122        950          0        120        295         10
  198      92        120        250          0         30        162         10
  199     141         58       2693      10925         30        158         20
  200     181         73      15000          0        120        257         10
  201      66         63        617        672        360        469         20
  202     112        138      14049        878         90        173         20
  203      20         98       2460         49         30        206         20
  204      50         93        396          0        150        258         10
  205     163         22       5394         85          0        176         20
  206       7        116        147       1749        120        281         20
  207     134         55       3496          0        120        276         10
  208      55         67        252         43          0        112         20
  209     122         83        129        346         30        144         20
  210      80          5         37          0        120        287         10
  211      21         41       7170          0          0        102         10
  212      88         16        700          0          0         96         10
  213      34        127       5945          0        120        254         10
  214     173        111       1961          0        120        216         10
  215      66        152       1090          0         60        227         10
  216     110         49         60       2379         90        245         20
  217     108         29       6317          0        420        527         10
  218      31          4       2093          0        120        275         10
  219     128         71       1174       2961        150        284         20
  220     167         47       2384          0         60        205         10
  221     146        132       4255          0         60        217         10
  222      85         58        441          0          0        166         10
  223     129         24       1772       9984        300        461         20
  224      38         96       3676       2220        330        499         20
  225      72         92       2616        234          0        161         20
  226      17         36       1330         14          0         99         20
  227      13         26        384        211        120        187         20
  228      32         56        182       1771        120        271         20
  229      92         52       2272         40        120        236         20
  230      70        126        143          0         60        170         10
  231       6         49       4040          0        120        231         10
  232     183         60         96          0         60        181         10
  233     115         90       8548         88        150        286         20
  234      79        119        274          0        210        284         10
  235     176         59        200       2283        150        254         20
  236      68         86        211       5088         60        201         20
  237     195         84       2484          0         60        218         10
  238     107         85       1526       8945        120        232         20
  239     132         62        422          0        120        291         10
  240     126         73       5113          0         30        168         10
  241     168        147       1759       3420        120        230         20
  242      92         88         12          0        150        254         10
  243      20         21        920       1159        120        285         20
  244      45         54       3180       6006         30        108         20
  245      91         12       8584          0        300        465         10
  246      52          0        487          0        120        228         10
  247      33         20       2257       6831          0         69         20
  248      91         84       3872          0         60        158         10
  249     122        139        424         47         90        186         20
  250      60         43       2267       1205        120        255         20
  251      21          7       1773       4886        120        222         20
  252     151        123       9812       5188        360        535         20
  253     122        128       3545       1686        300        399         20
  254      49         88       1526       1790         90        228         20
  255      28         74        252          0         90        172         10
  256      22         92         22        356          0        118         20
  257      83         74       1537          0         60        231         10
  258     173         43       2819          0         90        172         10
  259      72         39         16          0        120        231         10
  260      99         56       4284          0         60        165         10
  261     119         55       3884          0          0        135         10
  262      73         81       3528          0          0        108         10
  263      28         14       1745       1926        120        265         20
  264     194         60      12139          0         60        228         10
  265      21         12        104          0          0        146         10
  266      40        133       1587       5873         60        158         20
  267      71        100       5973          0         30        121         10
  268     130         68       1514          0          0        140         10
  269      32        112       1555       1924        120        220         20
  270      51        114       1974       1723        300        401         20
  271      67         91       2857       4092         30        203         20
  272      70        125      13341       1659         30        196         20
  273     186         83       3419       8738         60        216         20
  274      39         52        100          0        120        201         10
  275      47         51       2207       5899         30        115         20
  276     192         88         85          0        180        287         10
  277      29         68         18          0         90        218         10
  278     176        111       6331          0        150        293         10
  279      86         86         86          0        180        250         10
  280     116         94        824       1815         30        203         20
  281     164        107         48          0        180        280         10
  282     177         48         15          0          0        183         10
  283      84         85         81          0        120        253         10
  284      55        102       1082          0         30        173         10
  285      20         39       2089       5003        150        253         20
  286     145        124       2437          0        150        252         10
  287      85        128       6740       2399        120        299         20
  288      91         55       6953          0          0        131         10
  289     137         38       5135          0        210        280         10
  290     123         47       8172          0        360        470         10
  291      87        130       3686          0         60        158         10
  292      32        100       2565          0        150        222         10
  293      52         28        291       1842          0        103         20
  294       7         21        633          0          0        121         10
  295     123         34        106         87          0        132         20
  296     121         71       4982          0        360        530         10
  297      38        113        470       2221         60        207         20
  298      79        101       4006        199         60        144         20
  299      50         64       1747       2222         90        160         20
  300      61         31       3879         69        120        288         20
  301       8         11       6388          0        120        201         10
  302     127         52        301          0         30        156         10
  303     181         76       6564       2216          0        192         20
  304      82          9      11160        222          0        127         20
  305     152        146        505          0         90        231         10
  306      24        148        579       9316        180        268         20
  307      12         15       1272          0         90        189         10
  308     135         51         64       4551          0        135         20
  309      14        122       9250          0         90        232         10
  310     110        119       1017          0        210        288         10
  311      77        120         22          0         90        230         10
  312      66        109       4511          0        420        525         10
  313      21         24       1893        322          0         66         20
  314     186        107       2703       5379         90        246         20
  315     158         33       1537          0         90        160         10
  316     146         56        260          0         30        161         10
  317     164         70       2361       1816        300        428         20
  318     109         98        382       5735         30        141         20
  319      44         51        349          0          0         72         10
  320       7         97         54         17          0        171         20
  321     120        129       7679       6372        180        276         20
  322     153        146       2403       1306        390        533         20
  323      40         30       1495          0          0        124         10
  324      81         18      11287       2416        120        228         20
  325      90        119       1869       9807        360        431         20
  326      59         85        631       4636        360        488         20
  327      32        115       6757       1941        390        527         20
  328     118         67        576          0         60        167         10
  329     167         94        888       5693          0        185         20
  330     133        100       3751       1524        390        527         20
  331     134         73        233        192          0        162         20
  332      88        103       3713          0        180        260         10
  333     102         75       3753          0         30        136         10
  334      85        102      11109          0          0        122         10
  335     122        146        344        287        300        451         20
  336     169        111        290          0        150        221         10
  337      88         54      11096          0         30        109         10
  338      56        114        587       1940          0        136         20
  339     173         62         44       5374        180        285         20
  340     131         89       1708          0         30        159         10
  341     142         35       6869          0        150        294         10
  342      81          4      15000          0          0        139         10
  343     162         96       1169       6106        210        278         20
  344      34        106        384        417          0        148         20
  345      15         36       1121          0        210        276         10
  346     111         67      14177        823        120        256         20
  347     115         31       1754          0        120        245         10
  348      88         63       5628          0        300        404         10
  349     153         27       4494       1051          0        153         20
  350      87        140       5361          0        210        279         10
  351     179        107      12420        142        120        206         20
  352      30        155         18       6217          0        169         20
  353     152        104        330       2683         60        227         20
  354      75        156        323         11         90        235         20
  355      26         76        108       9297        300        404         20
  356     188         70       1509        857          0        195         20
  357      46        113        442          0          0        171         10
  358      72         99         83       1750        120        274         20
  359      57         70       1258       2997        360        467         20
  360     154         31        879        338        120        246         20
  361     109         75       5146          0         60        170         10
  362      89         36         11        504          0         79         20
  363      45         86       2250          0        330        433         10
  364      55        116       3785          0        150        257         10
  365     143        102       8871       6129        120        259         20
  366     132        121        147          0        150        259         10
  367     151        143         28          0         60        195         10
  368     140        104         98          0         90        171         10
  369     124         96        178       1901          0        175         20
  370     135         26       3579       2020         60        186         20
  371      76        127       4385          0        330        405         10
  372     155         35         78          0         30        161         10
  373      20        145         87          0         90        241         10
  374     151         82         39          0        150        259         10
  375     185         98       2153          0         30        214         10
  376     117         56       7730       2583          0        135         20
  377     125         51       2157          0        120        281         10
  378      28        101        650        261          0        118         20
  379     160        117         82        290         30        183         20
  380     127        105       1265          0         30        192         10
  381     160         66        364        237        300        393         20
  382     142        131       1682          0        120        180         10
  383      68         21       3467          0        120        254         10
  384     151        107      12718         82        330        454         20
  385      17        119      13931       1069         90        263         20
  386      34         65       3800          0        420        522         10
  387       7          4       1847        908        120        253         20
  388      69         24       3371          0          0        172         10
  389     195         59        736          0         60        200         10
  390      62        151         60          0        180        264         10
  391     151         22       3910          0          0        168         10
  392     115        114        674          0         30        168         10
  393      80         46         21          0        120        224         10
  394      59         54       4886       3022          0        163         20
  395      71        107       3481          0         30        188         10
  396       3         94       4474          0        330        402         10
  397     154        131      10211       4789        180        289         20
  398     155         90       2119          0        120        258         10
  399      65         57         72       2160        120        253         20
  400      30         42      11298          0        150        212         10
