400_13

CUSTOMER  VEHICLE
NUMBER	  NUMBER     CAPACITY    DispatchingCost
    400     500          40000       100

CUSTOMER
CUST NO.  XCOORD.   YCOORD.   DDEMAND   PDEMAND   READY TIME  DUE TIME   SERVICE TIME

    0      41         23          0          0          0        960          0
    1       4         23        236        920        120        223         20
    2      76         31        206      14794          0        166         20
    3     174         99       2160        447          0        203         20
    4     199         60        253       1149        180        248         20
    5     145        124        149          0          0        191         10
    6       7         28         13          0         30        187         10
    7      83         85       4875          0         30        133         10
    8      77          6        503          0        120        228         10
    9      59         14       5199       2975        120        282         20
   10      24         59       4918          0        390        502         10
   11      87        113       1519          0         90        169         10
   12     132         43       7489          0          0        166         10
   13      91         70        147        589          0        143         20
   14      36         72       2498        527        300        437         20
   15      12         15       1272          0         90        189         10
   16      29        114      11268          0          0        149         10
   17       7        117        610        100         60        189         20
   18      30        155       1745       2364        120        269         20
   19       9         44        287          0        390        467         10
   20      56         51       3668         21        150        258         20
   21      82         56       2214          0          0         86         10
   22     181         42        294          0         60        204         10
   23     144         54       1416       1838          0        147         20
   24     136         72       4622        182          0        150         20
   25      17         36        277          0         30        157         10
   26     100         85       1769          0         90        199         10
   27      83        141       1653          0        150        252         10
   28     176         77         39          0         60        200         10
   29     176         70        576          0        360        443         10
   30     109         65       1160       1863         90        253         20
   31      88         67        619          0         90        216         10
   32      87         73       2733         25        120        285         20
   33     132         48        526         24          0        134         20
   34      87         63       4966       2305        300        432         20
   35     171         74        200          0        120        283         10
   36     154         31        178       7866        180        251         20
   37      51        150       1346       4497         90        249         20
   38     198         85        594          0        120        288         10
   39      95         24        380        190          0        143         20
   40      32         43        822       2524        120        255         20
   41      67         94        266          0         30        128         10
   42     107         77       3438       2076        150        220         20
   43     127         53       1804          0        120        225         10
   44      85        128       6740       2399        120        299         20
   45     128        111       2939          0          0        162         10
   46      62         45       3063          0        120        200         10
   47     160         74       8312          0         60        171         10
   48      84         66       3127          0        300        434         10
   49      82         90       1382      13618         60        201         20
   50      38         31       2308      12692        300        399         20
   51      30         42       1110          0        120        220         10
   52      98         63       5465        451        330        494         20
   53      23         35        164          0          0        164         10
   54      75        130        263          0         60        165         10
   55       5        116       2268          0        360        520         10
   56      16        122        679          0        150        261         10
   57      99        108       6709          0          0        142         10
   58     109         29       6576       2690          0        161         20
   59     160         37       2511          0         60        153         10
   60      65         57         72       2160        120        253         20
   61      61         49       1523          0        150        242         10
   62      83         64        259         54          0         95         20
   63     151         49        118       1291        180        247         20
   64     153        146       2403       1306        390        533         20
   65     119         94        388       2215         60        200         20
   66     107         61       2635          0          0        169         10
   67      75         34        661          0          0         72         10
   68      65        134        847        877        120        230         20
   69     111         67      14177        823        120        256         20
   70      45        116        336       7032         90        264         20
   71     108         21         28          0          0        103         10
   72     158         73       3051          0        360        466         10
   73      97         24       2089          0        120        250         10
   74      29        108        306       1816        180        277         20
   75      70         46       3340          0        300        461         10
   76     114         49        628       1895          0        131         20
   77      31        101       1764         43        390        459         20
   78      48          5        806       2334          0        142         20
   79     158         71        370          0          0        169         10
   80     173         97       6144       4815        150        254         20
   81      47        125        734          0          0        161         10
   82     140        104        856        542        150        230         20
   83     111         70       5395       2706         90        173         20
   84     160         78        270          0        120        188         10
   85     191         57       1758       2206         90        201         20
   86     163         65       2020          0          0        177         10
   87     155         55        178          0        150        248         10
   88      51          1       1834       3239         30        141         20
   89      72         92       2616        234          0        161         20
   90      89         60       1136          0        420        513         10
   91     138         37       3221       1807        330        431         20
   92      85         83       6623          0          0        111         10
   93     168        109       3646          0         60        190         10
   94     112        136      14399        334        390        523         20
   95      99        144       1870        142         60        171         20
   96      89         84         46       1461         60        169         20
   97      55        116      10997        108         30        131         20
   98     106         83       5186          0        300        442         10
   99     109         64       2257       7680         60        153         20
  100      39          4       6177        873        330        456         20
  101      99         57        146         58          0        141         20
  102      94         94       1502          0          0        139         10
  103      69        134       1305          0        180        259         10
  104     120         33       1841       1896        150        222         20
  105      82          9      11160        222          0        127         20
  106      84         56        142       7646        210        292         20
  107     100         73         96          0        150        256         10
  108      28         45       7004          0         30        130         10
  109      68         73       4524       5873        120        191         20
  110      46         18       1403          0          0        159         10
  111     106        103         17          0         60        194         10
  112      17         89       1415          0         60        191         10
  113      24        148         40       1123        180        277         20
  114      21         78       3399          0         60        163         10
  115     171         66       1122       7730         30        191         20
  116     101        117         30        643         60        155         20
  117     102         47         56          0         60        229         10
  118     150         20        176        388         90        174         20
  119     125        103        998       2362        150        279         20
  120      57         94       5245        902         30        136         20
  121     141         70        269         12        330        458         20
  122     117         42       1478        505          0        131         20
  123     102         75       3753          0         30        136         10
  124      30         43         37          0        120        253         10
  125      18         22       2684          0          0        102         10
  126     142         31       1749          0          0        146         10
  127      31        128        343          0        150        251         10
  128      22         77      15000          0         30        200         10
  129     192         65       1092          0        120        237         10
  130     123         66       3302          0         60        224         10
  131     184         71        335          0        120        196         10
  132     146        132       4255          0         60        217         10
  133      59         85        345        668         30        108         20
  134     113         38         34          0        390        525         10
  135      52         62       1715       3401          0        108         20
  136      42         23       1844       1205        120        218         20
  137      20         98       2460         49         30        206         20
  138      30        154        476        309        360        461         20
  139     134         73        233        192          0        162         20
  140     143         31        112          0        300        434         10
  141      20        116        977        107        150        222         20
  142      38        141        250       1250         60        199         20
  143     155         35         78          0         30        161         10
  144      15         54         12        107        180        278         20
  145     125        102         61          0          0        167         10
  146      96         68       2354          0          0        127         10
  147      62         17        162       2237        300        435         20
  148     130         46       1352       1010        180        275         20
  149     110         98         56       7374         90        178         20
  150      58          2        324          0         30        200         10
  151      18         37         47         17        120        254         20
  152     107         63        800       1174         90        243         20
  153     193         92       2155       4270          0        207         20
  154      78         32       7967       2036          0         81         20
  155      10        117       1817          0          0        149         10
  156      53         65         70          0         60        199         10
  157     170        137         53          0         60        216         10
  158     143        102       8871       6129        120        259         20
  159     128         89       1706       1109        150        245         20
  160     123         53        829       9903        180        246         20
  161      96        118        111          0         30        172         10
  162     193         91       2004          0          0        211         10
  163     138        106       3816       2415         90        163         20
  164      99        113        202          0          0        153         10
  165     133         52       4356          0         60        130         10
  166      51        115         15       6725         60        187         20
  167     134         55       3496          0        120        276         10
  168      93         94       1154        595         60        127         20
  169      34         98       1429          0         90        220         10
  170      34         49         84         22          0         96         20
  171      82         15        133          0        120        254         10
  172      98         53       4924      10076         60        133         20
  173     104        109       1628        251        180        294         20
  174      78          8       4580          0        330        430         10
  175     145         38         40          0         30        156         10
  176     148         47       1791       3160        150        259         20
  177     139        107        481          0        120        230         10
  178     105         79       1959          0        180        242         10
  179      86        140       4314          0        300        416         10
  180      42         16       2135          0        120        252         10
  181      19        124       6407        627        120        283         20
  182      69         51       7005       1959        120        239         20
  183     135        121        172        566         60        196         20
  184      14         39       9754          0        330        465         10
  185     134         34        299        201          0        142         20
  186      86         99       2432          0          0        165         10
  187      65         32        147         49        120        201         20
  188     114         56       8362          0         30        201         10
  189     142         29      10671        395        300        403         20
  190      76         44        296        171        120        283         20
  191      28         74        252          0         90        172         10
  192     166         28       2289       1712        180        263         20
  193     102        100      13923          0         60        133         10
  194       8         81        232         34        120        191         20
  195      66         63        418          0        150        221         10
  196     108        105       3878          0        210        279         10
  197     110        134         18          0        120        254         10
  198     106         59       4453          0         90        161         10
  199     135        136        303          0          0        197         10
  200     186         89       2076          0        120        260         10
  201      52         61         60          0          0        111         10
  202     150        127        252        112         90        253         20
  203      70         51       7914         34        300        437         20
  204      78         84       1819         76         90        260         20
  205      78         74        443          0         60        140         10
  206     133         70        282      14718          0        151         20
  207      84         85         81          0        120        253         10
  208      34         33         57          0         30        165         10
  209      99         45        936      14064        120        198         20
  210      57        145        402          0         60        234         10
  211     175         51       9905        298        300        435         20
  212     133         89       1772       7207        390        457         20
  213      42        127       6038       8962        360        528         20
  214     176        111       6331          0        150        293         10
  215     168        139         35        643        120        278         20
  216     174         93       1500         15        150        250         20
  217     183         60       1659          0        210        281         10
  218     152        146       1043          0         90        200         10
  219      77         55        280       1511          0        110         20
  220     101         97         17         91          0        133         20
  221     121         66         27       1505         30        129         20
  222     117         97       9680          0        360        462         10
  223      88         54       1037       7180          0        101         20
  224      62         76       3624        766        150        236         20
  225     129         89         81         14         30        162         20
  226     112         37       2469          0        150        290         10
  227     148         23        926          0          0        141         10
  228     161         35       5904          0        150        244         10
  229     132         36       1052          0        120        198         10
  230      74         66       2215          0        120        250         10
  231     109        122        320          0         30        205         10
  232      53         69        817         90          0        143         20
  233      65         79         29       9866        330        493         20
  234      22         15       1910          0        120        219         10
  235     160        131         29          0        180        290         10
  236     122        101       1641          0         30        166         10
  237     174        119       1642          0        120        243         10
  238      76         78       7643          0         90        229         10
  239     160        127        157          0        300        440         10
  240       5         14       4792          0         30        102         10
  241      94        118       1771          0         60        192         10
  242      53         37       1685        404        360        499         20
  243      96         36         74          0        120        220         10
  244      51        101       1613       3528        150        226         20
  245     119         15       2659          0        420        480         10
  246     122         65       7557         88        300        411         20
  247      92         84       1989         56         60        146         20
  248      51         98       5190       6318        180        266         20
  249     194         82       4993         99         60        206         20
  250      42         14       2710          0         90        230         10
  251       6         26       3038       1970          0         96         20
  252     118        100       3564          0        360        465         10
  253      93        152        603      14397         90        182         20
  254     116         83        365          0        120        227         10
  255     119         98       5888       7915        180        281         20
  256      86         52       1157          0         90        251         10
  257      44         78       1824        841        120        244         20
  258      77        153       1501          0         30        174         10
  259      66        152       3277         72          0        161         20
  260     112         36         57          0        120        266         10
  261     176        126       5559          0          0        216         10
  262      88         61        363          0        330        474         10
  263     195         59        736          0         60        200         10
  264     105         62         42          0         90        172         10
  265      17         18       3480          0          0        104         10
  266      81          8       1000        363        300        394         20
  267     172         43        620        280         30        178         20
  268      87          8        240          0        120        260         10
  269     135        130        651       5137        120        260         20
  270       0          8       5321        105        120        223         20
  271     132         27         14          0         90        192         10
  272      85         77       7409          0         60        220         10
  273      68         95       1511          0          0        119         10
  274      86         67        120          0          0        159         10
  275      71        129         13        101        120        184         20
  276     119         33       1577       2214        120        277         20
  277      50        123        657          0        150        296         10
  278      45         79       2851          0        120        212         10
  279     101         81         40        319        120        263         20
  280      31         40       1222          0          0        143         10
  281      35        109       2089          0        120        225         10
  282      66         71       7810       7190          0        103         20
  283     198         93       5805          0        360        531         10
  284     121         32       2146         93         30        205         20
  285     115         90        276          0        120        259         10
  286     106        125        110          0        150        229         10
  287     169        146       7197          0        360        435         10
  288     126        132       1472        222         60        196         20
  289      52         10         94         97        120        287         20
  290     148         32      10754       1881         30        164         20
  291     127         37       5281        270          0        138         20
  292      13         38       2296          0        150        274         10
  293     185         73       1929       2138         60        194         20
  294      86         56       7609       7391          0        132         20
  295      33        113       1782         96        210        285         20
  296      59         48       8964          0        120        190         10
  297      32          5        585          0        120        246         10
  298     143         66         95       1872         60        148         20
  299     131         51       1750          0         90        263         10
  300     141         30        886          0         60        212         10
  301      62        154         13       2433        210        296         20
  302      54        130       4493        879        180        286         20
  303     155         74        180          0          0        170         10
  304      91         55         90        839          0        158         20
  305     131        123        786       5873         30        190         20
  306      26        142       2365         31         30        168         20
  307      50         80        673       1629        300        404         20
  308       5         20       1230       6346        120        212         20
  309      49         43       6189          0         30        101         10
  310     153        148       3786          0         60        219         10
  311      74         20       5221       6408        120        229         20
  312     161         87       2738          0        120        226         10
  313       6         12       1818          0         30         97         10
  314     161         36        408          0        120        252         10
  315      92         35       2586       1748        120        229         20
  316      26        126        248       2684        120        237         20
  317     110        128        190       2028          0        168         20
  318     102         67       1641         27         60        152         20
  319     126         36       2136        234        120        259         20
  320      98         69       2480        219         60        174         20
  321      40        133         27         87        120        217         20
  322     191         51       3545          0          0        204         10
  323      61         31         55       1184        120        253         20
  324      34        106        384        417          0        148         20
  325      42        125       1366          0        390        531         10
  326      63         48         62      13911         30        155         20
  327      41        145        831          0        120        245         10
  328      17        119      13931       1069         90        263         20
  329     106         84        841       1474         60        133         20
  330      25        117      14638        287          0        134         20
  331      67         80        420          0        150        258         10
  332     113         64        311          0        150        291         10
  333     122         59        641          0         30        183         10
  334      29         35        280          0          0        128         10
  335      34         79       1777       1839        300        412         20
  336      87         81        949          0        360        471         10
  337      99         80       8000          0          0        164         10
  338     105        126        525          0         60        171         10
  339      38         73       1018        562        150        294         20
  340     106         96       8663        587         30        141         20
  341     163        140       3726          0        120        251         10
  342     116         49      14757          0        300        440         10
  343      81         66       5003       7500        120        230         20
  344     133        142      15000          0        330        473         10
  345      96        112         35          0         60        150         10
  346      73         55      14262          0        120        289         10
  347     137         37       2291          0          0        132         10
  348     186        106         84          0        120        211         10
  349     132         44       1508          0         60        221         10
  350     119        140       1919       4387        360        499         20
  351     103        127       4593       2410         60        157         20
  352     169         76         21          0         30        185         10
  353     100         67       6851         56         30        135         20
  354      89         80       6860          0         30        142         10
  355     186         74      10924          0        300        457         10
  356     116         75         63       5651         30        135         20
  357      57         29       1752          0        120        228         10
  358     103        124       3789         80         60        232         20
  359     194         80       1352          0          0        205         10
  360      64        137       1077       1708        360        530         20
  361     151         77      13526       1474        120        190         20
  362      76        127       4385          0        330        405         10
  363       1         25         21       2013         30        188         20
  364      56         49         44          0          0         94         10
  365     150         67        227          0          0        155         10
  366     168         49       2697       2025          0        168         20
  367      15         10        239          0         30        168         10
  368      98        122       2566          0        120        290         10
  369     161         95       5649          0         90        199         10
  370      88         87       9970          0        180        279         10
  371      85        102      11109          0          0        122         10
  372      38         68      15000          0        120        255         10
  373     137         38        404       1879        120        217         20
  374     121         85        191        147        360        438         20
  375     174         66         14        228          0        181         20
  376      67         96       1792         81          0        128         20
  377      45        147         86       1572         60        228         20
  378      88        103       3713          0        180        260         10
  379      66        135       2024          0        120        225         10
  380      90         87       2773       3791        390        530         20
  381      78          6       2902       1882        120        196         20
  382      70        119       1500          0          0        165         10
  383      53         78       5064         22          0        101         20
  384      16        118       3419        191        120        232         20
  385     134        122       1104          0        150        279         10
  386      60        122       4717          0          0        139         10
  387      34        142        432        389          0        171         20
  388      73         81       3084          0         30        141         10
  389      65         12        287          0          0         72         10
  390      13         84        171       3282        360        473         20
  391      47         96        920          0        210        283         10
  392     150         79      12923          0        210        287         10
  393      33         20       2257       6831          0         69         20
  394      82         92        564          0         60        228         10
  395     128         72      13201       1799        210        287         20
  396     197         58         60         56          0        214         20
  397      23          9       1198          0          0        109         10
  398     194         97        122          0          0        214         10
  399     192         62       1622        257          0        205         20
  400      31          4       4408         12        330        490         20
