400_14

CUSTOMER  VEHICLE
NUMBER	  NUMBER     CAPACITY    DispatchingCost
    400     500          40000       100

CUSTOMER
CUST NO.  XCOORD.   YCOORD.   DDEMAND   PDEMAND   READY TIME  DUE TIME   SERVICE TIME

    0      41         23          0          0          0        960          0
    1     154        105       2750         12        180        285         20
    2      83         86         89          0         90        182         10
    3     109         64       2257       7680         60        153         20
    4      51        134         14          0        120        275         10
    5       7         28         13          0         30        187         10
    6      81         18        225         22          0         89         20
    7     171        104        123          0         60        225         10
    8     106         82       1914          0        120        193         10
    9      84         78       6367        925          0        160         20
   10      87         53       8945          0        360        525         10
   11      79        119        274          0        210        284         10
   12     119         15       4175       4102         30        159         20
   13      38         68       3160          0        360        432         10
   14       2         17        257          0        120        250         10
   15     151         77         15          0         60        226         10
   16     197         58       2012          0          0        192         10
   17     156         42        432         72        300        408         20
   18     129         89         34          0         30        169         10
   19     146        112         64          0        120        294         10
   20     101        111       4531       2816        120        277         20
   21     101         20         13          0          0        101         10
   22      72         39         16          0        120        231         10
   23      94         69        107          0        150        254         10
   24     118        100       3564          0        360        465         10
   25     131         83        299          0         60        155         10
   26     123         72      10147          0        300        412         10
   27      87         93       2024          0        150        216         10
   28     111         41        306       2191        120        230         20
   29      70         72       2975          0        120        253         10
   30      27         76       2700          0         60        142         10
   31     133         89       5152        235        120        285         20
   32      40         67       1644          0        450        523         10
   33     195         99        192          0         60        213         10
   34      81          8       1000        363        300        394         20
   35      70         55        181          0          0        147         10
   36     174         93       1500         15        150        250         20
   37     146         33       2113          0        150        246         10
   38     118         67        576          0         60        167         10
   39      53        103       1890          0          0        159         10
   40      60        148        713       1749         30        182         20
   41     162        146       2028          0        120        228         10
   42      37        100       8374        891        300        458         20
   43      91         72        129          0         90        230         10
   44      52        152       1744          0        120        206         10
   45      80         46        735        107          0        168         20
   46     119         45       1008        697          0        129         20
   47     139         66       7243       6474        300        410         20
   48      86        140       4314          0        300        416         10
   49      27         46       1424          0          0         86         10
   50     200         68       2480          0        120        293         10
   51     102         87       2047        179        120        259         20
   52     137         37       1924          0          0        147         10
   53     194         97        122          0          0        214         10
   54      24        109       1096        166        390        459         20
   55      10         15        283          0        120        283         10
   56      26        142       2377       1745        180        252         20
   57     103         55         62          0          0        142         10
   58     132         48       6880         18        120        228         20
   59      73        157       1944          0        180        263         10
   60     135        136        303          0          0        197         10
   61     123         59       1081          0        390        528         10
   62      44         47        202       1940          0         74         20
   63     151        107      12718         82        330        454         20
   64     153        148         43      14957         60        217         20
   65     152        104       5417       1989          0        172         20
   66      26          9        681          0        120        261         10
   67       8         81       1748         91         60        162         20
   68      87        140       5361          0        210        279         10
   69     169         82        150         17        120        225         20
   70       5        113       1464      10147         90        248         20
   71     160         22       1246        151        390        467         20
   72      15         10        239          0         30        168         10
   73      56        103       1715          0         60        191         10
   74      17         36        524          0          0        104         10
   75      73         89       1815       1071        210        282         20
   76     116         49       3116       4606         30        172         20
   77      64         90         81          0        360        493         10
   78     102         27         33       2085          0         98         20
   79      40        112      13471          0        120        186         10
   80      13         38       2296          0        150        274         10
   81       7         18         66         20        150        265         20
   82      52         10         94         97        120        287         20
   83     106         83       5186          0        300        442         10
   84      99         56       8544          0          0        109         10
   85      17         89       1542         38        120        289         20
   86      74         85       1824       1068        360        443         20
   87     153         27       4494       1051          0        153         20
   88      52         46       2445       1778          0         66         20
   89      50         85       1874          0         60        198         10
   90      74         93        290          0          0        111         10
   91     111        131         82       1349        150        234         20
   92     188         83       2334          0         90        204         10
   93      99         57        146         58          0        141         20
   94      38         73       1018        562        150        294         20
   95      65         12       3769          0          0         80         10
   96      12         45       2192          0         60        133         10
   97     121         66       2147          0          0        167         10
   98     177         74       2400      11095        120        187         20
   99      93         65        975          0        120        188         10
  100     111         70       5395       2706         90        173         20
  101      97         36       9156       2225          0        165         20
  102     120        117       6626       6368        420        525         20
  103     140         47       5638          0        330        494         10
  104     130         46         72          0        120        263         10
  105     155         88         83        748         90        186         20
  106      12         55       1489          0        330        424         10
  107     149        141        222       6827        180        297         20
  108      32         43       3449          0        120        261         10
  109     110        134         18          0        120        254         10
  110      66         63        617        672        360        469         20
  111      65         86         98          0        150        229         10
  112      20        145         87          0         90        241         10
  113      75        156        323         11         90        235         20
  114      76         94        866          0         30        131         10
  115      65         57       1104          0          0         75         10
  116     120        129       2763          0        180        256         10
  117      34        149       2036          0         60        235         10
  118      46         52        105          0          0        172         10
  119      60         60       2066          0        120        196         10
  120      70        126       1688       1036        330        497         20
  121     124        136        994          0         60        188         10
  122      25         52       5079       2017        180        287         20
  123     127        122         14          0        120        266         10
  124      36         20       2287        292        120        282         20
  125     140         38        393       2089          0        150         20
  126     179         72         30         54         60        190         20
  127     112         47       4377          0        120        200         10
  128      98         10        165          0          0        133         10
  129      79        131       2905       4886        120        217         20
  130     100         84        150          0        180        254         10
  131     150         79         92        301         60        226         20
  132      38         96       3676       2220        330        499         20
  133      46         50        234       4176        120        284         20
  134     159         75       5376       3804          0        175         20
  135       1         17         29       1669         60        230         20
  136      45         61       1970        147        120        198         20
  137      54        130       4493        879        180        286         20
  138      64         44       1799       6800        120        218         20
  139      27        100       2133       1839        390        531         20
  140     168         75       7179       1173         90        236         20
  141     179         48        908        433          0        183         20
  142      16         10      10906       4094         30        169         20
  143     150         27         93          0        150        227         10
  144     177        110       2025          0        120        261         10
  145     141        103       2428          0          0        171         10
  146     130        122       9733          0        150        257         10
  147     132         56       3585          0        120        215         10
  148     107         61       2635          0          0        169         10
  149     155        145        238          0         60        233         10
  150     144        128        172        300        300        396         20
  151      52        130      15000          0         60        222         10
  152      57         70       3068          0        120        217         10
  153     112         37       4280          0          0        140         10
  154      87         73       2733         25        120        285         20
  155      53         17         58          0        120        222         10
  156      70        119       1500          0          0        165         10
  157      85        128       1184         82         60        168         20
  158      95         18        146       1667         30        129         20
  159      90        124        108        137        210        285         20
  160      88         41       1275          0        120        221         10
  161      50         64       2911          0          0        109         10
  162     188         95        130        385          0        214         20
  163     144         54       5306          0          0        146         10
  164     148        116       3610          0        300        445         10
  165      78         65        960       4741         60        203         20
  166     169         49       4252          0        300        436         10
  167     102         75       2796          0        210        287         10
  168     136         72       5681        483        360        525         20
  169      78         98       1310       2948         60        153         20
  170      57         91        215          0        120        253         10
  171     135         59       1010          0          0        151         10
  172      36        143       1200          0         60        213         10
  173     100         14        396          0        120        255         10
  174      69         45       1895       8738          0        109         20
  175     150         49      15000          0         30        198         10
  176      78          6       6345       6106        120        248         20
  177     133        102       3993          0         30        171         10
  178      25        155       4785          0        390        528         10
  179     176         70        576          0        360        443         10
  180     158         24       5374          0          0        166         10
  181      40        149       1451       3623          0        182         20
  182      81         66        124          0         60        166         10
  183      33        137       1169          9        150        263         20
  184      55         47       1590       1646         30        158         20
  185     183         89        248          0          0        193         10
  186      34         74       1589          0        150        274         10
  187      83        141         70         23        120        233         20
  188      91         70        763          0        120        218         10
  189      68         73       1260          0        150        261         10
  190     112         36         58          0          0        143         10
  191     111         25       1110          0        120        236         10
  192     167         57       1475          0         60        181         10
  193     170        118       1758          0        390        454         10
  194      86         81       2386       1256        120        232         20
  195     125         79       5792         22         30        167         20
  196     120        116       7832          0          0        178         10
  197      67         95       1760        192        120        213         20
  198     158        142        156        107          0        211         20
  199       6         49        350       2338          0         84         20
  200      81        139        847          0         90        196         10
  201      96         81       1570          0          0        130         10
  202      52          0        487          0        120        228         10
  203      60        151       1891          0        210        281         10
  204      43        122         40          0         90        165         10
  205      55         91        348       2453        180        289         20
  206     128         56       2475          0         90        243         10
  207      80         70       2014          0        120        276         10
  208     113         71       2990          0        180        265         10
  209     139        104        363       3213        120        213         20
  210      91         73        314          0        420        530         10
  211     174         67        189         91        120        201         20
  212     179        114       2024        197         60        211         20
  213      30         42      11298          0        150        212         10
  214      38         32       1886          0        420        520         10
  215     115         96       3726          0         60        145         10
  216      34        137       5813         74        300        434         20
  217     108         42      11329          0          0        109         10
  218     101         97         17         91          0        133         20
  219     101         85        106        287         60        232         20
  220     123        124       6744          0        330        442         10
  221     120        103      13520        261        120        229         20
  222      74        119         60          0        120        261         10
  223      69         21         28          0        150        280         10
  224     153         52        615          0         90        231         10
  225      65         82       2587        500        120        188         20
  226     106         55        309          0          0        165         10
  227     149         29       8095          0          0        151         10
  228     105         62       2193          0        150        234         10
  229      27         22       1614       1875        330        400         20
  230     119         55        124       5274          0        136         20
  231     155         90       2119          0        120        258         10
  232     122         34       1862         70         30        115         20
  233     186         89       2076          0        120        260         10
  234      93         68       2220          0        120        273         10
  235      30         54       1318          0          0        134         10
  236      60         13       2205          0        120        205         10
  237     101        117       2024         28          0        151         20
  238      85         77        259       1035          0        175         20
  239     127         37         54         92         30        159         20
  240     160         56        553        465          0        177         20
  241       3         90       6679       2977          0        141         20
  242      42        107         23       3646         90        236         20
  243     162        117       2284          0         60        219         10
  244      35         49         56        259        300        410         20
  245      63        135       7890        890         60        226         20
  246      73        123        133       1185          0        166         20
  247      85         45        142          0          0         96         10
  248      25         72         97       1414         60        171         20
  249      81         81        604          0          0        135         10
  250     169        147         10          0         60        217         10
  251       6         12       1818          0         30         97         10
  252      28         81       4605          0          0        105         10
  253     113        121       2180       2542         30        172         20
  254     196         74       1716       1860        120        211         20
  255      26        126        346        593         60        190         20
  256      45        126      13180          0         90        167         10
  257      87        130         12          0         30        164         10
  258      34         63       2827          0        300        400         10
  259     106        103         17          0         60        194         10
  260     172         77      11057       1016        300        402         20
  261      84         66       3127          0        300        434         10
  262      25        117      14638        287          0        134         20
  263     104         68        144         74          0        133         20
  264      28         74        178          0         30        198         10
  265      99        144       1870        142         60        171         20
  266     131        104         65          0         30        166         10
  267      73         65       1739       4416        120        231         20
  268     106         81       2116          0          0        128         10
  269     156        115       1299        588        120        296         20
  270     140         66         72        298          0        154         20
  271     100         23        730          0          0        133         10
  272     180         65        672         19        150        279         20
  273      92         59       3425       8935        390        465         20
  274      93         94        631       7181         60        138         20
  275      44        101       1242          0         30        183         10
  276      62         17        162       2237        300        435         20
  277      77         42        512          0        120        271         10
  278      92         84       1940       2028        420        522         20
  279     195         59        736          0         60        200         10
  280      73         81       3084          0         30        141         10
  281     138         56        108       7691        120        185         20
  282      24        100       4040          0        150        250         10
  283      19         13       1044          0          0         64         10
  284      39        139        147         13          0        163         20
  285     145         71       8935       1819        330        466         20
  286     155         24       1664       1500         30        201         20
  287      18         29       2400         69        120        230         20
  288      57        145         64          0         60        221         10
  289     129         71       7335          0        180        265         10
  290     170        137       1498      13502         90        218         20
  291      34        106        384        417          0        148         20
  292      64         12       1443          0          0        143         10
  293      28        101        650        261          0        118         20
  294      66        135       2116          0         90        200         10
  295      34         49         84         22          0         96         20
  296      23         10        612          0        120        194         10
  297     164         73       5735          0         60        200         10
  298      80         64        414          0          0         99         10
  299      87         81        949          0        360        471         10
  300      81         23      15000          0        330        401         10
  301     139         18         43       2453        120        190         20
  302      63        111       1269       2888          0        123         20
  303      57         29       9626          0        120        190         10
  304      85        102      11109          0          0        122         10
  305      35         63       1931          0          0        100         10
  306     141         70        269         12        330        458         20
  307      41         23       1777          0        120        288         10
  308      51          1       1367          0          0        130         10
  309     163         77       6210       1909        210        272         20
  310     143         31        112          0        300        434         10
  311     110         69       7646         29        300        400         20
  312      90         83       2995          0         60        163         10
  313     152         56       1331       1863        150        267         20
  314      86         76        236        288         90        231         20
  315     114         77         11        615         30        170         20
  316     179         61       8000          0         60        197         10
  317     100         29       3137        668          0        114         20
  318       0          8       5321        105        120        223         20
  319     142         35        252          0        180        260         10
  320       9         49       1501          0        150        257         10
  321      28         45       4270          0          0        110         10
  322      38        141        250       1250         60        199         20
  323      90         92         15          0        120        228         10
  324      54        117       2175      12825        150        292         20
  325     173         56        817       2138        120        258         20
  326      18         11        335          0          0        109         10
  327      81         11       1757          0        330        456         10
  328     118         86         13          0        360        498         10
  329      86        135         18       2115         90        257         20
  330      27         24       3402       1828          0        136         20
  331      12         16        690          0        150        288         10
  332     122         83        129        346         30        144         20
  333     159        127       2388       2516         60        201         20
  334      18         22       2684          0          0        102         10
  335     115         83       1898          0         60        185         10
  336      53         70        502          0         60        153         10
  337      82         72       8065          0        120        265         10
  338     108         18      11093        260        330        468         20
  339     135         29       4413       2159         30        143         20
  340     103        124       3789         80         60        232         20
  341     115         31      12292         35        120        289         20
  342     116         94        824       1815         30        203         20
  343      28         34         85          0          0        132         10
  344      98         46      15000          0        120        277         10
  345     186         72         91       2136         60        206         20
  346     126         72       2306       4765         90        190         20
  347     114         56       8362          0         30        201         10
  348     123         47       8172          0        360        470         10
  349      98        122       2150          0        330        463         10
  350     173         62         44       5374        180        285         20
  351      33        113        106       7832        120        190         20
  352      32          5        585          0        120        246         10
  353      46         18       1403          0          0        159         10
  354     198         85        594          0        120        288         10
  355      21         40         48          0        120        196         10
  356      82          8        280          0          0        133         10
  357      60        118       7904       5162         60        141         20
  358      70        125       1563        238         90        172         20
  359     150         67        227          0          0        155         10
  360      20        119         90          0        180        249         10
  361      32        112       1854          0        120        208         10
  362     106         66         82       1254         30        183         20
  363     115         60       1628       1011          0        127         20
  364      44         48        922      14078        390        486         20
  365      96         79       1186       1959         60        167         20
  366     122        146        344        287        300        451         20
  367      76         59       1014          0         60        225         10
  368      88         54       1037       7180          0        101         20
  369     186         73       2487        847         90        194         20
  370     110        128        480          0         30        173         10
  371     148         47       1791       3160        150        259         20
  372      69        134       1438         28         90        203         20
  373      35        150        232          0         90        206         10
  374     139        107        481          0        120        230         10
  375     132         27        922          0          0        140         10
  376     103        127        110        439         60        169         20
  377      78         32       7967       2036          0         81         20
  378     132         44       3422          0        210        282         10
  379      36        146        280       3622         60        189         20
  380     107        138        758       4478        120        286         20
  381      50          1        768        190        120        235         20
  382     123         63       1669       1523         30        186         20
  383     145        124        149          0          0        191         10
  384     123         53        438       5972         30        192         20
  385      29         31       1680          0        120        284         10
  386     122         30       1332        207         30        154         20
  387      66        117      10176        845          0        175         20
  388      46         46        105          0        150        275         10
  389      45        116       4319        893          0        140         20
  390      19        124       6407        627        120        283         20
  391     181         76       6564       2216          0        192         20
  392     128         71         92          0        120        292         10
  393      14         34        456          0        120        280         10
  394      36        106        805       1798        120        231         20
  395     119         64      13401          0        360        459         10
  396     124         79         74          0        120        250         10
  397     186         74      10924          0        300        457         10
  398     146         88        105          0         60        223         10
  399     152        146        250          0        390        470         10
  400      29         38       2338        449          0        138         20
