400_16

CUSTOMER  VEHICLE
NUMBER	  NUMBER     CAPACITY    DispatchingCost
    400     500          40000       100

CUSTOMER
CUST NO.  XCOORD.   YCOORD.   DDEMAND   PDEMAND   READY TIME  DUE TIME   SERVICE TIME

    0      41         23          0          0          0        960          0
    1      98         10       1801       7044        120        258         20
    2      62        151         60          0        180        264         10
    3      96         81       1570          0          0        130         10
    4     188         83       2334          0         90        204         10
    5     199         87       1536        511        450        538         20
    6      34        136         68          0        120        204         10
    7      73         43         75       1067        120        284         20
    8     169        146       7197          0        360        435         10
    9     153         75       6006          0         30        178         10
   10     152         91       3809       2159          0        175         20
   11      92        120        250          0         30        162         10
   12      16          3       1657       9040          0         99         20
   13     170        139       2300          0        180        263         10
   14     166         88      10500          0          0        197         10
   15     115         96       2703          0        120        281         10
   16     183         89         24          0        180        297         10
   17     102         78       8295          0        120        222         10
   18      50          1        768        190        120        235         20
   19     122         66       2433          0          0        148         10
   20      55         91       4855          0        120        235         10
   21     102         87         11        383        150        245         20
   22      39        156         94         70        330        447         20
   23      42         73        305          0        120        233         10
   24      11         47       5680          0         30        205         10
   25      76         68        612        406        210        281         20
   26     123         67       3124       2437         60        203         20
   27     172        108        183          0         30        202         10
   28       6         12         30        210          0         73         20
   29     146        130       1611          0        180        278         10
   30      82         99        454       5804        180        275         20
   31     188         95       2958          0        120        232         10
   32     120        129       2763          0        180        256         10
   33      54        104        126        152        120        258         20
   34     185        103       2776          0         60        231         10
   35     119         45       1008        697          0        129         20
   36     154         76        274          0         60        234         10
   37      53         37       1685        404        360        499         20
   38     159         43       5669       1990        360        466         20
   39      47         62        621       3243        120        279         20
   40      39        139        663        180        180        290         20
   41      73        157        383          0        300        456         10
   42      77        120         22          0         90        230         10
   43     131        104       1858          0        150        263         10
   44     110         49      13648          0          0        111         10
   45     135         78       1444       5113        120        224         20
   46      22         91        197          0        180        281         10
   47      51         98        407       8859          0        107         20
   48       7        116         82       2516        150        227         20
   49      65         79         29       9866        330        493         20
   50      30         38       1519        107         90        253         20
   51     106         85        844          0         60        169         10
   52      31         40       1222          0          0        143         10
   53      86         77       1708        227        330        399         20
   54     143         66         95       1872         60        148         20
   55     109         64      14768        232         30        131         20
   56     132         36         13       2630         90        182         20
   57     112         37       2469          0        150        290         10
   58      53         61       4698        108          0         90         20
   59     123         54        288         45         60        232         20
   60     168         75       4492        515          0        183         20
   61      64         12       2020          0          0         84         10
   62      49        148       1504       1889          0        167         20
   63     111         87         10       1976        180        263         20
   64     171         80      14914         86        120        198         20
   65      86         76        236        288         90        231         20
   66     147         57       1502       7667        360        522         20
   67      59        106       8684          0         60        231         10
   68     152        146        250          0        390        470         10
   69      36        106        805       1798        120        231         20
   70     131         17        190          0          0        154         10
   71      85         52         67          0        120        248         10
   72      21          7       1038          0         90        189         10
   73      59         14       5199       2975        120        282         20
   74      25         47       1602       3877        180        258         20
   75     102        114         11          0        330        432         10
   76     134         34        299        201          0        142         20
   77      86         81       2386       1256        120        232         20
   78      96         68        840          0          0        137         10
   79     170         81       3004      10698         60        191         20
   80      47        137         33          0        120        298         10
   81      35         63       2025          0          0        138         10
   82     121         71       4982          0        360        530         10
   83      94         69       1537       6086         30        107         20
   84      33        137      14137          0        390        460         10
   85     122        101       1641          0         30        166         10
   86      43        129       1640          0         60        141         10
   87      85         45        667          0        120        203         10
   88     150         27         93          0        150        227         10
   89      83        141        744          0        150        228         10
   90      27         73       2314          0        300        469         10
   91     146         33        127          0         60        232         10
   92     112         47        105         93        180        265         20
   93      82         56       2214          0          0         86         10
   94      84         85         81          0        120        253         10
   95     162        104        601       1506        120        279         20
   96     163         65       2020          0          0        177         10
   97     176        111       6331          0        150        293         10
   98     151        143         28          0         60        195         10
   99      17         21        194       1014         30        154         20
  100      19         13       1044          0          0         64         10
  101      52        130      15000          0         60        222         10
  102     157         96       1116        621         90        230         20
  103     149        136       1418       5946        120        280         20
  104      25        155       4785          0        390        528         10
  105     117         42      12636          0        120        188         10
  106     121         49       3096        618        150        220         20
  107     134         89        282        197        360        437         20
  108      80         64        414          0          0         99         10
  109     145        124        149          0          0        191         10
  110     117        145       2555       2247        180        282         20
  111      54        117         53       5147        120        235         20
  112      95         24         60       2219          0        153         20
  113     102         75       2796          0        210        287         10
  114     162         63        310       3296        390        526         20
  115     139         91       2344       1685        150        245         20
  116      62        154       5309          0        180        273         10
  117     119         55         96       1895         90        199         20
  118     162        118       1841          0        180        255         10
  119      86         80        127        211         30        172         20
  120      88        103       3713          0        180        260         10
  121      83         85       4875          0         30        133         10
  122      57         94       1829          0         90        233         10
  123     120         33       9977          0        390        496         10
  124      77        132       2764          0        120        257         10
  125     186         89       2076          0        120        260         10
  126     127        122       7628          0        120        278         10
  127      27         84         33      14967         30        165         20
  128     135        130       4812          0        120        230         10
  129     186        106         84          0        120        211         10
  130      34        137       5813         74        300        434         20
  131       8         10         42       8254        150        292         20
  132      35         97        196          0         90        170         10
  133      95         90       1636          0        150        272         10
  134      93         68        831         85        150        222         20
  135      78         35        821       1711          0        108         20
  136     163         77       6210       1909        210        272         20
  137     116         83        365          0        120        227         10
  138      48        154         21        455         90        217         20
  139     112         74        347          0          0        138         10
  140      66        119       1551          0        150        227         10
  141      33         64       1687       1516        120        268         20
  142     129         89         81         14         30        162         20
  143     100         19       9275       4376        420        523         20
  144      69         24       3234        160        120        282         20
  145      52         63       3542          0          0         77         10
  146      87         93         77          0        120        281         10
  147     155         88        274          0        120        268         10
  148     167         35         91        384          0        172         20
  149     111         85       3239         34        120        268         20
  150      30         42       1110          0        120        220         10
  151     127         93       3480        233        180        254         20
  152     190         58        154       2544         30        204         20
  153     148         32        768       1958        150        278         20
  154       3         88      15000          0        120        230         10
  155     152         75       1838       1919        120        224         20
  156     121        129       2805       1791        180        279         20
  157      78         17       2692        337        390        461         20
  158      15         10        239          0         30        168         10
  159     160         56        553        465          0        177         20
  160     171         66        210       5151         30        180         20
  161     148         94      12593       2407        150        227         20
  162      68         94       2410        333         60        164         20
  163     150        127       3450         58         90        181         20
  164     128         56       2475          0         90        243         10
  165      73         65       1739       4416        120        231         20
  166     173         97        683          0        180        293         10
  167      23        118        170          0          0        141         10
  168     135        136         22        397        120        289         20
  169     127         37       5281        270          0        138         20
  170     168        109       2850      11299        180        286         20
  171     154         31        879        338        120        246         20
  172      55         11        984          0        360        470         10
  173     130        122       9733          0        150        257         10
  174      45        147       1805        111        120        191         20
  175      77         55        280       1511          0        110         20
  176     138         56        108       7691        120        185         20
  177      51         80         35          0         90        216         10
  178     122        109         11          0         30        166         10
  179     110         98        255          0         30        131         10
  180      16         10       2501          0        330        477         10
  181     150         20        176        388         90        174         20
  182     126         89       1838        339         30        207         20
  183     101        111       4531       2816        120        277         20
  184       9         49         10       1737        120        191         20
  185      98         46      15000          0        120        277         10
  186      62         76       3624        766        150        236         20
  187     101         20         13          0          0        101         10
  188      67        115        280       8547         60        199         20
  189      52         92       3688          0        150        259         10
  190     119         15       4175       4102         30        159         20
  191      32         83       1242       5845        120        219         20
  192      41         70         30       1036        120        248         20
  193      20         78       3380      11620         90        171         20
  194     132         44         36          0          0        139         10
  195     141         45       1895          0        120        261         10
  196      73        123        133       1185          0        166         20
  197     115         61         14          0         60        166         10
  198      53        153         46          0         90        175         10
  199     121         66       2282       3179        150        259         20
  200     104         55       4342          0        300        417         10
  201     179        107      12420        142        120        206         20
  202      77          6       2198          0          0        100         10
  203      96         79       3055          0         30        208         10
  204     127        105       1265          0         30        192         10
  205     178        101        248          0         60        190         10
  206     138         37       3221       1807        330        431         20
  207      18         29       2139        442        120        258         20
  208     151        123       9812       5188        360        535         20
  209      55         60       2170          0        150        232         10
  210      58         79       2086       1894        360        458         20
  211      87          8        237          0          0         92         10
  212     105         62       2193          0        150        234         10
  213     192         62       1622        257          0        205         20
  214      72         92       2616        234          0        161         20
  215      99        144        154        442         60        203         20
  216      22         92         22        356          0        118         20
  217      85         76       5364       1506        120        233         20
  218      28        101        540       1706         90        248         20
  219     134         55       1993       3211        150        296         20
  220      72         86       1687       1497        180        254         20
  221      99        113        134          0         60        156         10
  222      35        150        232          0         90        206         10
  223     112        136      14399        334        390        523         20
  224      29        110         55        432         60        199         20
  225     113        121       2180       2542         30        172         20
  226     103         55         62          0          0        142         10
  227      71        129      12904         84          0        154         20
  228      74        120         20          0          0        167         10
  229      34         74       2410          0        120        186         10
  230     109         94      15000          0        300        463         10
  231     110         69       1453        121         60        230         20
  232      18        126       1733          0         90        260         10
  233     133         89       1772       7207        390        457         20
  234     142         35        252          0        180        260         10
  235     111        131         82       1349        150        234         20
  236      39        107        542       9983          0        161         20
  237     104         39        228          0          0        130         10
  238     132         48       6880         18        120        228         20
  239      75        156        323         11         90        235         20
  240     189         85       1869       1825          0        199         20
  241     157         59         52          0         90        166         10
  242     117         35        497       2383          0        120         20
  243     161         35       5904          0        150        244         10
  244     142        126        968         17         30        179         20
  245      87        113       6124          0        120        229         10
  246       8         11       6388          0        120        201         10
  247     134        122       1104          0        150        279         10
  248      64         67       1506        393          0        131         20
  249       8         46       1713          0        180        266         10
  250      47         96       5906          0         90        190         10
  251     139         18         43       2453        120        190         20
  252      82          9        483          0        120        247         10
  253      75         90       3133       1153        390        472         20
  254     117         56       7730       2583          0        135         20
  255     195         59        736          0         60        200         10
  256      35          8       1992       2702        120        286         20
  257     179         48        908        433          0        183         20
  258      97         58      13022       1978        330        415         20
  259     106         59       4453          0         90        161         10
  260     104        109       1628        251        180        294         20
  261      60         37         58      14448          0         65         20
  262      85         77        259       1035          0        175         20
  263       3         94       8935         24         30        143         20
  264      56         49       1691       6109        120        260         20
  265      56         64        170       5400         60        195         20
  266     131         83        315       1751         90        220         20
  267      95         66        265          0          0        149         10
  268     117        146         75       4866        120        193         20
  269      97        113      10426         61         30        166         20
  270     136         69       1344        232        330        472         20
  271     151         22       3910          0          0        168         10
  272      99         74       3110       1521        120        197         20
  273      27        110       4283       4190        390        472         20
  274      66         86       3604          0         90        173         10
  275     151        107      12718         82        330        454         20
  276      81         81       6248       2011          0        134         20
  277     100         84        150          0        180        254         10
  278      17        119      13931       1069         90        263         20
  279      48          5        806       2334          0        142         20
  280     135         51         64       4551          0        135         20
  281     138         53       6618       1944        360        451         20
  282     118         94        325       1706         60        162         20
  283     106         81       2116          0          0        128         10
  284      54         40         95          0        120        220         10
  285     126        106        997        107         90        173         20
  286      60         10       1505          0          0        177         10
  287     126         72       7182          0        390        537         10
  288      66        117       1096          0        150        231         10
  289      99         57        924          0        450        525         10
  290     105         81         58          0        120        290         10
  291     120         78         82         76         60        144         20
  292      78         87      15000          0          0        144         10
  293      74         85       1824       1068        360        443         20
  294      69          1        665       4247          0        134         20
  295     101        117       2024         28          0        151         20
  296      88         87       9970          0        180        279         10
  297     160         78        270          0        120        188         10
  298      22         99       2008          0         30        122         10
  299      23        100         30         36          0        126         20
  300      21         78       3399          0         60        163         10
  301      74         93        290          0          0        111         10
  302      80         46        735        107          0        168         20
  303      63         48         62      13911         30        155         20
  304      95         38      10533          0        300        398         10
  305     184         71       5419       1364         60        201         20
  306      48        138        127          0        120        233         10
  307      57        145         64          0         60        221         10
  308      42        127       2066      12934        120        248         20
  309      87         69         16          0        120        230         10
  310      10         15        283          0        120        283         10
  311      65         12        287          0          0         72         10
  312     151         77         87          0          0        160         10
  313      48         46       3295       5889          0        146         20
  314     161         63       1848          0         90        223         10
  315     114         77         11        615         30        170         20
  316      28         14       1745       1926        120        265         20
  317     146         40         17          0        180        247         10
  318      32        112       4944          0        360        513         10
  319     146         88      10696          0         30        163         10
  320     199         60        253       1149        180        248         20
  321     133        100       2576          0        390        459         10
  322     102         67       1641         27         60        152         20
  323      34         49         84         22          0         96         20
  324      70        119       1500          0          0        165         10
  325      86         52       1157          0         90        251         10
  326     150         81         97        351        180        289         20
  327      22         15       1910          0        120        219         10
  328      16         35         87      10255         30        115         20
  329     145        114       8961          0        420        494         10
  330      41         79        367        539        120        283         20
  331     149         94        165        502        180        259         20
  332     130         90       3094          0          0        154         10
  333     158         24       5374          0          0        166         10
  334     170         82       1975       9336         90        250         20
  335     104         70        513       4698         60        165         20
  336     100         67       6851         56         30        135         20
  337      99         56       8544          0          0        109         10
  338      44         48        566          0         30        160         10
  339      55         47       1285        100        390        490         20
  340      66         71        920          0        210        274         10
  341     160        127        157          0        300        440         10
  342     137         49        501          0          0        157         10
  343     108         35         26          0        120        288         10
  344     143         31         67          0        210        278         10
  345     123         34        106         87          0        132         20
  346      56         19       4992       2542          0        140         20
  347      98         53       1297          0          0        172         10
  348       7         28       1609          0        180        298         10
  349     121         32       2146         93         30        205         20
  350      96         82         90       3809         90        189         20
  351     105         79       1959          0        180        242         10
  352      31          4       4408         12        330        490         20
  353     160         66        364        237        300        393         20
  354     172         77      11057       1016        300        402         20
  355      64        119        103      14897         60        155         20
  356     198         79       1205          0         90        203         10
  357      92         84       1940       2028        420        522         20
  358      92         61       1511          0        120        257         10
  359     116         94        181          0        120        203         10
  360      15        118       1205          0        330        404         10
  361      91         55         90        839          0        158         20
  362     164         90        344      14656        120        186         20
  363      44         47      13065          0        150        280         10
  364      22        129       1601       1207        120        250         20
  365      17         89       1542         38        120        289         20
  366      19        124       6407        627        120        283         20
  367     147         94       1976          0        120        251         10
  368      52         46       2445       1778          0         66         20
  369      75         55         74          0        120        232         10
  370      11         17        198       1008         30        133         20
  371     106         84       3643          0        150        289         10
  372      32         43       3449          0        120        261         10
  373     101         97         17         91          0        133         20
  374     119         98         19          0        120        243         10
  375      68         73      10273       4727          0        101         20
  376      79          7       4270       2827        120        280         20
  377     130         44         30          0         60        234         10
  378      29        135        888          0        210        287         10
  379     154         38        139          0         90        257         10
  380      70         72       2975          0        120        253         10
  381      78          6       6345       6106        120        248         20
  382     181         42        294          0         60        204         10
  383     148        116       3610          0        300        445         10
  384      52         28       8254       2295        420        513         20
  385      65         74       1081       6938        150        218         20
  386      53         21       2094          0        120        230         10
  387      40        133       1587       5873         60        158         20
  388     135        121       2524      12476        210        294         20
  389     148        128       2169          0          0        198         10
  390      85         71        857       3492         30        142         20
  391     137         70       3093        941          0        175         20
  392      48        151       1789         40        330        460         20
  393      37        123        451       2447        300        410         20
  394     187         93      13543       1457        300        436         20
  395      79        122       3671          0        180        260         10
  396     116         49      14757          0        300        440         10
  397     142        102       4128       3302         60        184         20
  398      23         10        612          0        120        194         10
  399     125         29       4183        151        450        535         20
  400      88         67        619          0         90        216         10
