400_18

CUSTOMER  VEHICLE
NUMBER	  NUMBER     CAPACITY    DispatchingCost
    400     500          40000       100

CUSTOMER
CUST NO.  XCOORD.   YCOORD.   DDEMAND   PDEMAND   READY TIME  DUE TIME   SERVICE TIME

    0      41         23          0          0          0        960          0
    1     172         39        150       2010         60        168         20
    2      63         48       1520       2363        120        255         20
    3      59         64        610         25        120        289         20
    4      27         76       2700          0         60        142         10
    5     140         47       5638          0        330        494         10
    6     116         85        152          0         60        141         10
    7      97         68       2799          0        120        211         10
    8     111         85       3239         34        120        268         20
    9      74         92         36          0        120        249         10
   10     150        127        252        112         90        253         20
   11      18        126       1733          0         90        260         10
   12      61         31         55       1184        120        253         20
   13     136         72       5681        483        360        525         20
   14     194         94       1959          0        360        456         10
   15     102         93       2636       9336        180        295         20
   16     146        141       2236        972        210        296         20
   17      85         45        667          0        120        203         10
   18     123         72      10147          0        300        412         10
   19      35          8        130        263        120        294         20
   20      64         67       1506        393          0        131         20
   21      86         77        357        986        180        260         20
   22      16         35       5990          0          0        168         10
   23      69         24       3371          0          0        172         10
   24      18         29       2139        442        120        258         20
   25     162         96         16          0         90        220         10
   26     117         42       1478        505          0        131         20
   27     111         35       2054       2821          0        141         20
   28     137        103       2176       7889        150        249         20
   29     142        126        968         17         30        179         20
   30      60         13       2205          0        120        205         10
   31      58         86       1700         43        120        201         20
   32     151         82       1594        107         30        185         20
   33      97         84        101          0        120        278         10
   34     148         33       4248          0        450        511         10
   35     104         81       4870        938         90        260         20
   36      99         56       4284          0         60        165         10
   37      65        100       1999       2382         60        161         20
   38     132        121       1538       2076         90        185         20
   39     139        104       1682          0        300        407         10
   40      29        130       1851       2076         30        160         20
   41      44         48        566          0         30        160         10
   42      36         72       2498        527        300        437         20
   43     101         20        428       1271        120        184         20
   44     177         48        264          0        120        283         10
   45      27         46        210         59        120        204         20
   46     142         28      14988         12        150        244         20
   47      71         19         17        443          0        140         20
   48      85         58        441          0          0        166         10
   49     131         83        299          0         60        155         10
   50      25         47        468       1890        120        235         20
   51     148        116        105          0        120        216         10
   52      89         84         46       1461         60        169         20
   53     151         92        543       7575          0        168         20
   54     125        103        998       2362        150        279         20
   55      85        135        377          0        120        220         10
   56     132         33       6846       1613        360        460         20
   57     122         40        307       3485        120        198         20
   58     121         85        191        147        360        438         20
   59     129        122       1595       1221        210        279         20
   60      57        145         64          0         60        221         10
   61      37        100       8374        891        300        458         20
   62      23         10        612          0        120        194         10
   63     105        152        367          0         30        179         10
   64      88         71         70       1644        420        487         20
   65     132         61        202       6386          0        142         20
   66     106         81         47          0        150        218         10
   67     114         19         67          0         30        138         10
   68      33         20       2257       6831          0         69         20
   69     151        107      12718         82        330        454         20
   70      47        125       4866       6351         30        156         20
   71      97        113      10426         61         30        166         20
   72      18         37         47         17        120        254         20
   73     152         56       2295          0        390        515         10
   74      77        120       1854       2136          0        144         20
   75      49        131       3327          0          0        159         10
   76      85         61       3805        210         60        151         20
   77      22        129       4578          0        210        292         10
   78      12         55       3909         68        120        256         20
   79     120         85        615        452         90        220         20
   80     152         91       3809       2159          0        175         20
   81     150        131       1010          0        180        250         10
   82     176        113         45          0        120        275         10
   83     157         59         52          0         90        166         10
   84      97         46         56       6099        120        244         20
   85      15         52        136       2360        150        242         20
   86     123         53        438       5972         30        192         20
   87     146         33       2113          0        150        246         10
   88      49         47         31        747          0        101         20
   89     120         33       1841       1896        150        222         20
   90      25         55       1492          0        120        282         10
   91     162        118       2536          0        120        284         10
   92     104         91       1115        109         90        161         20
   93      24        114       1755          0          0        144         10
   94      68         95         50        538          0        122         20
   95     192         64      11845          0        420        535         10
   96      91         70        147        589          0        143         20
   97     145         71       8935       1819        330        466         20
   98      34        137       5356       9644         60        209         20
   99       6         26        103        338         30        167         20
  100     100         14       1850          0        120        263         10
  101     194         72       2010       1000        180        292         20
  102     185         56        943       2538        300        477         20
  103     150        140       3400       2503        120        215         20
  104     142        102       3349          0        450        528         10
  105     121         81         92          0         60        173         10
  106     186        106       9756          0        120        221         10
  107      96         68       2354          0          0        127         10
  108     153         42        610          0          0        148         10
  109     108         35       1516        169        120        214         20
  110      87          8        240          0        120        260         10
  111      16        118       3419        191        120        232         20
  112      35         97        196          0         90        170         10
  113      95         66         82        101          0        108         20
  114      17        119      13931       1069         90        263         20
  115     159         75       7375          0        330        468         10
  116      52        130       1940       1003         60        164         20
  117      10        116       1261          0          0        149         10
  118     158         73       3051          0        360        466         10
  119       7         33       2495        190          0         98         20
  120       8         46        910        960          0         93         20
  121      74         63       2340       8107        120        225         20
  122      99        113        134          0         60        156         10
  123     126         89       1838        339         30        207         20
  124      22         15         90          0         30        174         10
  125     100         85       1769          0         90        199         10
  126     122         83       2054          0        180        253         10
  127     126        111       1629       9241        150        251         20
  128      90         73        264        575         30        147         20
  129     112        138      13644       1356        120        250         20
  130      19          8       1293       1888        150        246         20
  131      40         67       9378          0          0         95         10
  132     117        146        498          0        180        249         10
  133      80         70       1403          0        120        221         10
  134      44         49       2711          0        120        291         10
  135      97         24       2089          0        120        250         10
  136     188         95       9335       2946        120        212         20
  137      97         36       1434          0        300        410         10
  138      15        118       1205          0        330        404         10
  139     106        103         17          0         60        194         10
  140     140        104         98          0         90        171         10
  141      92         88       2076         67         90        250         20
  142      47        141        257          0        300        408         10
  143      34        149       1526       3958         60        216         20
  144     186        107       2703       5379         90        246         20
  145      28         34      13589          0          0        135         10
  146      16         10      10906       4094         30        169         20
  147      58         21        451          0          0        174         10
  148     150         81         97        351        180        289         20
  149      35         26         19          0        120        224         10
  150      53         37       1685        404        360        499         20
  151      64         71        840       3155        300        416         20
  152      76         94         44       1776         60        198         20
  153      77        132       2764          0        120        257         10
  154     160         37         33       2088        120        246         20
  155       0         90       7975       4343        360        506         20
  156       4         23        236        920        120        223         20
  157      99         57        924          0        450        525         10
  158     124        136        994          0         60        188         10
  159     105         41       4551       1073          0        169         20
  160     194         80       1352          0          0        205         10
  161     137         37       2291          0          0        132         10
  162      73         43         75       1067        120        284         20
  163     130         59        339       1307        180        294         20
  164     106         66        294          0        180        275         10
  165      17         36        524          0          0        104         10
  166     176         70        576          0        360        443         10
  167      94        118       2191          0        180        250         10
  168     101         81         40        319        120        263         20
  169      53        103       1890          0          0        159         10
  170      20         39         60        108          0        106         20
  171      74         85       1708          0          0        124         10
  172     132        136       5071          0        360        528         10
  173      42         23       1844       1205        120        218         20
  174      13         84        171       3282        360        473         20
  175      98        116       1524      11435        120        224         20
  176     162        104        601       1506        120        279         20
  177     138         56        108       7691        120        185         20
  178      97         37       1253         95         30        153         20
  179     114         77         11        615         30        170         20
  180      93         68       2493          0         30        147         10
  181      64        119        381        180          0        148         20
  182     191         97         40        691        180        290         20
  183      67         39         15          0          0         95         10
  184      70         55       4856        199        120        229         20
  185     126         73       5113          0         30        168         10
  186      35        150        232          0         90        206         10
  187      59         48       8964          0        120        190         10
  188      48        154         21        455         90        217         20
  189     116         83        365          0        120        227         10
  190     118        100       3564          0        360        465         10
  191     170         36       1810         20         60        184         20
  192      45         86       3936       3369         30        202         20
  193      52         62       1715       3401          0        108         20
  194      36        146       6099        397        300        473         20
  195      85        128       1184         82         60        168         20
  196      43         16        992       1009        120        292         20
  197     148         94       7866          0        450        539         10
  198     115         81       2084          0          0        142         10
  199     137         38        404       1879        120        217         20
  200      76         78       1637       4697         30        108         20
  201     103         56       4371       2547        300        475         20
  202     154         76        274          0         60        234         10
  203      76         31        364          0        330        409         10
  204      73        157       5588        126         90        171         20
  205     101        111        110          0          0        143         10
  206     106        125       3447          0         60        153         10
  207      90         83       2995          0         60        163         10
  208      22        101         82      14918         60        137         20
  209      86        140       9337         12        150        278         20
  210      72         99         83       1750        120        274         20
  211      98         99       3156          0          0        148         10
  212     112         75         74          0        300        435         10
  213      61         63        183          0         30        140         10
  214     112         20       8802          0        360        539         10
  215      40         86       6622       8378        450        525         20
  216      93         65        975          0        120        188         10
  217      52         61         60          0          0        111         10
  218      79        122       2645          0         60        220         10
  219     132         43       7489          0          0        166         10
  220     183         79       2944         36        120        287         20
  221      16         62       4458          0          0        103         10
  222     100         73         28          0         60        138         10
  223      87         93       2024          0        150        216         10
  224     183         89         24          0        180        297         10
  225      45        126      13180          0         90        167         10
  226      42         14       1514          0          0        159         10
  227     174         93        530       5280         90        188         20
  228     104        109       3716          0         60        233         10
  229     112        136      14399        334        390        523         20
  230      13         26      14853        147        360        463         20
  231     133         37         13       1030          0        146         20
  232     186         73       2487        847         90        194         20
  233      40        133       1587       5873         60        158         20
  234     155         74        180          0          0        170         10
  235      97         86        559          0         30        147         10
  236      16          6       2550          0          0         86         10
  237      86         99         17        389         30        138         20
  238     189        101        830          0        180        281         10
  239     155         88         83        748         90        186         20
  240     156        115       1299        588        120        296         20
  241     111         83        937          0        420        533         10
  242      73         81         86        312        150        293         20
  243      95         90        390       1647        120        235         20
  244     125         29       4183        151        450        535         20
  245      29         11       2827          0        120        261         10
  246     159        127       2388       2516         60        201         20
  247      16        122       1708          0         30        145         10
  248     176        126       5559          0          0        216         10
  249     105         81         58          0        120        290         10
  250     109        122        320          0         30        205         10
  251      29         24       3492        215        300        427         20
  252      50         80        673       1629        300        404         20
  253     132         93       2419          0         90        231         10
  254     193         92       2155       4270          0        207         20
  255      56         51         13        699        150        280         20
  256      83        141         70         23        120        233         20
  257     160        127        157          0        300        440         10
  258      68         94       4472       1951        120        198         20
  259     148         23        926          0          0        141         10
  260     138         37       3221       1807        330        431         20
  261      25        117      14638        287          0        134         20
  262     105        126        525          0         60        171         10
  263      96         36        517       1205         90        264         20
  264     139         33      12128       2872        120        282         20
  265     199         74        336          0          0        208         10
  266     174        119       1642          0        120        243         10
  267      71        129      12904         84          0        154         20
  268     137         49        173          0          0        158         10
  269     158         30         30          0        330        494         10
  270      22         99       2276          0         60        134         10
  271     160         33       2819          0        420        533         10
  272      66        135       2116          0         90        200         10
  273      23         35        164          0          0        164         10
  274      65         74       2221        200        180        272         20
  275      74        140        108          0        150        277         10
  276     148         32      10754       1881         30        164         20
  277      29        108        306       1816        180        277         20
  278     119         45         22          0          0        141         10
  279      65         82       2587        500        120        188         20
  280     102        120       1840          0         90        252         10
  281      61         49       1523          0        150        242         10
  282     117        145       1686          0        180        294         10
  283     106         10       2243       2026        360        496         20
  284      70        119       1500          0          0        165         10
  285     167         57       1475          0         60        181         10
  286      90         74       1490          0          0        111         10
  287     154         31        879        338        120        246         20
  288      47        129       1464         56         30        161         20
  289      41        145        831          0        120        245         10
  290      86         56       1879          0         90        194         10
  291     171         80      14914         86        120        198         20
  292      68         86        211       5088         60        201         20
  293     103         96         20       1989        150        281         20
  294     134        122       1104          0        150        279         10
  295      56        114        226       2021         60        151         20
  296     154         39       2164          0          0        164         10
  297     160         23        108        270        120        203         20
  298      10        117       1920         10         60        148         20
  299     156         67         12       7501         90        203         20
  300     164        107       3396       1706        120        187         20
  301      23        102        617       2432        390        464         20
  302      33         64       4213        333        300        410         20
  303      33         70        712       2199         30        183         20
  304     167         94        888       5693          0        185         20
  305      88         61        363          0        330        474         10
  306     121        147       6372       1923        150        256         20
  307       9         49         10       1737        120        191         20
  308      46         52        105          0          0        172         10
  309      11         48       8280       1094         90        192         20
  310      51        114       3536       5974         60        194         20
  311     150         53       3160       1628        120        251         20
  312     183         61       6107          0        450        519         10
  313      71        107        655          0          0        133         10
  314      77         63         68       4814         60        167         20
  315      44         47      13065          0        150        280         10
  316      41         70         30       1036        120        248         20
  317      38         96        576        433        180        244         20
  318      28         14       1745       1926        120        265         20
  319      15         10        239          0         30        168         10
  320      56         64        170       5400         60        195         20
  321      98         53       4924      10076         60        133         20
  322      18         11        335          0          0        109         10
  323     185        103       2736       5906        210        287         20
  324      80        113       2250       2029         60        191         20
  325      86         81       2386       1256        120        232         20
  326     104         68        144         74          0        133         20
  327      80         46         81          0          0        102         10
  328      31         40      14657        343        330        433         20
  329     149        141        222       6827        180        297         20
  330     170        139       2300          0        180        263         10
  331     150         49         57       2075          0        162         20
  332     180         65       1322          0         90        232         10
  333     132        151         46          0         30        204         10
  334     107         61        197          0         90        251         10
  335     108         46        128          0        150        249         10
  336      27        127       6599          0        300        414         10
  337     167        103      14692        308        150        214         20
  338     135        121        169          0         30        182         10
  339      90         29         45          0         90        186         10
  340     120        117       2765          0         30        158         10
  341      57        144       1183       1365        390        517         20
  342     107         77       3716          0          0        153         10
  343     127         53       1804          0        120        225         10
  344      34        136         68          0        120        204         10
  345     120        129        108          0        150        252         10
  346      35        109       2089          0        120        225         10
  347     185         73       1929       2138         60        194         20
  348      39         27       6210          0        120        192         10
  349      72          3       2977       2254          0        163         20
  350     183        102       1149         22        120        248         20
  351      30         36        468       2067        390        494         20
  352      84         85         81          0        120        253         10
  353     132         56        254      14746        360        501         20
  354      66        152       1090          0         60        227         10
  355     187         93        703          0        120        225         10
  356     101         85        431       3769        420        521         20
  357      47         96       5906          0         90        190         10
  358     176         47       5280          0         90        196         10
  359     160         56        553        465          0        177         20
  360     159         83        515        152        120        299         20
  361      92         65        223          0         30        202         10
  362     116        147         93        425        300        398         20
  363     134        130      15000          0         90        191         10
  364      62         45       3063          0        120        200         10
  365      45         49        112          0        120        275         10
  366     100         29       3137        668          0        114         20
  367      55         91       4855          0        120        235         10
  368     121         66       2147          0          0        167         10
  369     182         66       2961        686         60        182         20
  370      78         98       1310       2948         60        153         20
  371      94         94       1502          0          0        139         10
  372     167         47       2447       1752        330        440         20
  373      69          1       3049          0        120        237         10
  374      48          5       1638       4183        450        526         20
  375      43        129       1640          0         60        141         10
  376      49         43       6547          0          0         81         10
  377      78         43       1788          0        420        504         10
  378     135         51        172         41        120        247         20
  379      74         66       2529          0          0         94         10
  380     180         58        107          0         90        264         10
  381     126         72       2306       4765         90        190         20
  382      85        102      11109          0          0        122         10
  383      45        147       1805        111        120        191         20
  384     152        146        250          0        390        470         10
  385     150         67        227          0          0        155         10
  386       6        114       1582          0         90        263         10
  387      69         90       1998          0         30        196         10
  388     133         89       1772       7207        390        457         20
  389     101         97       3191          0         30        197         10
  390     116         75         63       5651         30        135         20
  391     119         15       2659          0        420        480         10
  392      85         76       2490       5313        120        185         20
  393     173        111       5692          0        420        498         10
  394      81          8       1000        363        300        394         20
  395     121         32       2146         93         30        205         20
  396      54        104        126        152        120        258         20
  397      96        112        291          0         60        234         10
  398      81         66        124          0         60        166         10
  399      69        134       1438         28         90        203         20
  400      69         22        101          0          0        143         10
