400_51

CUSTOMER  VEHICLE
NUMBER	  NUMBER     CAPACITY    DispatchingCost
    400     500          40000       100

CUSTOMER
CUST NO.  XCOORD.   YCOORD.   DDEMAND   PDEMAND   READY TIME  DUE TIME   SERVICE TIME

    0      41         23          0          0          0        960          0
    1      91         35       4009         41          0        172         20
    2     155         55        178          0        150        248         10
    3     120         86         94          0        330        491         10
    4     174         54       1034          0        180        264         10
    5      57         94       1829          0         90        233         10
    6     143        102       8871       6129        120        259         20
    7      78          6       2902       1882        120        196         20
    8     131         32       2471          0        300        432         10
    9      81         23      15000          0        330        401         10
   10     162        104        601       1506        120        279         20
   11      93        152       6160          0         30        195         10
   12       8         81        232         34        120        191         20
   13      32        100       2565          0        150        222         10
   14      23         35        164          0          0        164         10
   15      13         26        384        211        120        187         20
   16     121         49       3096        618        150        220         20
   17      96         81       6831          0        120        198         10
   18     102         47         56          0         60        229         10
   19      92         84       1989         56         60        146         20
   20      31         13       1210       3648        180        277         20
   21      85         61       8938          0        330        460         10
   22      96         79       1186       1959         60        167         20
   23     130        148       1951          0        330        432         10
   24      64         40        280          0          0         77         10
   25     161         35       5904          0        150        244         10
   26      20        119         90          0        180        249         10
   27     152        146        250          0        390        470         10
   28      67         94        266          0         30        128         10
   29      61         76       6572          0         30        164         10
   30      20         98       1926          0         60        237         10
   31     179         48        908        433          0        183         20
   32      83         99        222          0         30        190         10
   33     150         49         57       2075          0        162         20
   34      34         79       1777       1839        300        412         20
   35      67         61         30          0          0        127         10
   36      56         49       1691       6109        120        260         20
   37      80         70       1403          0        120        221         10
   38      39          4       6177        873        330        456         20
   39      57         91        748          0        120        257         10
   40      37         15       3805        746        420        522         20
   41      98        122       2150          0        330        463         10
   42     110         21       2830          0          0        110         10
   43      64        132        137          0         60        224         10
   44      12         30       6037       8963          0        103         20
   45      10         15        283          0        120        283         10
   46      62         56         40        248        120        258         20
   47     100         23        730          0          0        133         10
   48     103        127        110        439         60        169         20
   49      95         82        699          0        120        187         10
   50     132         44        200         62        120        196         20
   51      15         81       1625          0        180        276         10
   52     168        109       2850      11299        180        286         20
   53     152        110       6086         34        180        248         20
   54      34         49         84         22          0         96         20
   55      96        112         35          0         60        150         10
   56     126        132       1749       1716         60        228         20
   57      44         48        566          0         30        160         10
   58     195         99       3484       2738        120        232         20
   59      89         57        156         83         60        141         20
   60     148        126       1520          0         60        194         10
   61      76         56         43       5681         30        174         20
   62     122         40         14          0        150        289         10
   63     147         61       1269          0        420        495         10
   64     101        117        637       2111         60        233         20
   65      65        148       4849          0        300        405         10
   66     160        118       6111       1029         90        224         20
   67      52         62       1715       3401          0        108         20
   68     155         24         30          0        120        262         10
   69     160        108         90        124         30        191         20
   70     131         44       2513        428        150        226         20
   71     179         67        382       1583         60        193         20
   72     122         30       1750         48        120        247         20
   73      66        152       3277         72          0        161         20
   74       0          8       5321        105        120        223         20
   75     121         73         21          0        300        459         10
   76      83        141        744          0        150        228         10
   77     194         72       2010       1000        180        292         20
   78      61         49       1613       5466        120        195         20
   79     131         51       1750          0         90        263         10
   80      41         23       1777          0        120        288         10
   81      48         46       3295       5889          0        146         20
   82     195         84         17          0          0        215         10
   83     111         87         10       1976        180        263         20
   84     144         54       1416       1838          0        147         20
   85      56         10        887      14113        120        216         20
   86     168         96       2000        101          0        192         20
   87     135         26       3579       2020         60        186         20
   88      88        103       3713          0        180        260         10
   89       8         43         94      14906         60        198         20
   90     161         87       1361          0          0        184         10
   91      16        118       3419        191        120        232         20
   92     120        124       1602          0         90        183         10
   93      53        120        132        741         60        159         20
   94      85        102       2066        249         60        202         20
   95      48         60       1005          0        390        500         10
   96     162        117       2284          0         60        219         10
   97      31          4       4408         12        330        490         20
   98      30        155         18       6217          0        169         20
   99     175         51       1655          0          0        169         10
  100     130         59        339       1307        180        294         20
  101     137         70       3093        941          0        175         20
  102      71        100       5973          0         30        121         10
  103     103         67       5652       1649          0        125         20
  104     176         46       2784        182         90        183         20
  105      63         20         81          0         30        101         10
  106      48        138        127          0        120        233         10
  107     130         68       1514          0          0        140         10
  108      89         36         11        504          0         79         20
  109      22        101         82      14918         60        137         20
  110     109         75       5146          0         60        170         10
  111      60         64       1366       6937        120        254         20
  112     154         31        879        338        120        246         20
  113      90         73        264        575         30        147         20
  114     129         75        220          0        330        427         10
  115      40        112       1854          0        390        460         10
  116      44         71       3765         96        150        249         20
  117      36        143       1200          0         60        213         10
  118      65         32        147         49        120        201         20
  119      13         87       1330          0          0        122         10
  120     121        129       1783          0        420        536         10
  121      21         12      15000          0          0        142         10
  122     185         56        943       2538        300        477         20
  123      79          7       2256          0        120        196         10
  124     161         95       5649          0         90        199         10
  125     146         40         17          0        180        247         10
  126      52         92        577          0        180        285         10
  127     153         42        610          0          0        148         10
  128     158        142        156        107          0        211         20
  129     150         81         97        351        180        289         20
  130     107         98         82       5359         60        193         20
  131      20         39         60        108          0        106         20
  132      73         43         75       1067        120        284         20
  133     140         38        155        448         90        262         20
  134     111         67      14177        823        120        256         20
  135     146        112         64          0        120        294         10
  136     179         61       3315         98        180        262         20
  137      73        113        524       3301        180        286         20
  138     117         97        345          0         60        189         10
  139     171         80      14914         86        120        198         20
  140     148         32        768       1958        150        278         20
  141      96         68       2354          0          0        127         10
  142      32        112       1555       1924        120        220         20
  143     112        138      13644       1356        120        250         20
  144     151        143        783         35        150        291         20
  145      64        119        381        180          0        148         20
  146     116         43       3860          0        120        198         10
  147      26         73       6403         37        300        478         20
  148     183         89         24          0        180        297         10
  149      39        107        542       9983          0        161         20
  150      20         21        920       1159        120        285         20
  151      33        137       1169          9        150        263         20
  152      29        101       2168         29         30        159         20
  153      58         88       1900          0        150        271         10
  154      89         84         46       1461         60        169         20
  155     110        119       4225          0        180        249         10
  156     192         92       4479        387        360        488         20
  157      33         70        712       2199         30        183         20
  158      53         21       2094          0        120        230         10
  159     148         47       1791       3160        150        259         20
  160      35         23      11040        503        120        281         20
  161     139        144        960          0         90        210         10
  162      33        113        106       7832        120        190         20
  163      82        131         14          0         60        223         10
  164      81          8       1000        363        300        394         20
  165      40         29        860          0        120        283         10
  166     135         37        820          0        120        284         10
  167      88         61        363          0        330        474         10
  168      54        117         53       5147        120        235         20
  169     152        104       5417       1989          0        172         20
  170     139        107       4140        182         60        172         20
  171     144         18       1092      13908         60        147         20
  172      75        156        695       5746         60        199         20
  173      20         78       3380      11620         90        171         20
  174     163         29       4002          0        150        229         10
  175      32         56        182       1771        120        271         20
  176     105         79       1959          0        180        242         10
  177      88         41       2209          0        120        216         10
  178     117         42      12636          0        120        188         10
  179     109         51       1301        299        300        459         20
  180       2         17        257          0        120        250         10
  181     181         42       4565       2636          0        180         20
  182     185         59      14193        807        420        517         20
  183     121         85        191        147        360        438         20
  184     132         69         13        433         90        230         20
  185      76         78       7643          0         90        229         10
  186      27         76        563       7334          0        108         20
  187      74         92       1473       3547        120        246         20
  188     126         73       3303        487         60        234         20
  189      54         96       4930          0          0        112         10
  190     160         78        606       1253        180        250         20
  191     116         75         63       5651         30        135         20
  192      90         16       1667       4478         30        198         20
  193     131         18       2262          0         30        158         10
  194      87          8        240          0        120        260         10
  195     110         98         56       7374         90        178         20
  196      78         84       2387          0          0        148         10
  197      76         44        296        171        120        283         20
  198      34         61       7125          0        300        408         10
  199      80        113       2250       2029         60        191         20
  200     112         20       8802          0        360        539         10
  201      35         63       2025          0          0        138         10
  202     176         70        576          0        360        443         10
  203      21          7        812          0         90        164         10
  204     107         70        222          0         60        140         10
  205      94        118       1771          0         60        192         10
  206      45         86       2250          0        330        433         10
  207     132         61         15          0        120        265         10
  208      95         38      10533          0        300        398         10
  209      62        151         60          0        180        264         10
  210      25         52       5079       2017        180        287         20
  211     151         77         87          0          0        160         10
  212     158         74        345       1149        150        275         20
  213      46        113       3136          0         60        219         10
  214      69         24        108        117          0        144         20
  215     148         43       1176          0        330        408         10
  216     173         87       5332          0        300        410         10
  217      75        126      13578       1422        360        428         20
  218     147         38       1937         50         90        223         20
  219       7        116        147       1749        120        281         20
  220     149         80        984          0         90        235         10
  221     109         65      15000          0          0        118         10
  222      78          7       1618          0         30        115         10
  223      30         42        540          0          0         80         10
  224     154         39       1879          0        300        404         10
  225     102         93       2828       1365        360        427         20
  226      48         74       3945          0          0        110         10
  227     132         56       3585          0        120        215         10
  228     151         22       3910          0          0        168         10
  229      78         87         56       1532        120        278         20
  230     176         71       2484          0        120        274         10
  231      81        134       1348         82         60        155         20
  232      81          4      15000          0          0        139         10
  233     141        103         49       1836          0        171         20
  234     172         77      11057       1016        300        402         20
  235      53         69        817         90          0        143         20
  236     191         57       1758       2206         90        201         20
  237      52         63       3542          0          0         77         10
  238      51          1       1367          0          0        130         10
  239     121        142       1553          0        120        205         10
  240     121        120        603      14397         90        164         20
  241     143         31        112          0        300        434         10
  242      28         81       4333          0         30        135         10
  243     169         76         21          0         30        185         10
  244      83         25        442       3136         30        159         20
  245     101        111        110          0          0        143         10
  246       7         32         14          0        120        230         10
  247     101         85       1006          0        120        188         10
  248      74         20        127          0          0         75         10
  249      53         45         31          0         30         95         10
  250     102        100       1673          0        120        249         10
  251      34        127       8560          0        300        454         10
  252     175        124       9326          0          0        214         10
  253      36        106       1722       6296        360        463         20
  254      59        134        864          0        120        196         10
  255     150         79      12923          0        210        287         10
  256     163        111       1648       5955        120        258         20
  257      30         36        468       2067        390        494         20
  258      27        110        745       1298        120        193         20
  259     162        118       2536          0        120        284         10
  260      91        122        228          0         60        190         10
  261     126        111       1629       9241        150        251         20
  262     103         96         36          0         90        165         10
  263      60         37         58      14448          0         65         20
  264      72         99         83       1750        120        274         20
  265      21         41       7170          0          0        102         10
  266     106         68        277       1874          0        123         20
  267      26          9        681          0        120        261         10
  268      88         73       2290       7406          0        142         20
  269       7         28         13          0         30        187         10
  270       5        113         74          0         60        130         10
  271      80         46         81          0          0        102         10
  272      97         36       9156       2225          0        165         20
  273      55         65       4554          0         30        168         10
  274     160        117         82        290         30        183         20
  275      66        119       1551          0        150        227         10
  276     115        114       1889          0        120        206         10
  277     157         96       1116        621         90        230         20
  278     130         90        233          0         60        204         10
  279      16          3       1657       9040          0         99         20
  280     169         35       1862        106          0        162         20
  281     106         10       1623          0         30        165         10
  282      15         36       1121          0        210        276         10
  283      60         43       2267       1205        120        255         20
  284      78         10        112          0        120        199         10
  285      11         19       6393          0        120        230         10
  286      13         12       1157       1527          0        129         20
  287     100         85       1769          0         90        199         10
  288      14        122       9250          0         90        232         10
  289      91         12       2290          0          0        134         10
  290      85         76       2490       5313        120        185         20
  291      57        145        202       3076          0        168         20
  292      85         58       7139          0         60        223         10
  293      97         37        103       2795         30        196         20
  294      66         58       1700      13300        120        288         20
  295      60         49       5316          0          0         81         10
  296      19         90        912          0        180        252         10
  297     103         56       4371       2547        300        475         20
  298      26         76        108       9297        300        404         20
  299      84         56        142       7646        210        292         20
  300      96        118        111          0         30        172         10
  301     107         61        197          0         90        251         10
  302     140        109         60          0         90        199         10
  303      40        155        117          0          0        176         10
  304      23          9       1198          0          0        109         10
  305     110         49      13648          0          0        111         10
  306     127         52        301          0         30        156         10
  307     152         87        973         97         90        170         20
  308      35        109       2089          0        120        225         10
  309     131         83        315       1751         90        220         20
  310      36         87       9982         43         30        165         20
  311      86         81       2042          0        300        442         10
  312     169         49       5959          0        180        287         10
  313     106         82       1920       3037          0        161         20
  314      34        136       6807        100          0        156         20
  315     142         28       3591          0        420        531         10
  316     133        123      11040         38        120        225         20
  317      61         31       3879         69        120        288         20
  318     108         18        373       1719          0        141         20
  319      57          0         86          0          0         67         10
  320     100         14        396          0        120        255         10
  321      28        139       2579          0         60        155         10
  322      16         62         77       8312        120        241         20
  323      28        122        563          0          0        135         10
  324      45         78        146          0         90        165         10
  325     114         77       2484          0        180        260         10
  326     106         96        379       2490         90        198         20
  327      95         68        202          0          0        164         10
  328     128         71       1174       2961        150        284         20
  329      78         74        999          0          0        124         10
  330     113         48       2963        624        300        410         20
  331      10        117       1817          0          0        149         10
  332      56        114        587       1940          0        136         20
  333     134         55       3496          0        120        276         10
  334      65         57       1104          0          0         75         10
  335     158        128         27       1673         60        235         20
  336      53         61       7335        178          0         76         20
  337     185         44        233        984        150        256         20
  338      39         52        100          0        120        201         10
  339      11         17        198       1008         30        133         20
  340      39         27       6210          0        120        192         10
  341      97         46         56       6099        120        244         20
  342      82         85      15000          0        120        227         10
  343      21         23       4100       1571          0        108         20
  344      46         18       1403          0          0        159         10
  345     105         81       1985        894        180        249         20
  346      65         88        745        299        150        232         20
  347      97         24        618        175          0        144         20
  348      71        129         13        101        120        184         20
  349     186         72       2562          0        450        526         10
  350      77         63         68       4814         60        167         20
  351     184         71       5419       1364         60        201         20
  352      95         24         60       2219          0        153         20
  353     133         89       5152        235        120        285         20
  354     150         20       3561          0        120        197         10
  355      54          2       7666          0         30        110         10
  356     100         19       9275       4376        420        523         20
  357      87        139         60          0         90        167         10
  358     135         59       1010          0          0        151         10
  359     112         75         24       2024          0        129         20
  360      49         88        400       1494        120        225         20
  361      93         50        710      14290          0         98         20
  362     131         17        190          0          0        154         10
  363      34        149       2036          0         60        235         10
  364     128         97        756       7047        330        403         20
  365     162        146       2028          0        120        228         10
  366      30        117       1507          0         60        160         10
  367      92         52       2272         40        120        236         20
  368     152         91       3809       2159          0        175         20
  369      65         74       1081       6938        150        218         20
  370      53         37       1685        404        360        499         20
  371     121         91        476          0        150        263         10
  372     153        148         43      14957         60        217         20
  373     186         83         22       9806          0        202         20
  374      40        133       1587       5873         60        158         20
  375     139        104        363       3213        120        213         20
  376      43        129       1640          0         60        141         10
  377      74         85       1708          0          0        124         10
  378      33         64       4213        333        300        410         20
  379     139         33      12128       2872        120        282         20
  380      51        115         15       6725         60        187         20
  381     174         67        189         91        120        201         20
  382      96         82         90       3809         90        189         20
  383      82         15        133          0        120        254         10
  384      99         56       8544          0          0        109         10
  385      42         23       1844       1205        120        218         20
  386     138         37      14957         43        120        277         20
  387      31         76       1011        179        330        426         20
  388      97         84        101          0        120        278         10
  389      52         10         94         97        120        287         20
  390      41         73       1594          0          0         97         10
  391     135         51        172         41        120        247         20
  392     122         83        129        346         30        144         20
  393     159         83        515        152        120        299         20
  394      67         39        178      13912        120        188         20
  395     153         27        132       1985        120        191         20
  396      30         45        198          0        120        233         10
  397     145        134        181          0        300        401         10
  398      22         15         90          0         30        174         10
  399     149        136       1418       5946        120        280         20
  400     123         66       1816          0        330        410         10
