400_19

CUSTOMER  VEHICLE
NUMBER	  NUMBER     CAPACITY    DispatchingCost
    400     500          40000       100

CUSTOMER
CUST NO.  XCOORD.   YCOORD.   DDEMAND   PDEMAND   READY TIME  DUE TIME   SERVICE TIME

    0      41         23          0          0          0        960          0
    1     135         29       2789       1610         30        155         20
    2      98         63       5465        451        330        494         20
    3     134         89        282        197        360        437         20
    4     107         61        197          0         90        251         10
    5      64        132        137          0         60        224         10
    6     141        142       2973        620         60        236         20
    7      82         92        564          0         60        228         10
    8      97         24       2089          0        120        250         10
    9     167         47       2447       1752        330        440         20
   10     121         45       2293       7629         90        167         20
   11     110         21       2830          0          0        110         10
   12      70         55       1251       5736        330        499         20
   13     111         25        700       1224          0        120         20
   14      53         45         31          0         30         95         10
   15     122         65       7557         88        300        411         20
   16      48        138        127          0        120        233         10
   17     132         93       2419          0         90        231         10
   18     106         82       1920       3037          0        161         20
   19     129         71       7335          0        180        265         10
   20      85        128       6740       2399        120        299         20
   21      56         19         11          0        120        254         10
   22      55         91        348       2453        180        289         20
   23      64         44       1799       6800        120        218         20
   24      52         46       4320       2221        120        249         20
   25     102         27         33       2085          0         98         20
   26      76        127       4385          0        330        405         10
   27       7        116         82       2516        150        227         20
   28      66        152       3277         72          0        161         20
   29      52         92       3688          0        150        259         10
   30      47        125       4866       6351         30        156         20
   31     148         32        768       1958        150        278         20
   32     170         36       5879       1769        120        186         20
   33     122         77        442        345        120        188         20
   34      83         64        259         54          0         95         20
   35       8         43       2143          0        120        262         10
   36      10         15       1552          0          0        100         10
   37      28         34      13589          0          0        135         10
   38      20         98       2460         49         30        206         20
   39     119         64      13401          0        360        459         10
   40      23         93       3399          0         60        129         10
   41      85         58       7139          0         60        223         10
   42      40        155        128         35        180        254         20
   43     161         63       1848          0         90        223         10
   44      77         20        347          0        150        286         10
   45      75         55         74          0        120        232         10
   46       6         26       3038       1970          0         96         20
   47      91         84        464          0          0        127         10
   48      44         47        202       1940          0         74         20
   49      73         91       7911        860        450        526         20
   50     107         70        222          0         60        140         10
   51     100         53      13506          0        120        254         10
   52      69         90       1998          0         30        196         10
   53     160        118       6111       1029         90        224         20
   54     167         94         86          0        120        186         10
   55     135         78      15000          0        300        404         10
   56     121         49       3096        618        150        220         20
   57     120        117       2765          0         30        158         10
   58     106         59       4453          0         90        161         10
   59      30        106       3753          0        150        219         10
   60      34        122        556          0          0        129         10
   61      95        146       1549          0         90        195         10
   62      11         19       6393          0        120        230         10
   63      97         36       1434          0        300        410         10
   64     156         67       9316       1976         60        164         20
   65      22         92       6293          0          0        113         10
   66     178        101        248          0         60        190         10
   67     152        110       1356          0         90        230         10
   68      34         65       3800          0        420        522         10
   69       7        117         16      10588         60        175         20
   70     122         40        307       3485        120        198         20
   71     150         79      12923          0        210        287         10
   72      40        149       1451       3623          0        182         20
   73     100         23        730          0          0        133         10
   74     133        142      15000          0        330        473         10
   75      15         37         90       6257        180        253         20
   76      82         85       2110          0         90        197         10
   77      93         68       2354         34         60        217         20
   78     176         71       2581         20         60        184         20
   79      80         48        173       3613        120        194         20
   80     150        127        252        112         90        253         20
   81     185         44         40          0         60        220         10
   82      76         94        866          0         30        131         10
   83      19         90       1074          0        120        287         10
   84      38         32       1886          0        420        520         10
   85     139        104       1682          0        300        407         10
   86     164         85       1673          0         90        219         10
   87     172         77      11057       1016        300        402         20
   88     155         35         90         20         60        165         20
   89      83         85       4875          0         30        133         10
   90     142         31       1749          0          0        146         10
   91      87         93         77          0        120        281         10
   92      98         99       3156          0          0        148         10
   93     128        111       2939          0          0        162         10
   94     161        117        282          0        120        219         10
   95      67         96       1792         81          0        128         20
   96     172        113         47          0         60        231         10
   97      58         21        451          0          0        174         10
   98      48         83       2181       2064        120        233         20
   99      86        102        615       2112        150        285         20
  100     100         78        126          0        120        193         10
  101      33        137      14137          0        390        460         10
  102      35         26       1192         21        120        234         20
  103     104         68         23       1460        120        292         20
  104     152         91       3809       2159          0        175         20
  105      49         47         31        747          0        101         20
  106      17         89       1415          0         60        191         10
  107     139        107       4140        182         60        172         20
  108      25        114       1651          0        150        221         10
  109     142         35       6869          0        150        294         10
  110     137         70       3093        941          0        175         20
  111      74         20       5221       6408        120        229         20
  112     179         72       1473        197         90        224         20
  113     186         72         91       2136         60        206         20
  114      35         23        852        784        120        222         20
  115      91         12       2290          0          0        134         10
  116     123         59       1081          0        390        528         10
  117      96         66       7052          0        150        258         10
  118     163         65       2020          0          0        177         10
  119      87        130       3686          0         60        158         10
  120      16         62       4458          0          0        103         10
  121     139         33      12128       2872        120        282         20
  122     110        128        480          0         30        173         10
  123     132        121        147          0        150        259         10
  124      14         39       9754          0        330        465         10
  125     124         96       1879          0          0        162         10
  126     112         74        347          0          0        138         10
  127      29         35        280          0          0        128         10
  128     174         93       1500         15        150        250         20
  129     121         85        191        147        360        438         20
  130     146        141       2236        972        210        296         20
  131     172         39       6060          0          0        177         10
  132     126         73       5113          0         30        168         10
  133     111         41        306       2191        120        230         20
  134       5         20       1230       6346        120        212         20
  135      84         85        648          0          0        141         10
  136      40         86       2078       5659        120        295         20
  137     168        109       2850      11299        180        286         20
  138      72         86       1687       1497        180        254         20
  139     163         99       6623         76          0        186         20
  140     134         55       3496          0        120        276         10
  141     106         68       1741       8171        150        275         20
  142     120         85        853       2631          0        163         20
  143     126         89       1026         57         60        218         20
  144      68         73       4524       5873        120        191         20
  145      16        122        679          0        150        261         10
  146     131         17        190          0          0        154         10
  147      78         87      15000          0          0        144         10
  148      24         59       4918          0        390        502         10
  149      43        122         40          0         90        165         10
  150     132         27         14          0         90        192         10
  151     137         17        493       2819        300        460         20
  152      86         76        236        288         90        231         20
  153      84         56        147       1751          0        135         20
  154      81         11       1613          0        120        234         10
  155     148        116        105          0        120        216         10
  156     106         84       3643          0        150        289         10
  157     185        103       2736       5906        210        287         20
  158      59         85        345        668         30        108         20
  159      21         98       3613       6345        120        220         20
  160      53         65        288        392        120        249         20
  161      15          3        401         98        120        222         20
  162      33        113        106       7832        120        190         20
  163     101        117         30        643         60        155         20
  164      38         31       2308      12692        300        399         20
  165      37        123       1210          0         30        163         10
  166      43         16       3023        129        120        231         20
  167      75         34        661          0          0         72         10
  168     194         65         76          0        180        284         10
  169      64        119        381        180          0        148         20
  170      74         85       1708          0          0        124         10
  171      63        111        378          0         90        262         10
  172      83         25       2025         40          0        157         20
  173      69         51       7005       1959        120        239         20
  174     105         62       2193          0        150        234         10
  175     130         46         72          0        120        263         10
  176     132         69        268        345         30        186         20
  177     183        102       2558        334        120        228         20
  178     158         24       8394        614        120        284         20
  179     168         49       2697       2025          0        168         20
  180     192         92       5136          0        120        296         10
  181     132         48       6880         18        120        228         20
  182       2         17        257          0        120        250         10
  183     133        102       3993          0         30        171         10
  184      18         29       2400         69        120        230         20
  185     160         56      13442       1558         90        220         20
  186     142         59        291          0         30        172         10
  187      77         63         68       4814         60        167         20
  188     117         56       8002        836        330        431         20
  189     185         59      14193        807        420        517         20
  190     158        128         27       1673         60        235         20
  191     131         18      11000        112        120        193         20
  192      88         67        619          0         90        216         10
  193      27         73        330         57        120        289         20
  194      48         54       2908          0          0         67         10
  195     111         65       1020       1968         90        265         20
  196     151         22       1517          0         30        160         10
  197     162        118       2536          0        120        284         10
  198      79        130       1720          0        120        191         10
  199      42        125       1889          0        120        194         10
  200     148         33       4248          0        450        511         10
  201     117         35        497       2383          0        120         20
  202     143        102       8871       6129        120        259         20
  203      67         39        178      13912        120        188         20
  204     112         36         57          0        120        266         10
  205     147        113       1183        841        300        440         20
  206      52         61       1464       1944          0        101         20
  207      98         10       1801       7044        120        258         20
  208     132         43       7489          0          0        166         10
  209      79        131        170          0         30        158         10
  210     176         46       2784        182         90        183         20
  211      94         69        107          0        150        254         10
  212      80         93        138       2224        120        205         20
  213     130         59        339       1307        180        294         20
  214      23        102        617       2432        390        464         20
  215      37        100       1221       2447        330        467         20
  216      34         67      10530        127        120        294         20
  217      90         92         15          0        120        228         10
  218     109         64       3963          0        300        428         10
  219      86         77        357        986        180        260         20
  220      57        153        299         30        360        455         20
  221     185         73       1929       2138         60        194         20
  222     146         88        105          0         60        223         10
  223      63         90       2683          0        180        251         10
  224     174        119       1642          0        120        243         10
  225       0          8       2948          0          0        106         10
  226     173         56        817       2138        120        258         20
  227     103        128       4840       1094        120        294         20
  228      13         12       2221       2094          0         93         20
  229      96        118        579       5307        180        297         20
  230      85        135        480       1379         90        228         20
  231      56        102        780         34        420        502         20
  232      33         70        712       2199         30        183         20
  233      20         39       2089       5003        150        253         20
  234     100         14       1850          0        120        263         10
  235      72         99       1519       3868        180        290         20
  236     102        114         11          0        330        432         10
  237      65         88        745        299        150        232         20
  238      51        114       3536       5974         60        194         20
  239     178         62       2706          0         30        195         10
  240     120         62        394        119          0        147         20
  241     150         49      15000          0         30        198         10
  242      88         54       1037       7180          0        101         20
  243      86         52       1738          0          0        130         10
  244     157         96       1116        621         90        230         20
  245      97         68       2799          0        120        211         10
  246     173         97        683          0        180        293         10
  247      76         59       1014          0         60        225         10
  248      45         79       2851          0        120        212         10
  249      65        100       1629       8279        120        220         20
  250      48        129       2461          0          0        177         10
  251      15         52       4024        235          0        169         20
  252     117        146        498          0        180        249         10
  253      88         41       1275          0        120        221         10
  254     139         66       1790          0        150        219         10
  255      80         70       1403          0        120        221         10
  256      30         36        468       2067        390        494         20
  257      61         49       1523          0        150        242         10
  258     174         66         14        228          0        181         20
  259      42        107         23       3646         90        236         20
  260      96         82       1738          0          0        137         10
  261      86         67       6081          0        420        528         10
  262      92         70       5901          0        180        280         10
  263      85         61       3805        210         60        151         20
  264      89         80       6860          0         30        142         10
  265      87         81        949          0        360        471         10
  266     120         97         25          0         60        171         10
  267     132        144       4836        131        300        401         20
  268      39        156        179       3625          0        176         20
  269     108         21       1251       1015          0        118         20
  270      69         21       2988         37        120        196         20
  271     100         19        427       5297        120        227         20
  272     103         95         75      10994         90        222         20
  273     166         28       2289       1712        180        263         20
  274     103        124        181          0        180        286         10
  275      47        129       1464         56         30        161         20
  276     131        123       4519          0         60        194         10
  277      36        106         73          0         60        140         10
  278      97         84        101          0        120        278         10
  279     176        112         90       6575         90        255         20
  280      37         72       1536          0         30        201         10
  281       7         18         66         20        150        265         20
  282     106         66        294          0        180        275         10
  283      63        150       1004       1465        120        232         20
  284     115         96       3726          0         60        145         10
  285      58         88        422       1246        150        294         20
  286     194         94       2936       6345         60        217         20
  287     160         78        270          0        120        188         10
  288     121        147       6372       1923        150        256         20
  289     135        130        651       5137        120        260         20
  290      99         74       3110       1521        120        197         20
  291     145         38         40          0         30        156         10
  292      54        130         76       1859         60        165         20
  293      40         67       9378          0          0         95         10
  294      96         79       3055          0         30        208         10
  295      80         64        414          0          0         99         10
  296      47        133       4963          0         60        232         10
  297      70         72       2975          0        120        253         10
  298      81         81       6248       2011          0        134         20
  299      94         94       1502          0          0        139         10
  300     176        111       6331          0        150        293         10
  301     117         42       1478        505          0        131         20
  302      56         49       1691       6109        120        260         20
  303      95         68        202          0          0        164         10
  304      98         53       1297          0          0        172         10
  305     173         62         44       5374        180        285         20
  306     186         74      10924          0        300        457         10
  307      79         16        706       6211        360        441         20
  308     124         79         74          0        120        250         10
  309     130         44        237          0        120        229         10
  310     127        133        733          0          0        181         10
  311      48        151       1789         40        330        460         20
  312      81         75       2086          0         60        174         10
  313     141         30         31        277        120        232         20
  314      60         10       1505          0          0        177         10
  315     153         52        615          0         90        231         10
  316      68         95         50        538          0        122         20
  317      60         13        324          0          0        103         10
  318     168        139       3851          0        120        259         10
  319      73        113        524       3301        180        286         20
  320      57         29       1752          0        120        228         10
  321     104        109       3716          0         60        233         10
  322      81          8       1427          0          0        127         10
  323      85         52         67          0        120        248         10
  324      17         36       1330         14          0         99         20
  325      77        153       1501          0         30        174         10
  326     148        126       1719          0          0        199         10
  327      93         94       1154        595         60        127         20
  328      88        106       5334          0        420        526         10
  329      57         94       1829          0         90        233         10
  330      92         35       2586       1748        120        229         20
  331     114         49       2303          0        150        228         10
  332      32        112       1555       1924        120        220         20
  333     146        112       3512          0         90        178         10
  334      50         85      15000          0          0        125         10
  335      18         11       4858       2220        300        412         20
  336     106         65       3641       1748        150        251         20
  337     145         69         44          0         30        143         10
  338     123         72      10147          0        300        412         10
  339     132         36         13       2630         90        182         20
  340     129        122       2424          0         60        187         10
  341      60         60       2066          0        120        196         10
  342      95         66        237        525         30        185         20
  343      22        151        380          0         60        177         10
  344      78         32       3212          0          0        116         10
  345      19          8       4343          0          0         69         10
  346      35        150        232          0         90        206         10
  347     106         10       1623          0         30        165         10
  348     153        146       2403       1306        390        533         20
  349      37         14        894          0        120        259         10
  350      59        106       1712          0          0        136         10
  351     151         92        543       7575          0        168         20
  352       7         33       2495        190          0         98         20
  353      91         73       4176        207         60        131         20
  354      39        139        147         13          0        163         20
  355      76         76        191          0         60        220         10
  356     137        145        199      11844        120        246         20
  357      88        127       4289          0         30        203         10
  358      45        147       1805        111        120        191         20
  359      97        112       2654       1890        120        225         20
  360      62         17        162       2237        300        435         20
  361     172        108        183          0         30        202         10
  362      57         37         14          0        150        219         10
  363      87        113       6124          0        120        229         10
  364     137        103       1733          0         30        170         10
  365      10         44       9023       1791        390        461         20
  366     198         86        192          0         60        212         10
  367      27         76        563       7334          0        108         20
  368      22         91        197          0        180        281         10
  369     128         97        756       7047        330        403         20
  370     126         36         51        569        120        254         20
  371     147         38       1937         50         90        223         20
  372     121        129       1783          0        420        536         10
  373      70        119       1500          0          0        165         10
  374     131        104         65          0         30        166         10
  375     108         42      11329          0          0        109         10
  376      48         56       1950          0          0        162         10
  377     188         83       2334          0         90        204         10
  378      31          7       1702         87        120        292         20
  379     140         47       5638          0        330        494         10
  380      95         91       1841       1378          0        166         20
  381     160        108         90        124         30        191         20
  382       8         11       6388          0        120        201         10
  383     104         81       5116       4558        120        202         20
  384      27        100       2133       1839        390        531         20
  385     174         99        805        140        180        246         20
  386      47         96        920          0        210        283         10
  387      28         81       4605          0          0        105         10
  388      60         64       1366       6937        120        254         20
  389      25         50       7260       2850        120        236         20
  390      84         78       6367        925          0        160         20
  391     141         58       4199       2130        360        473         20
  392      94        118       2191          0        180        250         10
  393     109         98       2338       2432        120        246         20
  394     158         33        775       1136          0        160         20
  395      52        152       1744          0        120        206         10
  396     110         69       7646         29        300        400         20
  397      87        140       5361          0        210        279         10
  398      74        142       2887          0         60        193         10
  399      32         74        960       1273        120        220         20
  400      16         10       2201         31          0        130         20
