400_23

CUSTOMER  VEHICLE
NUMBER	  NUMBER     CAPACITY    DispatchingCost
    400     500          40000       100

CUSTOMER
CUST NO.  XCOORD.   YCOORD.   DDEMAND   PDEMAND   READY TIME  DUE TIME   SERVICE TIME

    0      41         23          0          0          0        960          0
    1      46        116        290          0        180        280         10
    2      97         84       3915       6296         90        249         20
    3      57         37       1885      13115          0        114         20
    4     158         24       8394        614        120        284         20
    5      10         51        613        348        120        259         20
    6      29         24       3492        215        300        427         20
    7      56         49       1691       6109        120        260         20
    8     112         37       2469          0        150        290         10
    9      90         28       4659          0          0        102         10
   10      99         64       1879          0         90        176         10
   11      12         15       1272          0         90        189         10
   12      15          3        401         98        120        222         20
   13     176        126       3465       1746         30        209         20
   14     173         43       2819          0         90        172         10
   15     194         80       1352          0          0        205         10
   16      77         63       6727        423          0        101         20
   17      51        115        567       3605         30        192         20
   18     194         72       2010       1000        180        292         20
   19      86         99         17        389         30        138         20
   20      59         81         90       3021        120        228         20
   21     116         85        152          0         60        141         10
   22      94        103       1518        686        120        260         20
   23     131         32       2471          0        300        432         10
   24     143        102       8871       6129        120        259         20
   25       8         11       6388          0        120        201         10
   26       7        117        610        100         60        189         20
   27     144         34       3247       1430          0        135         20
   28       7         97         54         17          0        171         20
   29     102        100       1673          0        120        249         10
   30      53         70        502          0         60        153         10
   31     104         70        279       2024        120        183         20
   32     131         44       2513        428        150        226         20
   33     153         75       5845         36          0        170         20
   34     149         80        984          0         90        235         10
   35     137         49       5760          0        450        529         10
   36      24        114       1755          0          0        144         10
   37      75        130        340          0         90        163         10
   38      85         45        667          0        120        203         10
   39      46        113       3136          0         60        219         10
   40      73         65       1739       4416        120        231         20
   41      74         20        127          0          0         75         10
   42     147         61       1269          0        420        495         10
   43     150         76        910         20         30        187         20
   44      38        113        470       2221         60        207         20
   45      90         74       1490          0          0        111         10
   46     142        102       4128       3302         60        184         20
   47     188         66         98       2542        210        288         20
   48     157         96        237          0         60        181         10
   49      83         86         89          0         90        182         10
   50     132         36       1052          0        120        198         10
   51      79        119        274          0        210        284         10
   52      65        100       1999       2382         60        161         20
   53      22         15       1910          0        120        219         10
   54     137         37       2291          0          0        132         10
   55     169         49       4252          0        300        436         10
   56     151         49        118       1291        180        247         20
   57     191         51         74       3792          0        205         20
   58      41         74         87          0         90        169         10
   59     146        141       2236        972        210        296         20
   60     157         59         52          0         90        166         10
   61     114         49        628       1895          0        131         20
   62      13         26      14853        147        360        463         20
   63      67        115        280       8547         60        199         20
   64     160         77         26       3784          0        164         20
   65      95         38      10533          0        300        398         10
   66     132         44         36          0          0        139         10
   67     185         98       3330       1980         60        203         20
   68     126        111       1629       9241        150        251         20
   69      70         64        104       5643        300        427         20
   70      24         59       4918          0        390        502         10
   71      70        125      13341       1659         30        196         20
   72      13          8       2823          0          0        149         10
   73      95         68         42          0         30        115         10
   74      23        118       6397          0         60        201         10
   75      51         80         35          0         90        216         10
   76     181         42        294          0         60        204         10
   77     150         81         97        351        180        289         20
   78      62        154       5309          0        180        273         10
   79      68         86       1828          0        120        194         10
   80     151        123       9812       5188        360        535         20
   81      95         24        380        190          0        143         20
   82      84         66        450          0        180        273         10
   83      20        116       2331      12669        120        252         20
   84       7         33        300       6210          0        137         20
   85      76         59       1014          0         60        225         10
   86     107         63       3716       4355         30        185         20
   87     133         89       1772       7207        390        457         20
   88      74         66       2529          0          0         94         10
   89      45         54       1677          0        120        294         10
   90      80         70       2014          0        120        276         10
   91       2         17       1772          0         30        156         10
   92      57         94       1994          0        390        490         10
   93     150         70       3899        511        300        469         20
   94      58         88        422       1246        150        294         20
   95      96         68       1630          0          0        108         10
   96      52         62       1715       3401          0        108         20
   97      87         69         16          0        120        230         10
   98     130         52       2295          0        390        472         10
   99      88         63       2453         17         30        116         20
  100     180         95         29          0        300        423         10
  101     151        109       2331        785        120        188         20
  102      63         20         81          0         30        101         10
  103      89         79        987         92         60        167         20
  104     107         61       2635          0          0        169         10
  105     111         25       1110          0        120        236         10
  106      14        122       2794       5189          0        137         20
  107      70        119       3059          0          0        148         10
  108     122         66       7045        313         90        224         20
  109     135         78       1444       5113        120        224         20
  110       0         90       7975       4343        360        506         20
  111      31        101       1764         43        390        459         20
  112     136         72       5681        483        360        525         20
  113     181         68       1149          0         90        185         10
  114      33         70        712       2199         30        183         20
  115      56         64        170       5400         60        195         20
  116     102        114         11          0        330        432         10
  117     134         55       3496          0        120        276         10
  118      57         29        170          0          0        129         10
  119      44         48        566          0         30        160         10
  120      70         76         19      11041          0        104         20
  121     146         88      10696          0         30        163         10
  122      67         61         30          0          0        127         10
  123      60        122       4717          0          0        139         10
  124      78         35        821       1711          0        108         20
  125     104         68        144         74          0        133         20
  126      30        106       5649       9351         30        124         20
  127      28         34      13589          0          0        135         10
  128     194         94        300          0          0        216         10
  129     179        114       2024        197         60        211         20
  130     161         95        238         61        120        215         20
  131     132         62        422          0        120        291         10
  132      71        129         13        101        120        184         20
  133      13         84        171       3282        360        473         20
  134      28         14        537          0        120        194         10
  135     199         74        336          0          0        208         10
  136     129         71       1103          0        360        501         10
  137      62        151         60          0        180        264         10
  138      38         31       2308      12692        300        399         20
  139      42         16       2135          0        120        252         10
  140     155         24       1664       1500         30        201         20
  141      85        135        480       1379         90        228         20
  142      50         85      15000          0          0        125         10
  143      34         79       1777       1839        300        412         20
  144      73         92      15000          0        300        413         10
  145     167         57       1475          0         60        181         10
  146      45        126         61          0          0        154         10
  147     188         95        130        385          0        214         20
  148      91        122        228          0         60        190         10
  149     148        126       1719          0          0        199         10
  150     100         14        396          0        120        255         10
  151      15         52        136       2360        150        242         20
  152     176         52       2360          0        300        472         10
  153     151         82         39          0        150        259         10
  154     163         65       2020          0          0        177         10
  155     164         90      12955       2045        300        399         20
  156      31         13       1210       3648        180        277         20
  157      87         63       4966       2305        300        432         20
  158      29         31       1680          0        120        284         10
  159     103        127       4593       2410         60        157         20
  160     105         41       4551       1073          0        169         20
  161      78          7       1210        450         30        145         20
  162     131        104       1308       1932         60        165         20
  163     127        133        733          0          0        181         10
  164      30         42       1110          0        120        220         10
  165      59         48         38         80          0         95         20
  166      70         46       3340          0        300        461         10
  167     141         45       1895          0        120        261         10
  168     122         83        129        346         30        144         20
  169     131         83        299          0         60        155         10
  170     195         99        192          0         60        213         10
  171      38         96       3676       2220        330        499         20
  172       7        114         82       2419         60        193         20
  173      73         81         86        312        150        293         20
  174      88         71         70       1644        420        487         20
  175     142         91       6861          0         90        256         10
  176      17        119      13931       1069         90        263         20
  177      68         73       1260          0        150        261         10
  178     109         29        608       3418        120        223         20
  179       5         36       1095          0          0        143         10
  180      44         49       2711          0        120        291         10
  181     151         92        543       7575          0        168         20
  182      34        142        432        389          0        171         20
  183     136         69       1344        232        330        472         20
  184      86        135      15000          0          0        164         10
  185     142         31       1749          0          0        146         10
  186     183         79       2944         36        120        287         20
  187      36         72       2498        527        300        437         20
  188       3         94       8935         24         30        143         20
  189     123         72        941       1885         60        196         20
  190      66        109       4511          0        420        525         10
  191     109         75       5146          0         60        170         10
  192      81         11       1757          0        330        456         10
  193     140        128       1927       1818         90        188         20
  194     113         48       2963        624        300        410         20
  195     148         32      10754       1881         30        164         20
  196     126         72       7182          0        390        537         10
  197     147        113       1183        841        300        440         20
  198      11         48       8280       1094         90        192         20
  199       7         32         33       3879        120        195         20
  200     105         81       1985        894        180        249         20
  201      34        136       1030          0          0        146         10
  202     120        117       1615       1636          0        157         20
  203     188         83      14970         30         30        210         20
  204     185         56        943       2538        300        477         20
  205      55         91        348       2453        180        289         20
  206     185        103       2736       5906        210        287         20
  207      65        148       4849          0        300        405         10
  208      39        107       3078       1042          0        129         20
  209      51         47       3775       1544          0        159         20
  210     163        140       3726          0        120        251         10
  211      66         71        920          0        210        274         10
  212     168         96       2000        101          0        192         20
  213      96         81       6831          0        120        198         10
  214      51          1       1367          0          0        130         10
  215       7         21        633          0          0        121         10
  216     129         72       2012       1440         90        174         20
  217     197         87         32        127         60        203         20
  218      78          8       4580          0        330        430         10
  219      41         73        120          0         30        163         10
  220     102         67       1641         27         60        152         20
  221     171         66        210       5151         30        180         20
  222     113         64       5953          0          0        142         10
  223     139         66       7243       6474        300        410         20
  224     177        112        280        193          0        200         20
  225     145         69         44          0         30        143         10
  226     150         79         92        301         60        226         20
  227      87        101       5050        279          0        135         20
  228      87         93         77          0        120        281         10
  229     142         28       3591          0        420        531         10
  230      35         26         19          0        120        224         10
  231      42         52       1802          0          0        145         10
  232     115         64         92          0        150        252         10
  233      32        115       6757       1941        390        527         20
  234     148         33       4248          0        450        511         10
  235     106         54        218        169        180        243         20
  236      76         31        364          0        330        409         10
  237      36        146       6099        397        300        473         20
  238     143        112       2682        236        360        469         20
  239      73         89       1815       1071        210        282         20
  240      91         70        147        589          0        143         20
  241      57         91        215          0        120        253         10
  242     120        129        108          0        150        252         10
  243     145        114       8961          0        420        494         10
  244      94        118       2191          0        180        250         10
  245      73         96        423          0        120        197         10
  246     101         20        428       1271        120        184         20
  247      76         44        296        171        120        283         20
  248      68         96         65          0        150        242         10
  249      95        146       1549          0         90        195         10
  250     138        146       1104          0         60        195         10
  251      65         74       2221        200        180        272         20
  252     152         87        973         97         90        170         20
  253      60         37       1380          0        120        233         10
  254      87          8        240          0        120        260         10
  255      80        139        255          0         90        196         10
  256     194         82       4993         99         60        206         20
  257     117        152        102       6373        210        283         20
  258      44         71       3765         96        150        249         20
  259      73         91       7911        860        450        526         20
  260      88        106       5334          0        420        526         10
  261     116         43        480       1500          0        129         20
  262      97         36       1434          0        300        410         10
  263     137        145        199      11844        120        246         20
  264      92         84       1940       2028        420        522         20
  265     104         81       4870        938         90        260         20
  266     185         59      14193        807        420        517         20
  267      93         50        710      14290          0         98         20
  268     169         76       4559         30        150        249         20
  269       5        116       2268          0        360        520         10
  270      66        135       2024          0        120        225         10
  271     120        124       1602          0         90        183         10
  272      97        113       1510       3134         60        192         20
  273      49        148        772          0          0        161         10
  274      10         44       9023       1791        390        461         20
  275      90         92         15          0        120        228         10
  276      47        129        723       1308        120        221         20
  277      55        102         15          0          0        129         10
  278     152        110       6086         34        180        248         20
  279      87         73       2733         25        120        285         20
  280     115         81       2084          0          0        142         10
  281     134        130      15000          0         90        191         10
  282       1         17         29       1669         60        230         20
  283      53         65         70          0         60        199         10
  284      18         29       2400         69        120        230         20
  285     137         70        260       5735          0        151         20
  286     175        124         14        181        120        215         20
  287     110        135       7052       7572        300        400         20
  288      69        134       1305          0        180        259         10
  289     177         74       2400      11095        120        187         20
  290      24        100       4040          0        150        250         10
  291     107         70       6738          0        360        463         10
  292      31         40      14776        224        120        187         20
  293      88         67        619          0         90        216         10
  294     121         66       7575          0        180        259         10
  295      20         98       2460         49         30        206         20
  296      63         48       1520       2363        120        255         20
  297      66         58       1700      13300        120        288         20
  298      35        109       2377          0        120        202         10
  299      38         73       1018        562        150        294         20
  300      36        143       1200          0         60        213         10
  301     112         36         57          0        120        266         10
  302      39        156         94         70        330        447         20
  303     142        131       1682          0        120        180         10
  304     106         81         47          0        150        218         10
  305      86         76        236        288         90        231         20
  306     125        102        145          0         60        221         10
  307     171         74        200          0        120        283         10
  308      46        128       1153       1000        360        522         20
  309      76         78       7643          0         90        229         10
  310      34         67       2009        514          0         86         20
  311     112         78        108       1511        120        216         20
  312     135         23        213       3093        360        519         20
  313      23         35       3072       5533         30        151         20
  314      66        152       1090          0         60        227         10
  315     170         36       1810         20         60        184         20
  316     173         62         44       5374        180        285         20
  317      82        131         14          0         60        223         10
  318      34        122        556          0          0        129         10
  319     153         48        280          0         90        171         10
  320     162         96         16          0         90        220         10
  321      59         14       5199       2975        120        282         20
  322     125         88         46       2162        300        441         20
  323      55        116      10997        108         30        131         20
  324     147         39       2024       2295         90        195         20
  325     148         94      12593       2407        150        227         20
  326      35        150        232          0         90        206         10
  327       6         26        103        338         30        167         20
  328      77         55        280       1511          0        110         20
  329      51        134         14          0        120        275         10
  330     176         47        333          0         60        190         10
  331     117        146        498          0        180        249         10
  332     103         96       1321        433         90        195         20
  333      72         86       1687       1497        180        254         20
  334      45         79       1104          0        150        227         10
  335      86        102        615       2112        150        285         20
  336     101        117       3956          0        330        441         10
  337      31        128        343          0        150        251         10
  338      52         92       3688          0        150        259         10
  339      52          0         76          0          0         73         10
  340      54        117       2175      12825        150        292         20
  341       1         19       7206          0        420        524         10
  342     159         83        515        152        120        299         20
  343      55         16        739          0        360        507         10
  344     121         81       1570          0         90        223         10
  345     149         34       1568       3152         90        254         20
  346      86         81       2386       1256        120        232         20
  347      73        157       5588        126         90        171         20
  348      75        156        695       5746         60        199         20
  349      42         23       4798          0         30        113         10
  350     107         21        876          0        120        285         10
  351     109         51       1301        299        300        459         20
  352     106         65       3641       1748        150        251         20
  353     152        104       5417       1989          0        172         20
  354      48         47       2496       5873        210        279         20
  355     100         29       3137        668          0        114         20
  356      32         43        822       2524        120        255         20
  357      39         52         90          0          0        107         10
  358     122        146        344        287        300        451         20
  359      25         50       7260       2850        120        236         20
  360     179         61       3315         98        180        262         20
  361     152        146       3114       1844        120        205         20
  362     196         74       3743          0        210        292         10
  363     104         91         86          0         60        220         10
  364      39         96        594          0        390        498         10
  365      73         55         20      11550        120        292         20
  366     100         65       3415          0          0        128         10
  367      82         72       2382        526         30        199         20
  368      78         74        999          0          0        124         10
  369     103         56       4371       2547        300        475         20
  370      62         45       3063          0        120        200         10
  371     160         37         33       2088        120        246         20
  372      28        101        540       1706         90        248         20
  373      47        141        257          0        300        408         10
  374     130         59        339       1307        180        294         20
  375     112         75         74          0        300        435         10
  376      45         78        146          0         90        165         10
  377      58         79       2086       1894        360        458         20
  378     108         38       1775          0         30        193         10
  379     143         31       4301          0        120        231         10
  380      98        122       2566          0        120        290         10
  381     118         86         13          0        360        498         10
  382      28         81       4605          0          0        105         10
  383      66        150        152       3714        450        521         20
  384      86        140        100       4343          0        176         20
  385      74        119         60          0        120        261         10
  386      97         68       2799          0        120        211         10
  387     191        100        149        279        120        285         20
  388      93         65        975          0        120        188         10
  389       1         25         21       2013         30        188         20
  390     132         69        268        345         30        186         20
  391      81          8        254         86          0         85         20
  392      53         17         58          0        120        222         10
  393      93         68        831         85        150        222         20
  394     141        103         49       1836          0        171         20
  395     115         96       3288          0        150        214         10
  396     160        108        591       3008        180        248         20
  397      52        130      15000          0         60        222         10
  398      79         16        548          0        120        259         10
  399      15        118       1205          0        330        404         10
  400     161        117        282          0        120        219         10
