400_33

CUSTOMER  VEHICLE
NUMBER	  NUMBER     CAPACITY    DispatchingCost
    400     500          40000       100

CUSTOMER
CUST NO.  XCOORD.   YCOORD.   DDEMAND   PDEMAND   READY TIME  DUE TIME   SERVICE TIME

    0      41         23          0          0          0        960          0
    1     113         64       5953          0          0        142         10
    2     144         86       6707       6109        120        228         20
    3      44         51        240       1297        120        291         20
    4       7        116        147       1749        120        281         20
    5     115         96       3726          0         60        145         10
    6      32         41        255        177        150        275         20
    7      68         86       1828          0        120        194         10
    8     105         62       2193          0        150        234         10
    9     167        147       1644       1841        150        216         20
   10     193         91       2004          0          0        211         10
   11      70         51       7914         34        300        437         20
   12      25         47       1602       3877        180        258         20
   13      23         10        399       2968        360        432         20
   14      83         25        442       3136         30        159         20
   15       0          8       2947         34        180        294         20
   16     172        108        183          0         30        202         10
   17      88        127       1988        553         60        149         20
   18     134        130       2799       3850        120        274         20
   19     146         88        105          0         60        223         10
   20      25        114        338         84         60        226         20
   21     119         98         19          0        120        243         10
   22     178        101        248          0         60        190         10
   23     170        118       1758          0        390        454         10
   24     102         75       3753          0         30        136         10
   25     148        126       1520          0         60        194         10
   26      30        155       1745       2364        120        269         20
   27     160        131         29          0        180        290         10
   28      87          8        237          0          0         92         10
   29      55        116       3785          0        150        257         10
   30     137         93       5834          0        300        462         10
   31     104         81       4870        938         90        260         20
   32      73         81       3528          0          0        108         10
   33      88         67        619          0         90        216         10
   34      70         76         19      11041          0        104         20
   35     135         29       2789       1610         30        155         20
   36      28         10        181        583        120        276         20
   37     111         41        503         55        150        291         20
   38      81         66       5003       7500        120        230         20
   39      58          2        324          0         30        200         10
   40     121         91      14100        900        180        286         20
   41      47        133       4963          0         60        232         10
   42      43         16        992       1009        120        292         20
   43     178        117       2568          0          0        209         10
   44     101        117       3956          0        330        441         10
   45     141        142       2973        620         60        236         20
   46     116         43       3860          0        120        198         10
   47      51        115        567       3605         30        192         20
   48     191         57       1758       2206         90        201         20
   49      28         34         85          0          0        132         10
   50     136        148         64          0        210        279         10
   51      37         15      15000          0          0         77         10
   52     119         45       1008        697          0        129         20
   53       8         11       1860        996         60        162         20
   54      80         70       2014          0        120        276         10
   55      63         20        614          0        120        226         10
   56      43        122       6257          0         30        164         10
   57      82        107       2525        182         60        195         20
   58      27         46        210         59        120        204         20
   59       8         10         42       8254        150        292         20
   60     132         61         15          0        120        265         10
   61      82         56        213          0          0        102         10
   62     175        124       9326          0          0        214         10
   63     134         33        760          0        360        429         10
   64     103         56       4371       2547        300        475         20
   65     198         67         52          0          0        199         10
   66     142         91        108       4191        120        287         20
   67      96         87       1842        147        450        527         20
   68     146        132       4255          0         60        217         10
   69     120        149       3823       1756        300        392         20
   70      71         19         17        443          0        140         20
   71      70         46       3340          0        300        461         10
   72      86         86        422       2620          0        133         20
   73     160         74       8312          0         60        171         10
   74     100         73         96          0        150        256         10
   75      46         52        105          0          0        172         10
   76     200         68       2537         42          0        220         20
   77      79        131        170          0         30        158         10
   78      84         85        648          0          0        141         10
   79      65         82       2587        500        120        188         20
   80      96         81       6831          0        120        198         10
   81      24        114        503          0        300        405         10
   82      17         89       1542         38        120        289         20
   83      65         32       1190        196          0         74         20
   84      80        139        255          0         90        196         10
   85      90         29         45          0         90        186         10
   86      65         86         98          0        150        229         10
   87     162        118       1841          0        180        255         10
   88     168        147       1759       3420        120        230         20
   89      34         67      10530        127        120        294         20
   90      17         36        298        746        150        250         20
   91     121         85        191        147        360        438         20
   92      59        134       2995          0        300        470         10
   93      57        145      11350          0        120        190         10
   94      99         54       2078          0          0        135         10
   95     116         85         40          0        330        498         10
   96     150        127        252        112         90        253         20
   97      45        147       1805        111        120        191         20
   98      76         16         16         49        120        234         20
   99     121         73         21          0        300        459         10
  100      15         42       5014       1889        330        436         20
  101     143         87        250          0         90        252         10
  102     123         54        288         45         60        232         20
  103      89         60       1136          0        420        513         10
  104     121        129       1491          0         90        263         10
  105     100         67      12718          0          0        141         10
  106      95         66        265          0          0        149         10
  107     133        142      15000          0        330        473         10
  108      36        146        280       3622         60        189         20
  109     107         70        222          0         60        140         10
  110     103        127       4593       2410         60        157         20
  111     108        105       3878          0        210        279         10
  112      59         85        345        668         30        108         20
  113      73         92       5409        719         60        236         20
  114     181         42       4565       2636          0        180         20
  115      73         96        423          0        120        197         10
  116      66        119       1551          0        150        227         10
  117      46        113       3136          0         60        219         10
  118     101         85       1800          0          0        127         10
  119      85        135        480       1379         90        228         20
  120      13         84        171       3282        360        473         20
  121     152        146        250          0        390        470         10
  122      60         37       1380          0        120        233         10
  123     174         66         54       2020         90        226         20
  124      20        119       9298          0        120        206         10
  125     155         55        452       9990         30        184         20
  126     171         66       1122       7730         30        191         20
  127      92         52       2272         40        120        236         20
  128      97        144       8517        605        420        494         20
  129     185         44        233        984        150        256         20
  130     105        152         77       1742        180        292         20
  131     111         85       2903          0        120        279         10
  132     135        136         22        397        120        289         20
  133     136         69       1344        232        330        472         20
  134     104         91       1115        109         90        161         20
  135     181         76       6564       2216          0        192         20
  136      21          7       1038          0         90        189         10
  137     131         18       2262          0         30        158         10
  138      32         56        182       1771        120        271         20
  139      50          1        768        190        120        235         20
  140      69         21         28          0        150        280         10
  141     100         78        126          0        120        193         10
  142     106         96        379       2490         90        198         20
  143      97         36       9156       2225          0        165         20
  144     195         84         17          0          0        215         10
  145     156         67         12       7501         90        203         20
  146      73        123         13       8002         60        151         20
  147     147         22       3684          0        300        434         10
  148     197         58       2012          0          0        192         10
  149     131         83        315       1751         90        220         20
  150      66         63        617        672        360        469         20
  151     186        107       1747          0          0        221         10
  152     104        109       1628        251        180        294         20
  153     142        124        720         23        120        254         20
  154     142         28       3591          0        420        531         10
  155      13          8       1062          0        120        288         10
  156     188         66         84          0         30        196         10
  157      59         54       4886       3022          0        163         20
  158      87        140       5361          0        210        279         10
  159     120        124       6209          0         60        223         10
  160     109         64       3963          0        300        428         10
  161      33        137      14137          0        390        460         10
  162     109         94       1512       2434         60        186         20
  163     175         51       1655          0          0        169         10
  164      91         84        464          0          0        127         10
  165      88         72      14867        133        150        244         20
  166     173        111       1961          0        120        216         10
  167      13         87       1330          0          0        122         10
  168     123         59       6700       4619         30        204         20
  169      76         31        364          0        330        409         10
  170      98         53       1297          0          0        172         10
  171      95         24        380        190          0        143         20
  172     126         73       3303        487         60        234         20
  173     112        136      14399        334        390        523         20
  174     179         48        908        433          0        183         20
  175      81         11       1757          0        330        456         10
  176     133         89       1772       7207        390        457         20
  177     161         35       5373          0        360        441         10
  178      79         16        706       6211        360        441         20
  179     106         81         47          0        150        218         10
  180      64         12       1443          0          0        143         10
  181     183         79       2944         36        120        287         20
  182     109         75       1710        193         30        155         20
  183     151         22       1517          0         30        160         10
  184     158         73       3051          0        360        466         10
  185     152         87        973         97         90        170         20
  186     153         27        132       1985        120        191         20
  187      79          7       2256          0        120        196         10
  188      68         73      10273       4727          0        101         20
  189     185         59       3400       5639        120        206         20
  190     103        128       4840       1094        120        294         20
  191      86         99         17        389         30        138         20
  192      56        103        152       9040          0        124         20
  193      10         48         25         20        120        230         20
  194      87         93         35          0          0        128         10
  195     111         87         10       1976        180        263         20
  196      82         85       2110          0         90        197         10
  197     164        107       3396       1706        120        187         20
  198      83         85        300       4834         90        174         20
  199      14         34        456          0        120        280         10
  200      17         18       3480          0          0        104         10
  201     110         49      13648          0          0        111         10
  202      54          2       7666          0         30        110         10
  203     109         29       6576       2690          0        161         20
  204      55         67        252         43          0        112         20
  205      35         63       1931          0          0        100         10
  206     163         77       6210       1909        210        272         20
  207      78         32       7967       2036          0         81         20
  208     172         39       6060          0          0        177         10
  209      19         52        984       5904         30        129         20
  210     169         76       4559         30        150        249         20
  211     132        144       2415       2478        120        266         20
  212      55         65       4554          0         30        168         10
  213      10        117       1817          0          0        149         10
  214       1         19        633          0        120        225         10
  215      37         14        902          0          0         76         10
  216     102         93       2828       1365        360        427         20
  217      15         10       2020          0         90        184         10
  218     140         66         72        298          0        154         20
  219      28        120       8107          0         60        174         10
  220      53         78        416       1636        420        493         20
  221      99         56       8544          0          0        109         10
  222      60         10       2247          0          0         93         10
  223     114         77       2484          0        180        260         10
  224      78         65        960       4741         60        203         20
  225      82         72       2382        526         30        199         20
  226     195         59       1733          0         30        202         10
  227      89         80        448       1710        120        230         20
  228     111         35       4771       2527        360        476         20
  229      46         46         22      11398        120        216         20
  230      42        107       1530         99        120        238         20
  231      33        131       2198        336        150        232         20
  232      80          5         70          0        150        276         10
  233     139        104        363       3213        120        213         20
  234      38        113        470       2221         60        207         20
  235      26        121       3377          0          0        143         10
  236       4         23        236        920        120        223         20
  237     153        122      15000          0        210        288         10
  238     120         85       3926          0         30        157         10
  239     186         89       2076          0        120        260         10
  240     105         41       4551       1073          0        169         20
  241     117         35        497       2383          0        120         20
  242     117        145       1686          0        180        294         10
  243      39        139        147         13          0        163         20
  244      22        146       5088          0        180        266         10
  245      12         16        690          0        150        288         10
  246     134         73        233        192          0        162         20
  247     114         19         67          0         30        138         10
  248     150         49         57       2075          0        162         20
  249     153        146       2403       1306        390        533         20
  250      43        136      12933          0        390        500         10
  251     139         33      12751          0        330        491         10
  252     160        108         90        124         30        191         20
  253       9         44        287          0        390        467         10
  254     114         48       4493          0        330        462         10
  255     107         21        876          0        120        285         10
  256      50         64       1747       2222         90        160         20
  257      60         64       1366       6937        120        254         20
  258     101         97         17         91          0        133         20
  259     178         62       2706          0         30        195         10
  260       2         17       1772          0         30        156         10
  261      77          6       2198          0          0        100         10
  262     171         74        200          0        120        283         10
  263      73        157       5588        126         90        171         20
  264     149         34       3794          0        360        424         10
  265      80         46         81          0          0        102         10
  266     164         70       1545          0        120        195         10
  267     164         73        887        104        150        229         20
  268     160        118       6111       1029         90        224         20
  269     119         11       2041          0          0        132         10
  270     122         59        641          0         30        183         10
  271     139         66       1790          0        150        219         10
  272      69         45       1895       8738          0        109         20
  273     183         60         96          0         60        181         10
  274      74         93        290          0          0        111         10
  275      88        106       5334          0        420        526         10
  276     150         46       3578       1196         30        162         20
  277      63         90       7354       1614        120        204         20
  278     192         62         41       2702          0        202         20
  279      21         40         48          0        120        196         10
  280      86        102        615       2112        150        285         20
  281      34        136         68          0        120        204         10
  282      94         94       1502          0          0        139         10
  283      60        148        713       1749         30        182         20
  284     132        121       1538       2076         90        185         20
  285      42         62         51        253         30         98         20
  286      76        127       4385          0        330        405         10
  287      64         44       1869          0          0        133         10
  288      31        142       5368       2559        390        470         20
  289      68         95       1511          0          0        119         10
  290      61         63        183          0         30        140         10
  291      61        103       2360       8296        180        274         20
  292      85         46      13520          0          0        164         10
  293      57         29       1752          0        120        228         10
  294     127        133        733          0          0        181         10
  295     168         75       4492        515          0        183         20
  296      19         90        912          0        180        252         10
  297     155         27        325          0         60        164         10
  298     135         23        213       3093        360        519         20
  299      71        129         13        101        120        184         20
  300      98        116       1524      11435        120        224         20
  301      85         76       2490       5313        120        185         20
  302     102         27         33       2085          0         98         20
  303     143         31         67          0        210        278         10
  304      40         67       1644          0        450        523         10
  305      45         78        146          0         90        165         10
  306     131         44        310          0        120        188         10
  307      68          2         26        174          0        145         20
  308      34         98       1429          0         90        220         10
  309      41         73        120          0         30        163         10
  310     127         93       3266          0         30        163         10
  311      40         30       1495          0          0        124         10
  312     131        104       1308       1932         60        165         20
  313      62         17        162       2237        300        435         20
  314      33        155       6212          0        390        519         10
  315     196         74       3743          0        210        292         10
  316     184         71        335          0        120        196         10
  317      75        130        340          0         90        163         10
  318     112         37       2469          0        150        290         10
  319      78         84       1819         76         90        260         20
  320     148         43       1176          0        330        408         10
  321      81          6       4267          0        150        255         10
  322     160         77         26       3784          0        164         20
  323      31        106        686          0         30        169         10
  324     149        136       1418       5946        120        280         20
  325     119         94        388       2215         60        200         20
  326     120        116       7832          0          0        178         10
  327     193         92       2155       4270          0        207         20
  328     162         96         16          0         90        220         10
  329      18         29       2400         69        120        230         20
  330     117         42      12636          0        120        188         10
  331      99        108         52        832         30        152         20
  332     132         36       1052          0        120        198         10
  333      75        156        323         11         90        235         20
  334     144        128        172        300        300        396         20
  335      66         58       1700      13300        120        288         20
  336      36         79         86        212        450        517         20
  337     106         10       2243       2026        360        496         20
  338     164         60       2060       2199        150        230         20
  339      30         38         14       9754        120        254         20
  340     150         76        910         20         30        187         20
  341      75         90       3133       1153        390        472         20
  342     122        109         11          0         30        166         10
  343      40        155        128         35        180        254         20
  344      97         84       3915       6296         90        249         20
  345      48         74       4997          0        360        489         10
  346      87         73       2733         25        120        285         20
  347      53         57        538         68          0         75         20
  348      78         98        462       2331         90        237         20
  349      81        139        847          0         90        196         10
  350      29         11       8445          0        390        470         10
  351      79        101       4006        199         60        144         20
  352      18         22       2684          0          0        102         10
  353     126         89       1026         57         60        218         20
  354      83         74       2364          0        120        260         10
  355      93         94        631       7181         60        138         20
  356     126         36       2136        234        120        259         20
  357     142         35       6869          0        150        294         10
  358      92         59       3425       8935        390        465         20
  359      17        119        170       2379        150        279         20
  360     151         77      13526       1474        120        190         20
  361     137        103       2176       7889        150        249         20
  362     186         83       3419       8738         60        216         20
  363     104         70        513       4698         60        165         20
  364     194         94       1959          0        360        456         10
  365     160        101       2010          0          0        176         10
  366      32        100       2565          0        150        222         10
  367      91         73       4176        207         60        131         20
  368      28         81       4333          0         30        135         10
  369      46        128       1153       1000        360        522         20
  370     180         58       3535         63          0        196         20
  371     131         51       2121          0        120        236         10
  372      25         72       2345       2128        150        294         20
  373      90        119       1869       9807        360        431         20
  374     144         54       1767       3023          0        147         20
  375      32        112       1854          0        120        208         10
  376      38         96        576        433        180        244         20
  377      76          4       9807       2333        330        431         20
  378     151        120       2582          0        300        443         10
  379     133         70        282      14718          0        151         20
  380      89         36         11        504          0         79         20
  381      70         55       3033       1094          0        112         20
  382     154         39       1879          0        300        404         10
  383     188         79        566        126          0        216         20
  384     100         14       1850          0        120        263         10
  385      66        152       1090          0         60        227         10
  386     116        147         93        425        300        398         20
  387     191         51       3545          0          0        204         10
  388     109         65      15000          0          0        118         10
  389       5         36       1577          0          0        167         10
  390      10         15       1552          0          0        100         10
  391      81         23      15000          0        330        401         10
  392     163        140       3726          0        120        251         10
  393     115         83       1898          0         60        185         10
  394     160        127        157          0        300        440         10
  395     108         21       1251       1015          0        118         20
  396     158        128         27       1673         60        235         20
  397      16         10      11938        630        120        207         20
  398      75         34        803       5376        120        253         20
  399     135         78      15000          0        300        404         10
  400      10        116       1261          0          0        149         10
