400_45

CUSTOMER  VEHICLE
NUMBER	  NUMBER     CAPACITY    DispatchingCost
    400     500          40000       100

CUSTOMER
CUST NO.  XCOORD.   YCOORD.   DDEMAND   PDEMAND   READY TIME  DUE TIME   SERVICE TIME

    0      41         23          0          0          0        960          0
    1     198         86       2360       2542         30        214         20
    2      66        119       1551          0        150        227         10
    3      85         77        259       1035          0        175         20
    4     136         72       5681        483        360        525         20
    5      87         53       8945          0        360        525         10
    6      49         47        679          0        120        189         10
    7     163         99        102          0        120        257         10
    8      56        103        362         37          0        132         20
    9     146         88      10696          0         30        163         10
   10      82         12       2968          0          0        175         10
   11      90        119       4742          0        120        256         10
   12     166         88       5588          0         30        195         10
   13      66        135       2116          0         90        200         10
   14      47        133       4963          0         60        232         10
   15      90        124         22          0        120        291         10
   16     123         54        288         45         60        232         20
   17      41         74        113         41         30         99         20
   18      83        141         70         23        120        233         20
   19      65         57         72       2160        120        253         20
   20     176        111       1654          0         90        220         10
   21     146         40         17          0        180        247         10
   22      56        102        780         34        420        502         20
   23      54        117       2175      12825        150        292         20
   24     162        118       1841          0        180        255         10
   25       8         43         94      14906         60        198         20
   26      32         43        822       2524        120        255         20
   27      94        118       1771          0         60        192         10
   28     198         85       1522        586        120        259         20
   29      86         77       1708        227        330        399         20
   30      84         56        142       7646        210        292         20
   31      81         75       2086          0         60        174         10
   32      98        116       1524      11435        120        224         20
   33     127         53       1804          0        120        225         10
   34     108        105       3878          0        210        279         10
   35      87         93        784          0        150        294         10
   36      35          8        130        263        120        294         20
   37      44         51        349          0          0         72         10
   38      12         45       2192          0         60        133         10
   39      73         96       1678       2545        180        255         20
   40     190         58        154       2544         30        204         20
   41     139        107        481          0        120        230         10
   42       7         28         13          0         30        187         10
   43      67         96       1792         81          0        128         20
   44      44         71        164        504        150        225         20
   45     148         33       4248          0        450        511         10
   46      63         48         62      13911         30        155         20
   47     123         72      10147          0        300        412         10
   48     113         64        311          0        150        291         10
   49     116         85         40          0        330        498         10
   50      28        139       2579          0         60        155         10
   51     142         19       5356          0        330        423         10
   52      20        119         90          0        180        249         10
   53      32          5        585          0        120        246         10
   54     152        110       6086         34        180        248         20
   55     176         59        200       2283        150        254         20
   56      65         12        287          0          0         72         10
   57     120         78         82         76         60        144         20
   58      51        101       1613       3528        150        226         20
   59     133        142      15000          0        330        473         10
   60      15         10       2020          0         90        184         10
   61     138        146         31          0         90        208         10
   62     120         85        615        452         90        220         20
   63     101         81         40        319        120        263         20
   64      95        146       1531        690         60        175         20
   65     186         83       3419       8738         60        216         20
   66      62         46       1630       2155        300        397         20
   67     112         74        347          0          0        138         10
   68     100         65       3415          0          0        128         10
   69      20         39         60        108          0        106         20
   70      66        150        152       3714        450        521         20
   71      51          1       1834       3239         30        141         20
   72      32        112        584          0         30        174         10
   73     134        130       2799       3850        120        274         20
   74      91         35        111          0          0        115         10
   75      52          0        487          0        120        228         10
   76     131         83        299          0         60        155         10
   77     140         47       5638          0        330        494         10
   78      30        106       5649       9351         30        124         20
   79     152        104       5417       1989          0        172         20
   80     158         73       3051          0        360        466         10
   81     122         66       2433          0          0        148         10
   82       5         14        439      14561        120        295         20
   83      87        101       5050        279          0        135         20
   84     134         55       1993       3211        150        296         20
   85      96        112         12        285        120        254         20
   86     168        139       3851          0        120        259         10
   87     141        142       2973        620         60        236         20
   88     168        140        643          0        360        454         10
   89      60        151       1891          0        210        281         10
   90     132         62        422          0        120        291         10
   91      79        122       2645          0         60        220         10
   92      22         77      15000          0         30        200         10
   93     100         53        137       1460          0        110         20
   94     188         66         98       2542        210        288         20
   95     105         68      10387        223        120        288         20
   96      76         44        296        171        120        283         20
   97      60         10       1505          0          0        177         10
   98     126        133       1838          0        330        431         10
   99      35        124       2695          0        120        189         10
  100      39        107       3078       1042          0        129         20
  101      67         94        266          0         30        128         10
  102     159         75       5376       3804          0        175         20
  103     129         75        220          0        330        427         10
  104     113         71       2990          0        180        265         10
  105     158         33       1537          0         90        160         10
  106      60         13        324          0          0        103         10
  107      16         10       2201         31          0        130         20
  108     198         79       1205          0         90        203         10
  109     106         81         47          0        150        218         10
  110     176         70        576          0        360        443         10
  111      45         61       1970        147        120        198         20
  112      52         63       3542          0          0         77         10
  113      98         69       2480        219         60        174         20
  114     160         78        270          0        120        188         10
  115      95         66         55        102        180        287         20
  116      80         93        138       2224        120        205         20
  117     136         69       1344        232        330        472         20
  118       1         17         29       1669         60        230         20
  119     179         61       8000          0         60        197         10
  120     101         85       1006          0        120        188         10
  121     122         40        307       3485        120        198         20
  122     172         43        620        280         30        178         20
  123     132         93       2419          0         90        231         10
  124      30         42       1110          0        120        220         10
  125     104         68        144         74          0        133         20
  126      32         74        960       1273        120        220         20
  127     111         70       5395       2706         90        173         20
  128      59        134        864          0        120        196         10
  129      57        145      11350          0        120        190         10
  130     137         49       8190       1015          0        145         20
  131      82         85      15000          0        120        227         10
  132      52         28        291       1842          0        103         20
  133     170        137         53          0         60        216         10
  134     109         94        292          0         30        172         10
  135      51         80         62          0        150        227         10
  136     197         87         32        127         60        203         20
  137      45         86       3936       3369         30        202         20
  138      53         17       4330          0          0         77         10
  139      63         90        106         72        150        283         20
  140     152         56       1331       1863        150        267         20
  141      66        136       1576        686         60        191         20
  142      46        128       1153       1000        360        522         20
  143      19         52        984       5904         30        129         20
  144      87        140       5361          0        210        279         10
  145      61         76       6572          0         30        164         10
  146     182         66      10279          0        150        225         10
  147     127        133        733          0          0        181         10
  148      53         78        416       1636        420        493         20
  149     140         94        300          0          0        162         10
  150      99        144        154        442         60        203         20
  151     107         93       2516        758        360        430         20
  152      52         10       3033          0        300        425         10
  153     121        129       2805       1791        180        279         20
  154     166         28       2289       1712        180        263         20
  155     103         55       7407        148        120        197         20
  156     160        101       2010          0          0        176         10
  157      25         47      14315          0          0        133         10
  158      74         63       2340       8107        120        225         20
  159      83         79       1076          0        120        243         10
  160      96         68       1183        233         30        191         20
  161     173         95       4225       6623         90        201         20
  162     171         80        204        249         30        201         20
  163      10         15        283          0        120        283         10
  164      39          4       6177        873        330        456         20
  165      65         86         98          0        150        229         10
  166      65         74       2221        200        180        272         20
  167      57         70       3068          0        120        217         10
  168     169        111       1118       3641        120        248         20
  169      81         66        124          0         60        166         10
  170      76         78       3955       4377        120        287         20
  171     106         66        294          0        180        275         10
  172      28         34         85          0          0        132         10
  173     146         56       1613          0         60        174         10
  174     132         44        200         62        120        196         20
  175      15         52        136       2360        150        242         20
  176      29         35        280          0          0        128         10
  177      15         37       1254       5746        120        257         20
  178     133        100       3751       1524        390        527         20
  179      36         87        913      10752        180        297         20
  180      26        121       3377          0          0        143         10
  181     115         81       2084          0          0        142         10
  182      65        148       4849          0        300        405         10
  183     121         66         27       1505         30        129         20
  184     107         61       2635          0          0        169         10
  185      80         46         21          0        120        224         10
  186     123         34        106         87          0        132         20
  187      86         99       2432          0          0        165         10
  188     179        114       2024        197         60        211         20
  189      36        146        280       3622         60        189         20
  190      42         62         51          0         60        172         10
  191      67        115        280       8547         60        199         20
  192      29        108        306       1816        180        277         20
  193      63        135       7890        890         60        226         20
  194      37        100       2569          0        120        286         10
  195     142        124       3269          0        120        281         10
  196      57        117       7204          0         60        140         10
  197     164         76         51        577        180        251         20
  198     169         49       4252          0        300        436         10
  199     150         81       1824       1361          0        156         20
  200     131         44       2513        428        150        226         20
  201     135         78       1444       5113        120        224         20
  202      16        122        679          0        150        261         10
  203      11         19       5746        781        300        400         20
  204      13          8       1062          0        120        288         10
  205      42         52       1802          0          0        145         10
  206      66         71       7810       7190          0        103         20
  207      46        125       1175      13825          0        153         20
  208      51         98       5190       6318        180        266         20
  209      55         16        739          0        360        507         10
  210     160        136       1923          0        360        466         10
  211     120        124       1602          0         90        183         10
  212     146        112       3512          0         90        178         10
  213      85        102      11109          0          0        122         10
  214     151         77         87          0          0        160         10
  215      92        120        250          0         30        162         10
  216      77          6       2198          0          0        100         10
  217     171         74       1026       6737        180        290         20
  218      58          2        324          0         30        200         10
  219      10         48         25         20        120        230         20
  220      52         92       3688          0        150        259         10
  221      85         76       5364       1506        120        233         20
  222     156         42        432         72        300        408         20
  223      26        126        346        593         60        190         20
  224      95         38        433          0          0        100         10
  225      60         49       1543         90         30        166         20
  226      80         11       1799          0        360        524         10
  227     150         70       3899        511        300        469         20
  228      25         55       1492          0        120        282         10
  229      53         21       2094          0        120        230         10
  230     126        132       1472        222         60        196         20
  231      57        153        299         30        360        455         20
  232     117         97       9680          0        360        462         10
  233      83         85       4875          0         30        133         10
  234      97        112       2654       1890        120        225         20
  235      45         54       1677          0        120        294         10
  236     163        111       1648       5955        120        258         20
  237       7        117         16      10588         60        175         20
  238      44        133        690        106        150        216         20
  239      32         83       1242       5845        120        219         20
  240      92         84       1989         56         60        146         20
  241      91         65        268          0         90        204         10
  242     109         98        382       5735         30        141         20
  243     154         39       1879          0        300        404         10
  244      52         62       1715       3401          0        108         20
  245      69         22       7888       3483          0         63         20
  246      49         84       1083          0         60        138         10
  247      31        107        326       1156         30        201         20
  248     112         36         58          0          0        143         10
  249     158         24       5374          0          0        166         10
  250     170        139       2300          0        180        263         10
  251     137         38       5135          0        210        280         10
  252     141         70        269         12        330        458         20
  253      95         82       2682          0        120        265         10
  254     111         35       4771       2527        360        476         20
  255     130         68       1514          0          0        140         10
  256      62        151         60          0        180        264         10
  257      96         86        212        673        120        288         20
  258      33         20        720          0          0        168         10
  259      18         37       1460        890        120        218         20
  260     132         27         14          0         90        192         10
  261     143         87        250          0         90        252         10
  262       8         10         42       8254        150        292         20
  263     177        110         48          0         90        253         10
  264     137        103       1733          0         30        170         10
  265     192         92       5136          0        120        296         10
  266      67         87       1522        122        120        225         20
  267      63        111       1269       2888          0        123         20
  268     115         96       3726          0         60        145         10
  269      81         11       1613          0        120        234         10
  270      36        143       1200          0         60        213         10
  271      91         84        464          0          0        127         10
  272     112         75         74          0        300        435         10
  273     194         97        122          0          0        214         10
  274      68         86       1828          0        120        194         10
  275      94         94       1502          0          0        139         10
  276      17        119      13931       1069         90        263         20
  277      45        116        336       7032         90        264         20
  278     164         85       1673          0         90        219         10
  279     176        112         90       6575         90        255         20
  280      18         22        690        281        150        232         20
  281      62         17        162       2237        300        435         20
  282     100         85       1769          0         90        199         10
  283     151        120       5130        484          0        198         20
  284     112        136      14399        334        390        523         20
  285       5        113       1464      10147         90        248         20
  286      71         19         17        443          0        140         20
  287      95         84       3947          0        210        271         10
  288     183         60         96          0         60        181         10
  289      33        131       2198        336        150        232         20
  290      39        139        147         13          0        163         20
  291      53         70        502          0         60        153         10
  292      99         56       4284          0         60        165         10
  293     129         24       1772       9984        300        461         20
  294     144         34       3247       1430          0        135         20
  295     135         29       2789       1610         30        155         20
  296     100         73         28          0         60        138         10
  297      48        129       2502        151          0        169         20
  298     128         97        756       7047        330        403         20
  299      88         72        795        661         60        187         20
  300     192         64      11845          0        420        535         10
  301      10         44       9023       1791        390        461         20
  302     175         51       1655          0          0        169         10
  303      70         76         19      11041          0        104         20
  304     140        109         60          0         90        199         10
  305      40        133         27         87        120        217         20
  306     191         57       1758       2206         90        201         20
  307     117        152        102       6373        210        283         20
  308     151        109       2331        785        120        188         20
  309     137         70       3093        941          0        175         20
  310     140        128       1927       1818         90        188         20
  311     119         55        124       5274          0        136         20
  312      99        113        134          0         60        156         10
  313     101        120       1250          0        360        469         10
  314     139         66       7243       6474        300        410         20
  315      86         80        437        941         90        230         20
  316     156        115       1299        588        120        296         20
  317      73        157        383          0        300        456         10
  318     177         74       2400      11095        120        187         20
  319      40         86       6622       8378        450        525         20
  320      92         65        223          0         30        202         10
  321     107         70        222          0         60        140         10
  322      57         91        215          0        120        253         10
  323     122         65       7557         88        300        411         20
  324     150         49      15000          0         30        198         10
  325      35         63       1931          0          0        100         10
  326     170        140       1895       5680        150        222         20
  327     170         81       3004      10698         60        191         20
  328      42         23       4798          0         30        113         10
  329      45        147       1805        111        120        191         20
  330      77         42        512          0        120        271         10
  331      38        113        470       2221         60        207         20
  332      86        140       9337         12        150        278         20
  333      53         61       4698        108          0         90         20
  334      51         47       3775       1544          0        159         20
  335     158         75       5351       9649        390        455         20
  336     139        104       1682          0        300        407         10
  337     164         60       2060       2199        150        230         20
  338     101         97         17         91          0        133         20
  339      28         14        537          0        120        194         10
  340      42        125       1889          0        120        194         10
  341     160        108        591       3008        180        248         20
  342      71        130       1104          0         90        263         10
  343     162         63        310       3296        390        526         20
  344      67         39         15          0          0         95         10
  345      67         91       2857       4092         30        203         20
  346     183         79         57          0         60        220         10
  347      34         74       1589          0        150        274         10
  348      44         49       2711          0        120        291         10
  349      34        149        924          0         30        163         10
  350      28         75        589          0        390        496         10
  351      39         96        594          0        390        498         10
  352     124         96        178       1901          0        175         20
  353      90         83       2995          0         60        163         10
  354     135        130       4812          0        120        230         10
  355     163        140       3726          0        120        251         10
  356     181         68       1149          0         90        185         10
  357      53         57        538         68          0         75         20
  358     103         96       1321        433         90        195         20
  359     142         91        108       4191        120        287         20
  360      73         56         10          0          0        134         10
  361      37         72       6072       2024        150        287         20
  362     120        117       6626       6368        420        525         20
  363     121         91      14100        900        180        286         20
  364       7         32         33       3879        120        195         20
  365     168        147       2530        147          0        222         20
  366     177         47       2378        271        450        516         20
  367      97         36       9156       2225          0        165         20
  368      83         99        222          0         30        190         10
  369     123         47       8172          0        360        470         10
  370      48         46       3295       5889          0        146         20
  371      56         19       4992       2542          0        140         20
  372     155         27       3282          0         30        205         10
  373     108         21       1251       1015          0        118         20
  374      85        135        377          0        120        220         10
  375     115         83       1898          0         60        185         10
  376     194         60      12139          0         60        228         10
  377      15          3        841       1915         30        187         20
  378      93         84       3602          0        120        227         10
  379     140        133       2253          0         60        196         10
  380      31        106        686          0         30        169         10
  381     131         18       2262          0         30        158         10
  382     137         93       5834          0        300        462         10
  383     179         72       1473        197         90        224         20
  384      99         57        924          0        450        525         10
  385      74         85       1708          0          0        124         10
  386      32        100       2565          0        150        222         10
  387     169         82        150         17        120        225         20
  388     145        134        181          0        300        401         10
  389      26        127       4093          0         90        224         10
  390      61         63        183          0         30        140         10
  391     176         71       2581         20         60        184         20
  392     110        135       7052       7572        300        400         20
  393     114         48       4493          0        330        462         10
  394     169        147         10          0         60        217         10
  395     104        109       1628        251        180        294         20
  396     178        117       2568          0          0        209         10
  397     109         75       1710        193         30        155         20
  398     118         94        325       1706         60        162         20
  399      71        107       3481          0         30        188         10
  400      87        113       1519          0         90        169         10
