400_46

CUSTOMER  VEHICLE
NUMBER	  NUMBER     CAPACITY    DispatchingCost
    400     500          40000       100

CUSTOMER
CUST NO.  XCOORD.   YCOORD.   DDEMAND   PDEMAND   READY TIME  DUE TIME   SERVICE TIME

    0      41         23          0          0          0        960          0
    1     167         35      11558       3442        150        218         20
    2     118        100       3564          0        360        465         10
    3      50         93        396          0        150        258         10
    4      60         43        136          0        120        193         10
    5      81          8       1604          0          0        135         10
    6      73         81       3528          0          0        108         10
    7     162        118       2536          0        120        284         10
    8      52          0       4242          0        120        283         10
    9     146         33        127          0         60        232         10
   10     162        117       2284          0         60        219         10
   11     146        112       3512          0         90        178         10
   12       0          8       2948          0          0        106         10
   13     116         94        824       1815         30        203         20
   14     146        141       2236        972        210        296         20
   15     170         81       3004      10698         60        191         20
   16      51        150       1346       4497         90        249         20
   17      75         34        803       5376        120        253         20
   18      51         47       3775       1544          0        159         20
   19      18         37         47         17        120        254         20
   20     137        103       1733          0         30        170         10
   21     103         96         20       1989        150        281         20
   22      61         49       1613       5466        120        195         20
   23     105         41       2559          0        120        277         10
   24     153        146       2403       1306        390        533         20
   25      44         71        164        504        150        225         20
   26     151         77       4561       1854         90        228         20
   27     120        117       1615       1636          0        157         20
   28      66         71        920          0        210        274         10
   29      81         23      15000          0        330        401         10
   30      88         72      14867        133        150        244         20
   31      64         44       1799       6800        120        218         20
   32      32          5        585          0        120        246         10
   33     137        143        188          0         60        189         10
   34      99        113        202          0          0        153         10
   35     160        118       6111       1029         90        224         20
   36      58         79       2086       1894        360        458         20
   37     164         60       2060       2199        150        230         20
   38     177         74       2400      11095        120        187         20
   39     154        131       5120          0          0        201         10
   40      48        151       1789         40        330        460         20
   41     170         82       4985          0        120        219         10
   42      46        125        253         17         60        155         20
   43      73         92      15000          0        300        413         10
   44      58         21       1892          0          0        135         10
   45      45         79       2851          0        120        212         10
   46      69         21         28          0        150        280         10
   47     142        124       3269          0        120        281         10
   48     107         61       2635          0          0        169         10
   49      49         47        679          0        120        189         10
   50      60         10       1505          0          0        177         10
   51      33        113        106       7832        120        190         20
   52      92         88       2076         67         90        250         20
   53     121        129       2805       1791        180        279         20
   54      93        152       6160          0         30        195         10
   55      57         29       1752          0        120        228         10
   56      33         70        712       2199         30        183         20
   57     114         56       1924          0        150        277         10
   58      91        122        228          0         60        190         10
   59     103         95         75      10994         90        222         20
   60      22         44       4416          0        360        458         10
   61      91         73        314          0        420        530         10
   62     102        120       1840          0         90        252         10
   63     106         96       8663        587         30        141         20
   64     134        122       1104          0        150        279         10
   65     150         27         93          0        150        227         10
   66      21          7        812          0         90        164         10
   67     155         24       1664       1500         30        201         20
   68     152        110       1356          0         90        230         10
   69     123         53        829       9903        180        246         20
   70      98         63       5465        451        330        494         20
   71      98         69       2480        219         60        174         20
   72      65         12        287          0          0         72         10
   73      79          7       4270       2827        120        280         20
   74     102         27         33       2085          0         98         20
   75     106         55       4592          0        120        293         10
   76     134         89        282        197        360        437         20
   77      55         91       4855          0        120        235         10
   78     125         51       2157          0        120        281         10
   79      86         80        437        941         90        230         20
   80     106         84        841       1474         60        133         20
   81      76         31        206      14794          0        166         20
   82      34         65       3800          0        420        522         10
   83     172        113         47          0         60        231         10
   84     176        112         90       6575         90        255         20
   85      73         43       1570          0        120        199         10
   86     113         48       2963        624        300        410         20
   87      52         46       4320       2221        120        249         20
   88      37         14        894          0        120        259         10
   89      57         94       1829          0         90        233         10
   90      40        155        128         35        180        254         20
   91      71        107       3481          0         30        188         10
   92      85         76        465          0        150        278         10
   93     111         41        503         55        150        291         20
   94     121         85        191        147        360        438         20
   95      96         81         56         17        120        204         20
   96     181         73      15000          0        120        257         10
   97      92         84       1989         56         60        146         20
   98     105         79         25       2090        150        290         20
   99      28         72       6093        365        120        196         20
  100      93         94       1154        595         60        127         20
  101     155         55        452       9990         30        184         20
  102      13         12       1157       1527          0        129         20
  103      47        129        723       1308        120        221         20
  104     126        132       1749       1716         60        228         20
  105     197         87        781       2435        300        467         20
  106      39        107       3078       1042          0        129         20
  107     151         82       1594        107         30        185         20
  108     150         79      12923          0        210        287         10
  109      62         76       9568          0        300        429         10
  110      21         98       3613       6345        120        220         20
  111      87        101         84        149         60        127         20
  112      37        123       1210          0         30        163         10
  113      29         38       2338        449          0        138         20
  114      12         30        303          0        150        227         10
  115      38         73       1018        562        150        294         20
  116     109         29        608       3418        120        223         20
  117     109         64      14768        232         30        131         20
  118      29        131       1225       2550        300        396         20
  119      19         90        912          0        180        252         10
  120     111         70       5395       2706         90        173         20
  121     135         37        820          0        120        284         10
  122      76          4       9807       2333        330        431         20
  123     136        148         64          0        210        279         10
  124       3         90       6679       2977          0        141         20
  125     194         94       2936       6345         60        217         20
  126      80        117       1938          0        150        247         10
  127      95         66         55        102        180        287         20
  128     164         76       6937       8000         30        189         20
  129      56         51         13        699        150        280         20
  130      74         95       1290        123         30        163         20
  131     151         92        543       7575          0        168         20
  132     149         34       3794          0        360        424         10
  133      27         73        330         57        120        289         20
  134      51        134         14          0        120        275         10
  135      78         74        999          0          0        124         10
  136     183         60         96          0         60        181         10
  137     107         70        222          0         60        140         10
  138      44        101       1242          0         30        183         10
  139      53         69        817         90          0        143         20
  140     175        124       9326          0          0        214         10
  141     120         85         96          0        180        297         10
  142     160         78        270          0        120        188         10
  143      67         96       9040          0        120        249         10
  144      71         81       9982         59         60        128         20
  145      59         85        345        668         30        108         20
  146     141         68       3120          0        330        433         10
  147      64         12       1443          0          0        143         10
  148     130         44         30          0         60        234         10
  149     183         89         24          0        180        297         10
  150      30         42       1110          0        120        220         10
  151      66        117       1096          0        150        231         10
  152     112         20       8802          0        360        539         10
  153     115         31      12292         35        120        289         20
  154     102         75       3753          0         30        136         10
  155      43        136      12933          0        390        500         10
  156     137         37       1924          0          0        147         10
  157      34         63        152          0         60        225         10
  158      31        101       1764         43        390        459         20
  159     188         66         98       2542        210        288         20
  160      85         45        142          0          0         96         10
  161     195         59       1733          0         30        202         10
  162      88        103       3713          0        180        260         10
  163     160         77         26       3784          0        164         20
  164      28        101        650        261          0        118         20
  165     100         19        427       5297        120        227         20
  166     108         35       1516        169        120        214         20
  167     110        128        480          0         30        173         10
  168     112        138      13644       1356        120        250         20
  169      44         49       7334          0        360        431         10
  170     104         81       5116       4558        120        202         20
  171     109         94       1274       1998        120        200         20
  172      53         61       4698        108          0         90         20
  173     160        101       2010          0          0        176         10
  174      77         63       6727        423          0        101         20
  175      69         24       3234        160        120        282         20
  176      76        127      10466       2582        120        187         20
  177      34        124         90         22         30        146         20
  178     119         33       1577       2214        120        277         20
  179      86         52       1157          0         90        251         10
  180     169        147       1975       1611         60        223         20
  181     105         62         42          0         90        172         10
  182      40         86       6622       8378        450        525         20
  183     104         91       5658          0         90        225         10
  184     109         51       1301        299        300        459         20
  185      33        137       1169          9        150        263         20
  186     170         36       1810         20         60        184         20
  187     151         49       6368          0          0        160         10
  188     140        109         60          0         90        199         10
  189      89         57        445          0        120        277         10
  190     135         26       2810       1097        390        452         20
  191      23         35       3072       5533         30        151         20
  192     185         56        943       2538        300        477         20
  193      15         81       3726       2012          0        103         20
  194      96         86       4827          9        120        256         20
  195      97         37       1253         95         30        153         20
  196      46         50        234       4176        120        284         20
  197     148         23        926          0          0        141         10
  198      36         20       2287        292        120        282         20
  199     129         71       7335          0        180        265         10
  200     150         49      15000          0         30        198         10
  201      26        142       2365         31         30        168         20
  202     199         74        336          0          0        208         10
  203     123         34        106         87          0        132         20
  204      28         31       1807         20         30        158         20
  205      95         24         60       2219          0        153         20
  206      68         21       3467          0        120        254         10
  207      79        130       3610          0         90        248         10
  208     142         28       3591          0        420        531         10
  209     189        101        830          0        180        281         10
  210      91         70        147        589          0        143         20
  211      22         92         22        356          0        118         20
  212     142        136       8188        204         60        190         20
  213     144         54       5306          0          0        146         10
  214      30         43       2209          0        120        293         10
  215      59         54      11876          0        390        459         10
  216      32         41        255        177        150        275         20
  217     116         75         63       5651         30        135         20
  218      32        112        584          0         30        174         10
  219      99         56       8544          0          0        109         10
  220      45         86       2250          0        330        433         10
  221     198         85       1522        586        120        259         20
  222     152         87        973         97         90        170         20
  223     135        121        169          0         30        182         10
  224      63         20        614          0        120        226         10
  225      88         13         60       1333          0        126         20
  226      57         45       1460          0        330        503         10
  227     114         80       1772       2472         60        224         20
  228      73         89       1815       1071        210        282         20
  229      79        119        274          0        210        284         10
  230     132        136       5071          0        360        528         10
  231     167        147       1644       1841        150        216         20
  232      31        142       5368       2559        390        470         20
  233      82         92       4707       1260        300        440         20
  234     131         44        310          0        120        188         10
  235     106         59       4453          0         90        161         10
  236      16         62       4458          0          0        103         10
  237      88         41       2209          0        120        216         10
  238      98         10        165          0          0        133         10
  239      27         46       1424          0          0         86         10
  240     118         67        576          0         60        167         10
  241     131         18       2262          0         30        158         10
  242      76         16         16         49        120        234         20
  243     130         90        233          0         60        204         10
  244     181         42       4565       2636          0        180         20
  245       3         94       4474          0        330        402         10
  246      64        119        103      14897         60        155         20
  247      62         67       2332          0        360        441         10
  248     109         98        382       5735         30        141         20
  249     134         33        760          0        360        429         10
  250      60        148       1697       5044         30        189         20
  251     121         66       2147          0          0        167         10
  252      16        118       7875       2080        390        525         20
  253       7         97       4446       3145         90        255         20
  254      96         68       1630          0          0        108         10
  255      68         94       4472       1951        120        198         20
  256     195         84       2484          0         60        218         10
  257     124         96        178       1901          0        175         20
  258     104         70        279       2024        120        183         20
  259     159         75       7375          0        330        468         10
  260      86        135         18       2115         90        257         20
  261     148         43       1176          0        330        408         10
  262      85         77        259       1035          0        175         20
  263      36         87        913      10752        180        297         20
  264     149         29       8095          0          0        151         10
  265     176         47        333          0         60        190         10
  266      71        130        142          0        120        235         10
  267      40        133       1587       5873         60        158         20
  268      57        145      13910          0         60        190         10
  269      57         70       3068          0        120        217         10
  270     162        146       2028          0        120        228         10
  271      50         80        673       1629        300        404         20
  272      12         55       1489          0        330        424         10
  273      88         73       2290       7406          0        142         20
  274     107        138        758       4478        120        286         20
  275      54        130       4493        879        180        286         20
  276     117        100         13          0         30        160         10
  277     154        105       2750         12        180        285         20
  278      45         61       1970        147        120        198         20
  279     142        102       4128       3302         60        184         20
  280     105        126         36          0        120        200         10
  281      99        108       6709          0          0        142         10
  282      56         19       4992       2542          0        140         20
  283      41         79        367        539        120        283         20
  284     136         72       1133       4854        150        260         20
  285     145         38         40          0         30        156         10
  286      58         88        422       1246        150        294         20
  287      80          5         37          0        120        287         10
  288      55        116       3785          0        150        257         10
  289      39         96        594          0        390        498         10
  290     158        128       2022          0        210        278         10
  291     188         95        130        385          0        214         20
  292      90        124        108        137        210        285         20
  293      82         15        133          0        120        254         10
  294      38        113       2703         77          0        154         20
  295      78          6       2902       1882        120        196         20
  296     155         35         90         20         60        165         20
  297     147         22       3684          0        300        434         10
  298      57          0       4103        156        120        247         20
  299      24        100       4040          0        150        250         10
  300      98         99       3156          0          0        148         10
  301      31        128        343          0        150        251         10
  302      66        152       3277         72          0        161         20
  303      69        134       1438         28         90        203         20
  304      28        139         28          0         60        168         10
  305      12         98       1233          0         90        246         10
  306      72         92       2616        234          0        161         20
  307     135         23        213       3093        360        519         20
  308      23        110        406          0        300        412         10
  309      73         91       7911        860        450        526         20
  310     108         18        373       1719          0        141         20
  311      48        138        563          0        180        260         10
  312     100         14        396          0        120        255         10
  313     106         81       1600          0          0        129         10
  314     122         30       1332        207         30        154         20
  315      28         81       4605          0          0        105         10
  316      17         89       1542         38        120        289         20
  317      53         78       5064         22          0        101         20
  318      90         29        600          0        120        192         10
  319      85         75       4920        383        120        220         20
  320      39         48       1791       1043          0        125         20
  321      11         19       5746        781        300        400         20
  322     126         89       1026         57         60        218         20
  323      62        151       5376         22          0        187         20
  324     122         34       2224          0        120        223         10
  325      61         31       3879         69        120        288         20
  326     179         48         45      11000         90        189         20
  327     121        147       1605          0        150        260         10
  328      96        118        111          0         30        172         10
  329      95         38      10533          0        300        398         10
  330     150         53         54          0         90        230         10
  331     168        139       3851          0        120        259         10
  332     198         86       2360       2542         30        214         20
  333      59        134        864          0        120        196         10
  334      30        117       1507          0         60        160         10
  335      24        109       1096        166        390        459         20
  336     163        118       2063       4998         60        186         20
  337      81         11       1757          0        330        456         10
  338      79        101        403        306        120        259         20
  339      66         63        617        672        360        469         20
  340     146        129       4764       1829         90        203         20
  341      63        111       1269       2888          0        123         20
  342     168         75       7179       1173         90        236         20
  343     158         71        370          0          0        169         10
  344     171         80        204        249         30        201         20
  345     139         66       1790          0        150        219         10
  346     118         94        325       1706         60        162         20
  347     126         73       5113          0         30        168         10
  348      48        154         21        455         90        217         20
  349     100         53      13506          0        120        254         10
  350     112        136      14399        334        390        523         20
  351      96         36         74          0        120        220         10
  352      60         13       2205          0        120        205         10
  353     160        127        157          0        300        440         10
  354      25         47        260          0        120        197         10
  355      63         48       1520       2363        120        255         20
  356      61          1        456        424        120        278         20
  357     163        111       2219       7051        210        277         20
  358     142        131       1723        563        330        459         20
  359      67         39        178      13912        120        188         20
  360       4         23       1989          0        150        244         10
  361     131        123        786       5873         30        190         20
  362      76         76        191          0         60        220         10
  363      50         64       1747       2222         90        160         20
  364     139         91       2344       1685        150        245         20
  365     132         36         13       2630         90        182         20
  366      45         54       3180       6006         30        108         20
  367      27         24       3402       1828          0        136         20
  368      88         61        363          0        330        474         10
  369      26        126        248       2684        120        237         20
  370      81         66        124          0         60        166         10
  371       5         36       1577          0          0        167         10
  372     176         71       2581         20         60        184         20
  373      85         83        263          0          0        127         10
  374       0         90       7975       4343        360        506         20
  375      26        121       3377          0          0        143         10
  376      75        156        695       5746         60        199         20
  377      56        114        587       1940          0        136         20
  378     103        128       4840       1094        120        294         20
  379     148        126       1520          0         60        194         10
  380     164         73        887        104        150        229         20
  381      30         38         14       9754        120        254         20
  382      39         39       1802          0         60        204         10
  383      87          8        240          0        120        260         10
  384     162         63        310       3296        390        526         20
  385     191         51         74       3792          0        205         20
  386     167         94        888       5693          0        185         20
  387      83         74       1537          0         60        231         10
  388      84         56        147       1751          0        135         20
  389     169         49       4252          0        300        436         10
  390      24        114       1755          0          0        144         10
  391     137         70       3093        941          0        175         20
  392      82         99       1432       2939        120        207         20
  393     193         92       2155       4270          0        207         20
  394      82        131         14          0         60        223         10
  395     153         42        610          0          0        148         10
  396      14         39       9754          0        330        465         10
  397     154         76        333       2490         60        226         20
  398      26        127       4093          0         90        224         10
  399     140        128       1927       1818         90        188         20
  400      88         63       2453         17         30        116         20
