400_58

CUSTOMER  VEHICLE
NUMBER	  NUMBER     CAPACITY    DispatchingCost
    400     500          40000       100

CUSTOMER
CUST NO.  XCOORD.   YCOORD.   DDEMAND   PDEMAND   READY TIME  DUE TIME   SERVICE TIME

    0      41         23          0          0          0        960          0
    1     175         62        476          0         90        181         10
    2      22         15       1910          0        120        219         10
    3      72         92       1613          0        150        298         10
    4     152         56       1331       1863        150        267         20
    5      32         74        960       1273        120        220         20
    6      88         67         86          0          0         98         10
    7      80         64        414          0          0         99         10
    8      80         46        735        107          0        168         20
    9      11         34       5652       3785          0         79         20
   10     102        100      13923          0         60        133         10
   11      57         91        748          0        120        257         10
   12      97         24       2089          0        120        250         10
   13     118         86         13          0        360        498         10
   14      93         68       2220          0        120        273         10
   15     147         61       1269          0        420        495         10
   16      16         10      11938        630        120        207         20
   17     129         72       2012       1440         90        174         20
   18      66        150        152       3714        450        521         20
   19      96         68       1183        233         30        191         20
   20     151         49        118       1291        180        247         20
   21      88         73       2290       7406          0        142         20
   22      96        118        111          0         30        172         10
   23     170        118       1758          0        390        454         10
   24      27         76       2700          0         60        142         10
   25      57        145        402          0         60        234         10
   26       6         26       3038       1970          0         96         20
   27     167         57       3868        200         60        201         20
   28     140         66         72        298          0        154         20
   29      15         54         12        107        180        278         20
   30     125         79       5792         22         30        167         20
   31     115        114       1889          0        120        206         10
   32     163         22       5394         85          0        176         20
   33     132         36         13       2630         90        182         20
   34      65        148       4849          0        300        405         10
   35      15          3        841       1915         30        187         20
   36     169         76       4559         30        150        249         20
   37      12         98       1233          0         90        246         10
   38      57         29       1752          0        120        228         10
   39     102         72       2790      12210        210        280         20
   40       5         36       1095          0          0        143         10
   41      32        112       1555       1924        120        220         20
   42      89         80        448       1710        120        230         20
   43     181         73       1888          0         30        192         10
   44      57        117       7204          0         60        140         10
   45     199         74        336          0          0        208         10
   46     170         65      14449          0         30        177         10
   47      73         43         75       1067        120        284         20
   48     131         51       1750          0         90        263         10
   49      76         16         16         49        120        234         20
   50      90         87       2773       3791        390        530         20
   51     146         33       2113          0        150        246         10
   52     145        114       8961          0        420        494         10
   53      86         52       1738          0          0        130         10
   54     132         43       7489          0          0        166         10
   55     144         34       2376       1927        360        436         20
   56      83         86         89          0         90        182         10
   57      60         13        324          0          0        103         10
   58     151         77         15          0         60        226         10
   59     141        103       2428          0          0        171         10
   60     150         20        176        388         90        174         20
   61     109         29        608       3418        120        223         20
   62     131        123       4519          0         60        194         10
   63     144         18        498        686        120        218         20
   64     158        128       2022          0        210        278         10
   65      78         32       7967       2036          0         81         20
   66      18         11       4858       2220        300        412         20
   67      15        118      14294          0        210        277         10
   68     172         39        150       2010         60        168         20
   69     173         95       3140       2399          0        199         20
   70     123         54      12556          0        150        238         10
   71      88         13         60       1333          0        126         20
   72     160         56      13442       1558         90        220         20
   73     193         91       2004          0          0        211         10
   74      41         70         30       1036        120        248         20
   75      94        103       1518        686        120        260         20
   76      67         95       1760        192        120        213         20
   77      89         57        445          0        120        277         10
   78     135        121        169          0         30        182         10
   79      88         72      14867        133        150        244         20
   80     117        146         75       4866        120        193         20
   81     161         35       5904          0        150        244         10
   82      45         61       1970        147        120        198         20
   83      38         96        576        433        180        244         20
   84      96         86       4827          9        120        256         20
   85     173         97       6144       4815        150        254         20
   86      78         35       6575          0        120        185         10
   87      29         24       6196       8804          0         66         20
   88      30         42        540          0          0         80         10
   89     121         91      14100        900        180        286         20
   90     110        128        480          0         30        173         10
   91     166         88      10500          0          0        197         10
   92     122        139        175          0        150        254         10
   93     147        113       1183        841        300        440         20
   94     173        111       1961          0        120        216         10
   95      23        118       6397          0         60        201         10
   96      18        126       1733          0         90        260         10
   97      63        150       1004       1465        120        232         20
   98     124         96       1879          0          0        162         10
   99     160        136       1923          0        360        466         10
  100      28         74        252          0         90        172         10
  101      22        149       4211          0        450        521         10
  102     152         87        973         97         90        170         20
  103      40        133       1587       5873         60        158         20
  104      19         90       1074          0        120        287         10
  105      74         95       5497       2199          0        125         20
  106      24         59       3281          0        120        220         10
  107     185         59      14193        807        420        517         20
  108     139         70       9240       2162         30        201         20
  109      57         94       1994          0        390        490         10
  110      22         91        197          0        180        281         10
  111      87         69         16          0        120        230         10
  112      51        114       3536       5974         60        194         20
  113     123         63       1669       1523         30        186         20
  114     107         21        876          0        120        285         10
  115     134         55       3496          0        120        276         10
  116      82          9        483          0        120        247         10
  117     105        126         36          0        120        200         10
  118     174         99        805        140        180        246         20
  119     192         88       4583       1308        120        231         20
  120      74         85       1824       1068        360        443         20
  121      11         19       6393          0        120        230         10
  122     153         42        610          0          0        148         10
  123      31         13       1844        847        120        221         20
  124      70         64        104       5643        300        427         20
  125     108         38       1929       1123        120        204         20
  126      59         54      11876          0        390        459         10
  127      52         62       8107       3808          0         77         20
  128     164         85        630       5376          0        171         20
  129      75        156        323         11         90        235         20
  130      77        120         22          0         90        230         10
  131       7        117        610        100         60        189         20
  132      82         92       4707       1260        300        440         20
  133      61         49       1523          0        150        242         10
  134     183         60       1659          0        210        281         10
  135     111         41        503         55        150        291         20
  136      12         30       6037       8963          0        103         20
  137     116        147         93        425        300        398         20
  138      44        101       1242          0         30        183         10
  139     155         27        325          0         60        164         10
  140     131        104       1858          0        150        263         10
  141      83         79       1076          0        120        243         10
  142      48         83       2181       2064        120        233         20
  143     126        132       1472        222         60        196         20
  144      53         21       2094          0        120        230         10
  145      99         56       4284          0         60        165         10
  146      98         69       2480        219         60        174         20
  147      64         71        840       3155        300        416         20
  148      21         78      12793       2207        120        225         20
  149      75         55         74          0        120        232         10
  150     170         36       1810         20         60        184         20
  151     149         29       8095          0          0        151         10
  152     122         83       4009          0         60        228         10
  153      23         93       3399          0         60        129         10
  154     117         42      12636          0        120        188         10
  155     131         18       2262          0         30        158         10
  156      57          0       4103        156        120        247         20
  157     120        124       6209          0         60        223         10
  158     100         19       9275       4376        420        523         20
  159     133        123      11040         38        120        225         20
  160      91         84       2130       1307        330        440         20
  161      71         81       2228       7966         30        173         20
  162     152        110       1356          0         90        230         10
  163     133         70        282      14718          0        151         20
  164      34         74       2410          0        120        186         10
  165      17         36       1330         14          0         99         20
  166     185         44         40          0         60        220         10
  167      55         60       2170          0        150        232         10
  168      34        137       5356       9644         60        209         20
  169      32        100       2565          0        150        222         10
  170     196         74       1716       1860        120        211         20
  171     120        129       2763          0        180        256         10
  172      56         64       1200          0          0         84         10
  173      41         79        367        539        120        283         20
  174      81         11       1757          0        330        456         10
  175      28         81       4333          0         30        135         10
  176     100         67       6851         56         30        135         20
  177     101         97       3191          0         30        197         10
  178      17         89       1542         38        120        289         20
  179      29         35        280          0          0        128         10
  180      88        127       4289          0         30        203         10
  181     191         57       1758       2206         90        201         20
  182      40         29        124          0          0        175         10
  183     150         27         93          0        150        227         10
  184      56         19         11          0        120        254         10
  185     193         92       2155       4270          0        207         20
  186      52         46       2445       1778          0         66         20
  187     119         15       4175       4102         30        159         20
  188     126         89       1838        339         30        207         20
  189      56        103       3792          0          0        159         10
  190      65         79         29       9866        330        493         20
  191     176        126       5559          0          0        216         10
  192      81         23      15000          0        330        401         10
  193      85         71        857       3492         30        142         20
  194      74        142       2500          0         30        161         10
  195      51        134         14          0        120        275         10
  196     142        124       3269          0        120        281         10
  197      85         76        465          0        150        278         10
  198      59         81         90       3021        120        228         20
  199      67         87       3590          0         90        258         10
  200      70         76         19      11041          0        104         20
  201     154        131       5120          0          0        201         10
  202      31        106        686          0         30        169         10
  203     158         30         30          0        330        494         10
  204      49         43       6547          0          0         81         10
  205       6         12         30        210          0         73         20
  206     130         44         30          0         60        234         10
  207      49         47         31        747          0        101         20
  208      96         82         90       3809         90        189         20
  209      16        118       3419        191        120        232         20
  210      30         45        198          0        120        233         10
  211      28         34         85          0          0        132         10
  212     198         86       2360       2542         30        214         20
  213      53         38       1377        666        450        529         20
  214     120        116        786          0         90        184         10
  215      53        103       1890          0          0        159         10
  216     115         61         14          0         60        166         10
  217     101        117       3956          0        330        441         10
  218     148        128       2169          0          0        198         10
  219      39          4       6177        873        330        456         20
  220     119         98         19          0        120        243         10
  221     132         62       4261          0          0        136         10
  222      62         45       3063          0        120        200         10
  223     146         88        105          0         60        223         10
  224     167         35      11558       3442        150        218         20
  225     127         37         54         92         30        159         20
  226      60         49       5316          0          0         81         10
  227      18         37         47         17        120        254         20
  228     192         65       1092          0        120        237         10
  229      38         32        545        109          0        165         20
  230      53         37       5955       2429        120        290         20
  231      13        119        606          0        210        287         10
  232      20        116        977        107        150        222         20
  233      66         71       7810       7190          0        103         20
  234      82         90       1382      13618         60        201         20
  235     182        107         65        399          0        206         20
  236     106         82       1914          0        120        193         10
  237     134        122       1104          0        150        279         10
  238      74         20       5221       6408        120        229         20
  239      53         44       5047       1204         60        144         20
  240      44         51        349          0          0         72         10
  241     148         47       1068       9983          0        148         20
  242      44         49       7334          0        360        431         10
  243     116         65       2686         62          0        140         20
  244      47        129       1464         56         30        161         20
  245      99         80       8000          0          0        164         10
  246     130         90       3094          0          0        154         10
  247      68         95       1511          0          0        119         10
  248      11         33       4619          0         30        108         10
  249     107         70       6738          0        360        463         10
  250      97        113       1510       3134         60        192         20
  251     186         72         91       2136         60        206         20
  252     139         25       1956          0          0        176         10
  253     100         53        137       1460          0        110         20
  254      78         84       1819         76         90        260         20
  255     168        109       3646          0         60        190         10
  256     106         68       3813          0        360        514         10
  257     158         24       8394        614        120        284         20
  258     121        147       6372       1923        150        256         20
  259      41         73        120          0         30        163         10
  260     163         65       2020          0          0        177         10
  261     131         32       2471          0        300        432         10
  262     109         64       2257       7680         60        153         20
  263     129         71       7335          0        180        265         10
  264      78         98        462       2331         90        237         20
  265     151         82       1594        107         30        185         20
  266      64        119        103      14897         60        155         20
  267      35        124       6109        251          0        146         20
  268     122         77        442        345        120        188         20
  269     110         69       7646         29        300        400         20
  270      19         98       5993          0        330        470         10
  271     188         95       2958          0        120        232         10
  272     118         67       2780          0          0        168         10
  273     100         73         96          0        150        256         10
  274      32         43        822       2524        120        255         20
  275      69         21         28          0        150        280         10
  276     112         36         57          0        120        266         10
  277     112         47       4377          0        120        200         10
  278     191         97         40        691        180        290         20
  279      57         70       3068          0        120        217         10
  280      68         96         65          0        150        242         10
  281      70         72       2975          0        120        253         10
  282      95         66        265          0          0        149         10
  283     127        122       7628          0        120        278         10
  284     109         98        382       5735         30        141         20
  285      76         31        206      14794          0        166         20
  286      64         44       1869          0          0        133         10
  287      59        134       2995          0        300        470         10
  288      23         10        399       2968        360        432         20
  289     115         90       8548         88        150        286         20
  290      85         83       6623          0          0        111         10
  291     169        111        290          0        150        221         10
  292     120        117       2765          0         30        158         10
  293     105        152         77       1742        180        292         20
  294     116         49      14757          0        300        440         10
  295      67         61        352          0        120        289         10
  296     111         54         13        436          0        168         20
  297      31         76       1982          0          0        164         10
  298     160        118         65       1669         60        227         20
  299      84         75         36       4537        360        525         20
  300     156         42        432         72        300        408         20
  301      16          3       1657       9040          0         99         20
  302      21          7       1773       4886        120        222         20
  303      27         73       2314          0        300        469         10
  304     132        144       2415       2478        120        266         20
  305     133        142       3803          0         60        185         10
  306      85         45        142          0          0         96         10
  307      49        131       1598          0        120        186         10
  308     174         66         14        228          0        181         20
  309     164         73        887        104        150        229         20
  310     169         35       1862        106          0        162         20
  311      86         67       6081          0        420        528         10
  312     110         98        255          0         30        131         10
  313      79        101       4006        199         60        144         20
  314      31        142       5368       2559        390        470         20
  315      99         58       3995        140        300        401         20
  316      87         93         77          0        120        281         10
  317      95         87         33          0         30        133         10
  318      47        133      11397          0        120        249         10
  319     163         77       6210       1909        210        272         20
  320     140         47       5638          0        330        494         10
  321     163        118       2063       4998         60        186         20
  322      29         68       1074          0         60        197         10
  323       7         97       4446       3145         90        255         20
  324      66        135       2024          0        120        225         10
  325       7         28       1609          0        180        298         10
  326     157         59         52          0         90        166         10
  327     144         54       5306          0          0        146         10
  328     117         63       4027       1999        120        279         20
  329      54         96         16          0        120        248         10
  330      71         59       6086       1430        120        224         20
  331      41         23       1777          0        120        288         10
  332     106         81         47          0        150        218         10
  333      92        120       2713          0        150        226         10
  334     155        145        396          0         30        204         10
  335      50         93        396          0        150        258         10
  336      31        101       5872          0        120        217         10
  337     186         89       2076          0        120        260         10
  338      30        154        476        309        360        461         20
  339      77         44       4579       3422        120        285         20
  340      90         28        374      14626        300        434         20
  341      77          6       2198          0          0        100         10
  342     128         56       2475          0         90        243         10
  343     105         79       1959          0        180        242         10
  344      16          6       2550          0          0         86         10
  345      62         17        162       2237        300        435         20
  346     153        146       2403       1306        390        533         20
  347     138        146         31          0         90        208         10
  348      14        122       9250          0         90        232         10
  349     108         18        373       1719          0        141         20
  350       8         11       1860        996         60        162         20
  351      86         99       2432          0          0        165         10
  352      79         16      14945         55          0        154         20
  353      74         92       1473       3547        120        246         20
  354      36         79         86        212        450        517         20
  355     102         87       2047        179        120        259         20
  356      85         46      13520          0          0        164         10
  357     131         44       2513        428        150        226         20
  358      82         74        556          0         90        164         10
  359      78         87      15000          0          0        144         10
  360      46        113       3136          0         60        219         10
  361      28         72       6093        365        120        196         20
  362      11         48       8280       1094         90        192         20
  363       8         43         94      14906         60        198         20
  364      90        119       1869       9807        360        431         20
  365      99         54       2078          0          0        135         10
  366     150         46       3578       1196         30        162         20
  367      34        147        233          0        120        212         10
  368      38         73         30          0          0        110         10
  369     115         81       2084          0          0        142         10
  370      12         45       2192          0         60        133         10
  371     180         65       1322          0         90        232         10
  372     132        121       1538       2076         90        185         20
  373     153        115       1624          0          0        184         10
  374      39         52        100          0        120        201         10
  375     107        138        758       4478        120        286         20
  376      29        101       2168         29         30        159         20
  377     150        127        252        112         90        253         20
  378      33         69         72          0          0        128         10
  379      25         55       1492          0        120        282         10
  380     176         71       2484          0        120        274         10
  381     195         84       2484          0         60        218         10
  382     146        129       4764       1829         90        203         20
  383      30        155         18       6217          0        169         20
  384     164         76         51        577        180        251         20
  385      74         63        354          0        210        277         10
  386      30         73       1538      13462        300        427         20
  387      85         58       7139          0         60        223         10
  388      15         42       5014       1889        330        436         20
  389      59        106       1712          0          0        136         10
  390     125        103        101       1261         90        233         20
  391      29        110       1016         30         60        157         20
  392     177         74       2400      11095        120        187         20
  393      39         48       2016        286        300        401         20
  394      92         70       2000       2991        330        401         20
  395       1         19        633          0        120        225         10
  396     154         39       2164          0          0        164         10
  397      63         90        106         72        150        283         20
  398     100         14        396          0        120        255         10
  399     192         62       1622        257          0        205         20
  400      35         26       1192         21        120        234         20
