400_53

CUSTOMER  VEHICLE
NUMBER	  NUMBER     CAPACITY    DispatchingCost
    400     500          40000       100

CUSTOMER
CUST NO.  XCOORD.   YCOORD.   DDEMAND   PDEMAND   READY TIME  DUE TIME   SERVICE TIME

    0      41         23          0          0          0        960          0
    1     156         67       9316       1976         60        164         20
    2      76         94        866          0         30        131         10
    3      42         52       1802          0          0        145         10
    4     126         73       3303        487         60        234         20
    5     123         34        106         87          0        132         20
    6     185         44        233        984        150        256         20
    7     161         36      14657        343        390        502         20
    8      48         54       2908          0          0         67         10
    9      98        116       1524      11435        120        224         20
   10     153        146       2403       1306        390        533         20
   11     194         97        122          0          0        214         10
   12       1         25         21       2013         30        188         20
   13      80         64        665         95          0         97         20
   14      19         90       1074          0        120        287         10
   15     168         96         60        818          0        194         20
   16      56        103        362         37          0        132         20
   17      33         70        712       2199         30        183         20
   18       0          8       5321        105        120        223         20
   19       7         21        633          0          0        121         10
   20     188         95       2958          0        120        232         10
   21      92         70       5901          0        180        280         10
   22      74         95       1290        123         30        163         20
   23     100         19       9275       4376        420        523         20
   24      58         21       1892          0          0        135         10
   25      76         44        234       1582        120        250         20
   26      71        129         13        101        120        184         20
   27      13          8       1062          0        120        288         10
   28     192         62       1622        257          0        205         20
   29     199         60        253       1149        180        248         20
   30     158        142         94          0         90        201         10
   31      81         81       6248       2011          0        134         20
   32     186        107       2703       5379         90        246         20
   33      59        106       1712          0          0        136         10
   34      25         52       2409          0        120        276         10
   35      85         46      13520          0          0        164         10
   36      18         11        335          0          0        109         10
   37      99         54       2078          0          0        135         10
   38     181         73      15000          0        120        257         10
   39      92         52       2272         40        120        236         20
   40     106         55       4592          0        120        293         10
   41      29        108        466         91         30        135         20
   42      25         47      14315          0          0        133         10
   43     150         79         92        301         60        226         20
   44      17         18       3480          0          0        104         10
   45      69        134       1305          0        180        259         10
   46     133        102       3993          0         30        171         10
   47      91         72        141          0        120        291         10
   48     115         61        170          0         60        190         10
   49      55        102         15          0          0        129         10
   50     185         56        943       2538        300        477         20
   51     139        104        363       3213        120        213         20
   52     180         95         29          0        300        423         10
   53     134         73        233        192          0        162         20
   54      66        119       1551          0        150        227         10
   55     138        128       1884          0         30        182         10
   56      85         52         67          0        120        248         10
   57     111         35       3046        350        300        441         20
   58     133        100       2576          0        390        459         10
   59       6         26        103        338         30        167         20
   60     127         37       5281        270          0        138         20
   61       5        116       2268          0        360        520         10
   62     138         37       3221       1807        330        431         20
   63      79        131        170          0         30        158         10
   64      69         21       2988         37        120        196         20
   65     106        143       1942          0         60        181         10
   66      97        144       8517        605        420        494         20
   67     120         78       5296          0        360        458         10
   68      93         68       2354         34         60        217         20
   69     166         83       2535        376          0        189         20
   70      78          7       1618          0         30        115         10
   71      48         46       3295       5889          0        146         20
   72      13         26      14853        147        360        463         20
   73     123         63       1669       1523         30        186         20
   74     110        119       4225          0        180        249         10
   75     102         49       4353       1293        150        286         20
   76     100         73         28          0         60        138         10
   77     109         51       1301        299        300        459         20
   78      86         99       2432          0          0        165         10
   79      81          8       1604          0          0        135         10
   80     173         85       2160          0        120        229         10
   81       8         46        910        960          0         93         20
   82     106         68       3813          0        360        514         10
   83      48         56       1950          0          0        162         10
   84     103         96         20       1989        150        281         20
   85      57        145       2633          0         60        215         10
   86     143         31        112          0        300        434         10
   87      86        102        615       2112        150        285         20
   88     142        131       1723        563        330        459         20
   89     126        111       1629       9241        150        251         20
   90     102         72       2790      12210        210        280         20
   91     130         68        149          0         30        156         10
   92      29        101       2168         29         30        159         20
   93     173         62         44       5374        180        285         20
   94      96         86        212        673        120        288         20
   95     172        113       2392          0         30        196         10
   96      44         51        240       1297        120        291         20
   97     129         71       7335          0        180        265         10
   98      19         13       1044          0          0         64         10
   99      36         20       2287        292        120        282         20
  100      83         25       2025         40          0        157         20
  101     187         54       3502          0          0        189         10
  102      42        125       1889          0        120        194         10
  103      88         72      14867        133        150        244         20
  104     122         83       1952          0        180        277         10
  105     151         49       6368          0          0        160         10
  106     131        104       1308       1932         60        165         20
  107      27         76       2700          0         60        142         10
  108     120         85         96          0        180        297         10
  109      16          3       1657       9040          0         99         20
  110     105         62       2193          0        150        234         10
  111      23         93       3399          0         60        129         10
  112      85         58        441          0          0        166         10
  113      22        146       1463       3399        120        285         20
  114      50         93        804       2139          0        105         20
  115      60         43       2267       1205        120        255         20
  116      45         61       1970        147        120        198         20
  117     167         47       2384          0         60        205         10
  118     132         48        526         24          0        134         20
  119      37         15       3805        746        420        522         20
  120     135         29       4413       2159         30        143         20
  121      87         93         35          0          0        128         10
  122      34         79       1777       1839        300        412         20
  123      39         48       2016        286        300        401         20
  124     108        151      15000          0        300        395         10
  125      71         91        672        305          0        125         20
  126      34        127       5945          0        120        254         10
  127      55        116      10997        108         30        131         20
  128      32        100        150       6079        150        220         20
  129      86        135         18       2115         90        257         20
  130     170         82       1975       9336         90        250         20
  131     112        138      14049        878         90        173         20
  132     144        128        172        300        300        396         20
  133     137        145        199      11844        120        246         20
  134     122         30       1332        207         30        154         20
  135      84         66        450          0        180        273         10
  136      37        123       1210          0         30        163         10
  137      92         59       3425       8935        390        465         20
  138      99         37        108       1210        120        283         20
  139      36        146        280       3622         60        189         20
  140      60         64       1366       6937        120        254         20
  141     114         56       1924          0        150        277         10
  142     100         53      13506          0        120        254         10
  143     124         79         74          0        120        250         10
  144      90        119       4742          0        120        256         10
  145      73        123         13       8002         60        151         20
  146      40         30       1495          0          0        124         10
  147     111         65       3524       6652        360        492         20
  148      65         32       1190        196          0         74         20
  149     112         36         57          0        120        266         10
  150     149         94        165        502        180        259         20
  151     162         96       1169       6106        210        278         20
  152      72          3       2977       2254          0        163         20
  153      12         30       6037       8963          0        103         20
  154      87          8        237          0          0         92         10
  155     150         27         93          0        150        227         10
  156     164         85        630       5376          0        171         20
  157     194         82       4993         99         60        206         20
  158      97        112       2654       1890        120        225         20
  159      16         35       5990          0          0        168         10
  160      15          3        401         98        120        222         20
  161     128         71         92          0        120        292         10
  162      20         98       2460         49         30        206         20
  163      88         71         70       1644        420        487         20
  164      28         34      13589          0          0        135         10
  165     148        126       1719          0          0        199         10
  166      71        107        655          0          0        133         10
  167     121        147       1605          0        150        260         10
  168      72         92       1613          0        150        298         10
  169      26        113        129          0         30        191         10
  170     127         53       1804          0        120        225         10
  171     136        148         58          0         90        228         10
  172     101         85       1800          0          0        127         10
  173     132        121       1538       2076         90        185         20
  174     101         81        196          0         60        224         10
  175     131         51       1750          0         90        263         10
  176      39        139        663        180        180        290         20
  177     137        143       3153       5087        180        292         20
  178      29        130       1851       2076         30        160         20
  179     116         94        181          0        120        203         10
  180     180         58       3535         63          0        196         20
  181      54        130         76       1859         60        165         20
  182     117        100         13          0         30        160         10
  183     120        124       6209          0         60        223         10
  184     142         91       6861          0         90        256         10
  185      65         88        745        299        150        232         20
  186     109        122        320          0         30        205         10
  187     123         54      12556          0        150        238         10
  188      62         45       1457       1225        300        410         20
  189      21         80       1559        450        420        514         20
  190      86         67        991          0          0         96         10
  191      31         40       1222          0          0        143         10
  192      83         99         78          0         30        137         10
  193     176        112       3983       1777         60        201         20
  194      30         54       1318          0          0        134         10
  195      31        106        686          0         30        169         10
  196     151         22       3910          0          0        168         10
  197     184         71       5419       1364         60        201         20
  198      86         77       1708        227        330        399         20
  199     120        116       7832          0          0        178         10
  200     186         73       2487        847         90        194         20
  201     148         92       1711          0          0        173         10
  202     119         11       1680          0          0        131         10
  203     117         97       9680          0        360        462         10
  204     129        122       2424          0         60        187         10
  205      95         24        380        190          0        143         20
  206      15         42       5014       1889        330        436         20
  207     109         75       5146          0         60        170         10
  208     123         66       3302          0         60        224         10
  209      67         91       2857       4092         30        203         20
  210      42        127       2066      12934        120        248         20
  211      85         76       2490       5313        120        185         20
  212     137         49        173          0          0        158         10
  213     125         79       5792         22         30        167         20
  214     149        141        222       6827        180        297         20
  215     106         83       5186          0        300        442         10
  216      17         36       1330         14          0         99         20
  217      29        110       1016         30         60        157         20
  218     120         62      15000          0          0        143         10
  219     108         46         98          0        120        202         10
  220      45         54       1677          0        120        294         10
  221      52         46       4320       2221        120        249         20
  222      48         83       2181       2064        120        233         20
  223     140         66         72        298          0        154         20
  224     121        120        603      14397         90        164         20
  225     154         76       5420          0        180        283         10
  226     100         84       2429          0          0        123         10
  227      94         69       1537       6086         30        107         20
  228      93         94        631       7181         60        138         20
  229      33         69       8738          0        120        271         10
  230     123         72      10147          0        300        412         10
  231     128         56       2475          0         90        243         10
  232     193         91       1440       5669        150        225         20
  233      98        122       2566          0        120        290         10
  234     123         53        438       5972         30        192         20
  235     102         93       2636       9336        180        295         20
  236      38         68       7844        348          0        107         20
  237      21         23        210          0          0        167         10
  238      49         47        679          0        120        189         10
  239      72         99       1519       3868        180        290         20
  240      60         60       2066          0        120        196         10
  241     135         23        213       3093        360        519         20
  242      79        122       3671          0        180        260         10
  243     152        146        250          0        390        470         10
  244      40        133         27         87        120        217         20
  245      59         48       8964          0        120        190         10
  246      72         86       1687       1497        180        254         20
  247      82         85      15000          0        120        227         10
  248       7        114       1255          0         60        173         10
  249     169         49       4252          0        300        436         10
  250     176         77         39          0         60        200         10
  251      63         90       2683          0        180        251         10
  252     104         91         86          0         60        220         10
  253      73         89       1815       1071        210        282         20
  254      69         92       2542          0        120        291         10
  255      37         14        902          0          0         76         10
  256      70         72       2362        180          0        108         20
  257     105         79       1959          0        180        242         10
  258      38        113        470       2221         60        207         20
  259      57         45        202        137        120        186         20
  260      63        150         15       1030        330        403         20
  261      95         38      10533          0        300        398         10
  262     179         67        382       1583         60        193         20
  263       6         12       1818          0         30         97         10
  264      77          6        503          0        120        228         10
  265      15         10       2020          0         90        184         10
  266     138        146         31          0         90        208         10
  267      16        118       7875       2080        390        525         20
  268     174         99       2160        447          0        203         20
  269      12         45       1481       6546          0         80         20
  270      53         21       2094          0        120        230         10
  271     106         59        129        287        150        220         20
  272      53         61       4698        108          0         90         20
  273      60         79       4537       1655        300        430         20
  274      34         33         57          0         30        165         10
  275      43        129       1640          0         60        141         10
  276      73         83         28          0          0        139         10
  277      20        145         87          0         90        241         10
  278     125         51       2157          0        120        281         10
  279      45         86       2250          0        330        433         10
  280      58         86         21       9756        150        289         20
  281      60        148        713       1749         30        182         20
  282      79          7       2256          0        120        196         10
  283     176         71       2484          0        120        274         10
  284      27        110       4283       4190        390        472         20
  285      89         57        156         83         60        141         20
  286     107         77       3716          0          0        153         10
  287     107         63       3716       4355         30        185         20
  288     150         20       3561          0        120        197         10
  289     126         89       1026         57         60        218         20
  290      82         90       2138       7578         30        154         20
  291      28         10        181        583        120        276         20
  292      81         66       5003       7500        120        230         20
  293     185         59       3400       5639        120        206         20
  294      83        141        744          0        150        228         10
  295      76         78         13       5049        180        287         20
  296      15        118       1205          0        330        404         10
  297      31         13       1844        847        120        221         20
  298      97         24       2089          0        120        250         10
  299     155         88         83        748         90        186         20
  300      32         83         84        564          0        134         20
  301     160        108         90        124         30        191         20
  302     121         66       7575          0        180        259         10
  303      33        137      14137          0        390        460         10
  304      36         72       2498        527        300        437         20
  305      96         81         56         17        120        204         20
  306      47         96        920          0        210        283         10
  307      81         75       2086          0         60        174         10
  308      86         56       7609       7391          0        132         20
  309      17         89       1542         38        120        289         20
  310     154         39       1879          0        300        404         10
  311     132         36         13       2630         90        182         20
  312     142        136       2434        856        180        240         20
  313      79         16        706       6211        360        441         20
  314      57         94       5245        902         30        136         20
  315      25        117      14638        287          0        134         20
  316      80         48        173       3613        120        194         20
  317      73        157       1944          0        180        263         10
  318      29         35        280          0          0        128         10
  319     150         49         57       2075          0        162         20
  320     198         85        594          0        120        288         10
  321     112        136      14399        334        390        523         20
  322      74         92         36          0        120        249         10
  323      92         84       1989         56         60        146         20
  324      12         55       3909         68        120        256         20
  325      19        124       6407        627        120        283         20
  326     101         77        314          0        300        398         10
  327      39         52        100          0        120        201         10
  328      96         79       3055          0         30        208         10
  329     153        115       1744         97        120        275         20
  330     121         32       2146         93         30        205         20
  331      87        113       6124          0        120        229         10
  332     159         43       5669       1990        360        466         20
  333      14          4         53       4356        120        222         20
  334       7         97         54         17          0        171         20
  335     180         65        672         19        150        279         20
  336     135        136         22        397        120        289         20
  337     163        111       1648       5955        120        258         20
  338      40         67       9378          0          0         95         10
  339      45        116        336       7032         90        264         20
  340      62         67       2332          0        360        441         10
  341      68         73       4524       5873        120        191         20
  342      88        106       5334          0        420        526         10
  343      66        136       1576        686         60        191         20
  344     171        104        123          0         60        225         10
  345      45         49        112          0        120        275         10
  346      57        153       7500        437        120        231         20
  347      78         35        821       1711          0        108         20
  348      28         81       4605          0          0        105         10
  349     128        111       2939          0          0        162         10
  350      47        133       4963          0         60        232         10
  351      74         63        354          0        210        277         10
  352     158         73        166          0          0        174         10
  353      79        130       3610          0         90        248         10
  354     135         51        172         41        120        247         20
  355      30         42        540          0          0         80         10
  356      36        143       1200          0         60        213         10
  357      85        128       6740       2399        120        299         20
  358      48         47       2496       5873        210        279         20
  359      74         85       1708          0          0        124         10
  360     140        109      11467        576        120        248         20
  361     125        103        998       2362        150        279         20
  362     151         77      13526       1474        120        190         20
  363       9         49         10       1737        120        191         20
  364      25        114        338         84         60        226         20
  365      34        137       5813         74        300        434         20
  366     191         51       3545          0          0        204         10
  367     199         74        336          0          0        208         10
  368      53        153         46          0         90        175         10
  369      77         44       4410          0          0        128         10
  370      60         10       2247          0          0         93         10
  371     175         62        476          0         90        181         10
  372     133         89       1772       7207        390        457         20
  373     132         69        268        345         30        186         20
  374     183         61       6107          0        450        519         10
  375     131         17        190          0          0        154         10
  376     169         35       1862        106          0        162         20
  377     183        102       1149         22        120        248         20
  378     183         79         57          0         60        220         10
  379     147         22       3684          0        300        434         10
  380     109         64       2869         98         90        217         20
  381      40         29        124          0          0        175         10
  382      36         87        913      10752        180        297         20
  383     112         37       2469          0        150        290         10
  384     139        144        960          0         90        210         10
  385     110         92        300          0          0        159         10
  386     139         70       1661          0        150        255         10
  387     155        145        396          0         30        204         10
  388     160        131         29          0        180        290         10
  389      30         45      12886          0        420        492         10
  390      46         50        234       4176        120        284         20
  391     118         94       3792          0        120        202         10
  392      55         67       2489          0        150        227         10
  393      32         56        683          0         30        189         10
  394     148        116       3610          0        300        445         10
  395     162        146       2028          0        120        228         10
  396       5         36       1577          0          0        167         10
  397     132         43       7489          0          0        166         10
  398      41         74        113         41         30         99         20
  399      76        127      10466       2582        120        187         20
  400      82        131         14          0         60        223         10
