400_55

CUSTOMER  VEHICLE
NUMBER	  NUMBER     CAPACITY    DispatchingCost
    400     500          40000       100

CUSTOMER
CUST NO.  XCOORD.   YCOORD.   DDEMAND   PDEMAND   READY TIME  DUE TIME   SERVICE TIME

    0      41         23          0          0          0        960          0
    1      13         87       1330          0          0        122         10
    2     109         94        292          0         30        172         10
    3     195         99       3484       2738        120        232         20
    4     198         85        594          0        120        288         10
    5      30         73       1538      13462        300        427         20
    6      78         98        462       2331         90        237         20
    7      96        118        579       5307        180        297         20
    8      80         64        414          0          0         99         10
    9      85         52       4061          0        120        216         10
   10      41         79        367        539        120        283         20
   11      55        116       3785          0        150        257         10
   12     135         29       2789       1610         30        155         20
   13      17         36       1330         14          0         99         20
   14     180         58       3535         63          0        196         20
   15      39        139        147         13          0        163         20
   16      92         61       1511          0        120        257         10
   17      14        122        684          0        330        435         10
   18      63        135       7890        890         60        226         20
   19      87        139         60          0         90        167         10
   20      95         18        146       1667         30        129         20
   21      54         96         16          0        120        248         10
   22     176         70       1430        164        120        192         20
   23      73         83         28          0          0        139         10
   24     132        121       1538       2076         90        185         20
   25     153        148         43      14957         60        217         20
   26      73         55      14262          0        120        289         10
   27      30        117       1507          0         60        160         10
   28      40        112      13471          0        120        186         10
   29      69         22       7888       3483          0         63         20
   30      75        126      13578       1422        360        428         20
   31     109         29        608       3418        120        223         20
   32     171         80        204        249         30        201         20
   33      42         16       2135          0        120        252         10
   34     115         96       3288          0        150        214         10
   35     188         95        130        385          0        214         20
   36     173         43       2819          0         90        172         10
   37     106         96       8663        587         30        141         20
   38      55        104        169       1793         30        190         20
   39     154         76        333       2490         60        226         20
   40      99         56       4284          0         60        165         10
   41      40         30       1495          0          0        124         10
   42      27         73        330         57        120        289         20
   43     130         68        149          0         30        156         10
   44      86         67        120          0          0        159         10
   45      98         53       1297          0          0        172         10
   46     162        118       1841          0        180        255         10
   47      35          8       1992       2702        120        286         20
   48      90         74       1490          0          0        111         10
   49     120        129        100       8516        210        289         20
   50      71        129      12904         84          0        154         20
   51     161         95       5649          0         90        199         10
   52      21         40       3810          0          0        140         10
   53      48         54       2908          0          0         67         10
   54      67         87       1522        122        120        225         20
   55     199         87       1536        511        450        538         20
   56     115         64       2545          0        150        292         10
   57      69         21         28          0        150        280         10
   58      65        100       1629       8279        120        220         20
   59     121         66       2147          0          0        167         10
   60     153         42        610          0          0        148         10
   61     170        137         53          0         60        216         10
   62      18         22        690        281        150        232         20
   63     122         59        641          0         30        183         10
   64      88         41       2209          0        120        216         10
   65     106         54        218        169        180        243         20
   66     107        138        758       4478        120        286         20
   67     171         74        200          0        120        283         10
   68     147        113       1183        841        300        440         20
   69     117        100         13          0         30        160         10
   70     177         74         50        113         60        200         20
   71     160        117         82        290         30        183         20
   72     198         67         52          0          0        199         10
   73     118        100        337          0         60        214         10
   74     138        146         31          0         90        208         10
   75       7        117         16      10588         60        175         20
   76      87         69        696       8189        150        256         20
   77     145        114       8961          0        420        494         10
   78     177        110       2025          0        120        261         10
   79     154        131       5120          0          0        201         10
   80      15         41       2076          0        120        262         10
   81      82         15      13910          0        120        283         10
   82     176         59       3726          0        150        283         10
   83     120        117       6626       6368        420        525         20
   84      63        150         15       1030        330        403         20
   85      12         98      14989         11        330        433         20
   86     183         89        248          0          0        193         10
   87     126         89       1838        339         30        207         20
   88      31         40      14776        224        120        187         20
   89     123         54      12556          0        150        238         10
   90     106         81       5184         42         60        186         20
   91     182         66      10279          0        150        225         10
   92     105         41       4551       1073          0        169         20
   93     121         45        684          0          0        118         10
   94     191        100       3104          0        150        215         10
   95      57         29        170          0          0        129         10
   96     150         53       3160       1628        120        251         20
   97     122        139        424         47         90        186         20
   98      82        107       2525        182         60        195         20
   99     148        114        581          0        210        286         10
  100      96        112         35          0         60        150         10
  101      67         94        266          0         30        128         10
  102     161         87       2738          0        120        226         10
  103      77        153       1501          0         30        174         10
  104      68         94       2410        333         60        164         20
  105     157         59        447          0          0        170         10
  106     142        126       1391       1528         60        227         20
  107      35         63       2025          0          0        138         10
  108     173         62        205       1859        120        264         20
  109     111         85       3239         34        120        268         20
  110     179         67        382       1583         60        193         20
  111     130         90        233          0         60        204         10
  112       7         28       1609          0        180        298         10
  113     128         56        200       1556        150        241         20
  114     132         44       1508          0         60        221         10
  115       4         23        236        920        120        223         20
  116     157         96       1116        621         90        230         20
  117     102        120       1840          0         90        252         10
  118     117        145       2555       2247        180        282         20
  119     188         83       2334          0         90        204         10
  120     122         30       1750         48        120        247         20
  121     121         91        476          0        150        263         10
  122      53         45         31          0         30         95         10
  123      86        140       9337         12        150        278         20
  124      81          4      15000          0          0        139         10
  125      89         80       6860          0         30        142         10
  126     138        128       2515       7408         90        256         20
  127      84         85         81          0        120        253         10
  128      29         81         33       4814         60        189         20
  129      30        154        476        309        360        461         20
  130      17         89       1415          0         60        191         10
  131     103         96        112       9040        150        289         20
  132     130        148       1672          0        150        233         10
  133     103        124        181          0        180        286         10
  134      45        116        336       7032         90        264         20
  135      21          7       7043        123          0        161         20
  136      52        152       1744          0        120        206         10
  137     151        143        783         35        150        291         20
  138      73         89       1815       1071        210        282         20
  139     194         94        300          0          0        216         10
  140      37        123        451       2447        300        410         20
  141      30         42        540          0          0         80         10
  142      42         52       1802          0          0        145         10
  143      20         39         60        108          0        106         20
  144      95        146       1549          0         90        195         10
  145     168         75       7179       1173         90        236         20
  146     111         35       4771       2527        360        476         20
  147     135        130        651       5137        120        260         20
  148      57         37       1885      13115          0        114         20
  149       0          8       9866          0        120        278         10
  150      69        134       1438         28         90        203         20
  151     161        117        282          0        120        219         10
  152     167        103      14692        308        150        214         20
  153     118         94        325       1706         60        162         20
  154      71         81       2228       7966         30        173         20
  155      65         12       3769          0          0         80         10
  156     198         79       1205          0         90        203         10
  157      22         92       6293          0          0        113         10
  158     117        152        102       6373        210        283         20
  159      43        129       1640          0         60        141         10
  160     180         65        672         19        150        279         20
  161     160        108        591       3008        180        248         20
  162      76        127       4385          0        330        405         10
  163      57         45       1460          0        330        503         10
  164      37         15       3805        746        420        522         20
  165     122         66       2433          0          0        148         10
  166      57         72        155          0        300        408         10
  167     121         85        191        147        360        438         20
  168      64         40        280          0          0         77         10
  169      64         67       1506        393          0        131         20
  170     186        106       9756          0        120        221         10
  171     135         26       3579       2020         60        186         20
  172      48         60       1005          0        390        500         10
  173     152        146       3114       1844        120        205         20
  174      28         10        181        583        120        276         20
  175      96         82       1738          0          0        137         10
  176     115         60        742          0         90        220         10
  177     129        122       1595       1221        210        279         20
  178     186         89       2076          0        120        260         10
  179     148        126       1719          0          0        199         10
  180      21         98       3613       6345        120        220         20
  181     158         71        370          0          0        169         10
  182     146        129       4764       1829         90        203         20
  183      59         81        835          0        120        188         10
  184     149         29       8095          0          0        151         10
  185      44         86         37          0          0         99         10
  186     159         83        515        152        120        299         20
  187      92         88       2076         67         90        250         20
  188      88        127       1988        553         60        149         20
  189      25        114       1651          0        150        221         10
  190      43        136      12933          0        390        500         10
  191     122         83        129        346         30        144         20
  192       6         49       4040          0        120        231         10
  193      78          8       4580          0        330        430         10
  194     134         33        760          0        360        429         10
  195     104         70        279       2024        120        183         20
  196      19        124       6407        627        120        283         20
  197      52         63       3542          0          0         77         10
  198     113         64       5953          0          0        142         10
  199     116         75         63       5651         30        135         20
  200     174         99       2160        447          0        203         20
  201     109         64      14768        232         30        131         20
  202     102         75       2796          0        210        287         10
  203     170        140       1895       5680        150        222         20
  204      11         34       5652       3785          0         79         20
  205     179         48         45      11000         90        189         20
  206     108         46         98          0        120        202         10
  207      35        150        232          0         90        206         10
  208      51        150       1346       4497         90        249         20
  209      95         24        380        190          0        143         20
  210     131        104       1858          0        150        263         10
  211     120        124       1602          0         90        183         10
  212      79        131       2905       4886        120        217         20
  213     150        127        252        112         90        253         20
  214      63         90       7354       1614        120        204         20
  215      18         11       4858       2220        300        412         20
  216     163         99        102          0        120        257         10
  217      23         35       3072       5533         30        151         20
  218      33        155       6212          0        390        519         10
  219     150         79      12923          0        210        287         10
  220      65        134        847        877        120        230         20
  221      23          9       1198          0          0        109         10
  222      26        113        129          0         30        191         10
  223     164        107         48          0        180        280         10
  224      53         38       1377        666        450        529         20
  225      91         35       4009         41          0        172         20
  226       5        116       2268          0        360        520         10
  227      29        108        466         91         30        135         20
  228     173         95       4225       6623         90        201         20
  229      75         90       3133       1153        390        472         20
  230     145         69         44          0         30        143         10
  231      78         35        821       1711          0        108         20
  232      47        125        734          0          0        161         10
  233     135        136         22        397        120        289         20
  234     137         70       3093        941          0        175         20
  235      24        148        579       9316        180        268         20
  236     100         78        250       3370        120        280         20
  237     108         18        373       1719          0        141         20
  238     114         77         11        615         30        170         20
  239      64         44       1799       6800        120        218         20
  240     131         32       5051        306          0        134         20
  241      51         80         62          0        150        227         10
  242     118         67       2780          0          0        168         10
  243      45         49       5376       2860          0        133         20
  244      41         74         87          0         90        169         10
  245     125         79       1293       1492        300        410         20
  246      45         78        146          0         90        165         10
  247      30         43         37          0        120        253         10
  248      87        130       3686          0         60        158         10
  249     136         72       4622        182          0        150         20
  250      47        137         33          0        120        298         10
  251      54        104        126        152        120        258         20
  252     114         49       2303          0        150        228         10
  253      98         63       5465        451        330        494         20
  254     196         74       1716       1860        120        211         20
  255     156         67       9316       1976         60        164         20
  256      97         68       2799          0        120        211         10
  257     134         55       1993       3211        150        296         20
  258      80         93       2005         32        120        197         20
  259     120         78       4018       3401        330        482         20
  260      16        122       1708          0         30        145         10
  261      31         76       1011        179        330        426         20
  262     113         37         38       1293          0        132         20
  263      53         37       5955       2429        120        290         20
  264     140        109         60          0         90        199         10
  265      11         19       5746        781        300        400         20
  266      54          2        181         31          0        110         20
  267     100         29       3137        668          0        114         20
  268     156        115       1299        588        120        296         20
  269      84         78       6367        925          0        160         20
  270      77         42       7692       2905        360        445         20
  271      96         68       1183        233         30        191         20
  272      96         87       1842        147        450        527         20
  273      71         59       6086       1430        120        224         20
  274      56        114        587       1940          0        136         20
  275      67         39        178      13912        120        188         20
  276       9        114        525          0         30        190         10
  277      69         92       2542          0        120        291         10
  278      86        102        531      14469        180        288         20
  279      75         55         74          0        120        232         10
  280     148         92      15000          0        120        186         10
  281      89         56        625       1959          0        116         20
  282       7          4       1847        908        120        253         20
  283      50         85       1874          0         60        198         10
  284     183         79       2944         36        120        287         20
  285      81         18        225         22          0         89         20
  286       6         12         30        210          0         73         20
  287     143         87       1059          0        120        296         10
  288     135         78      15000          0        300        404         10
  289     199         60        253       1149        180        248         20
  290     185         59       3400       5639        120        206         20
  291      80        113       2250       2029         60        191         20
  292      87         93         35          0          0        128         10
  293     139        104        363       3213        120        213         20
  294      39         96        594          0        390        498         10
  295       5         20       7372       2237         90        255         20
  296      53         65        288        392        120        249         20
  297      18        126       1733          0         90        260         10
  298     162         63        310       3296        390        526         20
  299     104        109       1628        251        180        294         20
  300      41         73       1594          0          0         97         10
  301     188         66         98       2542        210        288         20
  302     104         68         23       1460        120        292         20
  303      49         43       6189          0         30        101         10
  304     141         58       4199       2130        360        473         20
  305      21         23       4100       1571          0        108         20
  306      83         64        259         54          0         95         20
  307      90         87       2773       3791        390        530         20
  308      46        125       1175      13825          0        153         20
  309      87        101       5050        279          0        135         20
  310      19          8       4343          0          0         69         10
  311      86        135      15000          0          0        164         10
  312      28        122        563          0          0        135         10
  313      55         47       1590       1646         30        158         20
  314     132         36         13       2630         90        182         20
  315     138         56       1926          0        180        273         10
  316      61         30         40          0        120        292         10
  317     164         76       6937       8000         30        189         20
  318      91         84       2130       1307        330        440         20
  319     139         25       1956          0          0        176         10
  320      78         84       1819         76         90        260         20
  321     105         62       2193          0        150        234         10
  322      68         86        211       5088         60        201         20
  323     111         54       3504          0          0        113         10
  324      34         63       2827          0        300        400         10
  325      66        117      10176        845          0        175         20
  326      78          6       2902       1882        120        196         20
  327     177        112        280        193          0        200         20
  328     141         68       3120          0        330        433         10
  329      16         81       2208          0         30        190         10
  330     152         91       3809       2159          0        175         20
  331     146         56       1613          0         60        174         10
  332      88         63       5628          0        300        404         10
  333      95         82        699          0        120        187         10
  334      85         46      13520          0          0        164         10
  335     151        109       2331        785        120        188         20
  336      33         64       4213        333        300        410         20
  337     103        127        110        439         60        169         20
  338     161         35       5373          0        360        441         10
  339      67         61         30          0          0        127         10
  340     106         10       2243       2026        360        496         20
  341      98        122       2566          0        120        290         10
  342      99         37        108       1210        120        283         20
  343      48         83       1995      13005          0         99         20
  344     160        118       6111       1029         90        224         20
  345     138         37      14957         43        120        277         20
  346      20        119       9298          0        120        206         10
  347      57        145         64          0         60        221         10
  348      82         56        213          0          0        102         10
  349      42         62         51          0         60        172         10
  350     134         73       1174       5745         30        143         20
  351      60        134         15          0        120        190         10
  352      16         10       2201         31          0        130         20
  353     174         67       3596          0         30        195         10
  354     120         33       1841       1896        150        222         20
  355       8         43         94      14906         60        198         20
  356     110         69       7646         29        300        400         20
  357      60         64       1366       6937        120        254         20
  358     117         97       9680          0        360        462         10
  359     115         90        276          0        120        259         10
  360      70        119       3059          0          0        148         10
  361     170         82       1975       9336         90        250         20
  362     106        103         17          0         60        194         10
  363     120        103      13520        261        120        229         20
  364      68         73       4524       5873        120        191         20
  365      78         65        960       4741         60        203         20
  366      11         47       6799          0        120        288         10
  367      79         16         83          0          0         80         10
  368      71        130        142          0        120        235         10
  369      82          7        160       5421        360        526         20
  370     135         59       1010          0          0        151         10
  371      19         90        912          0        180        252         10
  372      74         20       5221       6408        120        229         20
  373      68         96       2516        394         60        134         20
  374      73         96       1678       2545        180        255         20
  375     167         47       2384          0         60        205         10
  376      34         65       3800          0        420        522         10
  377      70        125       1563        238         90        172         20
  378      97         46         56       6099        120        244         20
  379     142         19       5356          0        330        423         10
  380     132         56       3585          0        120        215         10
  381      49         47        679          0        120        189         10
  382      66         63        617        672        360        469         20
  383     198         86        192          0         60        212         10
  384      77        120         22          0         90        230         10
  385      22        146       5088          0        180        266         10
  386     186         83       3419       8738         60        216         20
  387      53        153         46          0         90        175         10
  388       8         46       1713          0        180        266         10
  389      80         11       1799          0        360        524         10
  390      47         62        621       3243        120        279         20
  391      94        118       1771          0         60        192         10
  392     151        123       9812       5188        360        535         20
  393      37        100       2569          0        120        286         10
  394     102         27         33       2085          0         98         20
  395      26        127       4093          0         90        224         10
  396      68         21       3467          0        120        254         10
  397     200         68       2480          0        120        293         10
  398      69         24       3234        160        120        282         20
  399      47        129       1464         56         30        161         20
  400     148         47       1068       9983          0        148         20
