400_60

CUSTOMER  VEHICLE
NUMBER	  NUMBER     CAPACITY    DispatchingCost
    400     500          40000       100

CUSTOMER
CUST NO.  XCOORD.   YCOORD.   DDEMAND   PDEMAND   READY TIME  DUE TIME   SERVICE TIME

    0      41         23          0          0          0        960          0
    1     131         17        190          0          0        154         10
    2      48         83       2181       2064        120        233         20
    3      29        108        466         91         30        135         20
    4      45         86       3936       3369         30        202         20
    5     154         27        443          0        300        426         10
    6      78         87      15000          0          0        144         10
    7     112         47       4377          0        120        200         10
    8     114         19         67          0         30        138         10
    9     176        112         90       6575         90        255         20
   10     103         96        112       9040        150        289         20
   11      63         48         62      13911         30        155         20
   12     104         91       5658          0         90        225         10
   13      60        148        713       1749         30        182         20
   14      10        117       1920         10         60        148         20
   15      78         43       1788          0        420        504         10
   16     152        104        330       2683         60        227         20
   17      92         52       2272         40        120        236         20
   18      51          1       1367          0          0        130         10
   19     117        146        498          0        180        249         10
   20      62         56         21          0          0        155         10
   21      85        102       2066        249         60        202         20
   22      66        117       1096          0        150        231         10
   23      13         12       2221       2094          0         93         20
   24      73         55         20      11550        120        292         20
   25     131         32       5051        306          0        134         20
   26      93         68       2354         34         60        217         20
   27      48          5        806       2334          0        142         20
   28     105         81       1985        894        180        249         20
   29     131        104       6827          0        330        469         10
   30     193         91       2004          0          0        211         10
   31      45         54       3180       6006         30        108         20
   32     138         37       3221       1807        330        431         20
   33     118        100       3564          0        360        465         10
   34      88         54       1037       7180          0        101         20
   35      96         81       6831          0        120        198         10
   36     109         29        608       3418        120        223         20
   37      47         62        190          0        120        243         10
   38     105        152        367          0         30        179         10
   39     138        146       1104          0         60        195         10
   40      52         10         94         97        120        287         20
   41      36         20       2287        292        120        282         20
   42      34        142        432        389          0        171         20
   43     166         88       5588          0         30        195         10
   44      36         79         86        212        450        517         20
   45      31         40       6651       4849        150        222         20
   46      56         19         11          0        120        254         10
   47      48         60       1005          0        390        500         10
   48      57         45        202        137        120        186         20
   49     151         49        118       1291        180        247         20
   50      23        110        406          0        300        412         10
   51      52          0       4242          0        120        283         10
   52     114         80        646          0        150        224         10
   53      65         74       2221        200        180        272         20
   54      24         59       3281          0        120        220         10
   55      17         49       1940         15        120        213         20
   56      98         53       4924      10076         60        133         20
   57      15         52       4024        235          0        169         20
   58      18        126       1733          0         90        260         10
   59      47        133      11397          0        120        249         10
   60      35          8        130        263        120        294         20
   61     160         37         33       2088        120        246         20
   62     177        112        280        193          0        200         20
   63       8         11       1860        996         60        162         20
   64      65         57       1104          0          0         75         10
   65     132         44       3422          0        210        282         10
   66     179         61       3315         98        180        262         20
   67     121         49       3096        618        150        220         20
   68      45        147       1805        111        120        191         20
   69     186        107       1747          0          0        221         10
   70     118         67       2780          0          0        168         10
   71     171         80        204        249         30        201         20
   72      74        119        540          0        150        227         10
   73     115         81       2084          0          0        142         10
   74      67         87       3590          0         90        258         10
   75     169        147       1975       1611         60        223         20
   76      54        104        126        152        120        258         20
   77      66         63        237        665          0        160         20
   78      96         68       1183        233         30        191         20
   79      33         69       8738          0        120        271         10
   80      69        134       1438         28         90        203         20
   81      91         12       2290          0          0        134         10
   82      86        140        100       4343          0        176         20
   83      53         78       5064         22          0        101         20
   84     109         64       2257       7680         60        153         20
   85     126         36       2136        234        120        259         20
   86     149         34       1568       3152         90        254         20
   87     101         20         13          0          0        101         10
   88     112         37       4280          0          0        140         10
   89     169         76         21          0         30        185         10
   90     146         92         82         74        180        250         20
   91      20         98       2460         49         30        206         20
   92      86         80        437        941         90        230         20
   93     169         82        150         17        120        225         20
   94     150        131       1010          0        180        250         10
   95     136         69       1344        232        330        472         20
   96      52         62       8107       3808          0         77         20
   97      34        136       1030          0          0        146         10
   98     111         41        306       2191        120        230         20
   99      68         21       1661          0        150        229         10
  100     126         72       7182          0        390        537         10
  101     112        138      13644       1356        120        250         20
  102       0          8       5321        105        120        223         20
  103      85         74       7744         73         90        252         20
  104     174        119       2449       2204        120        215         20
  105     146        132       6216          0        180        260         10
  106     114         77         11        615         30        170         20
  107      81         18        225         22          0         89         20
  108     108        105       3878          0        210        279         10
  109      16        118       7875       2080        390        525         20
  110     194         82       4993         99         60        206         20
  111      10         51        117          0        150        296         10
  112      34        147       1520       1641         60        171         20
  113      28         34         85          0          0        132         10
  114      23        118        170          0          0        141         10
  115     121        120        603      14397         90        164         20
  116      24        148         40       1123        180        277         20
  117      12         45       2192          0         60        133         10
  118     100         84       2429          0          0        123         10
  119     161         35       5373          0        360        441         10
  120     122         66       2433          0          0        148         10
  121     108         21       1251       1015          0        118         20
  122      48         46       3295       5889          0        146         20
  123     173         62         44       5374        180        285         20
  124     175         62        476          0         90        181         10
  125     192         92       5136          0        120        296         10
  126      46         46         22      11398        120        216         20
  127      57         94       1994          0        390        490         10
  128      69         90       1998          0         30        196         10
  129      72         99         83       1750        120        274         20
  130      38        113       2703         77          0        154         20
  131     135         26       2810       1097        390        452         20
  132     185         56        943       2538        300        477         20
  133     173         95       3140       2399          0        199         20
  134      42         16       2135          0        120        252         10
  135     133        102         73          0        120        285         10
  136     154         31        879        338        120        246         20
  137     128         56        200       1556        150        241         20
  138     145        124       2437          0        150        252         10
  139      10         44       9023       1791        390        461         20
  140      55         16        739          0        360        507         10
  141      22         99       2276          0         60        134         10
  142      37        100       1221       2447        330        467         20
  143      62        154         13       2433        210        296         20
  144     100        101      10151       2654         60        201         20
  145     176         71       2581         20         60        184         20
  146     100         14        396          0        120        255         10
  147      78         35        821       1711          0        108         20
  148     169         35       1862        106          0        162         20
  149     180         58        107          0         90        264         10
  150      99        108       6709          0          0        142         10
  151     151         77         87          0          0        160         10
  152     155         24       1664       1500         30        201         20
  153      60         10       2247          0          0         93         10
  154     136         72       5681        483        360        525         20
  155      64         12       2020          0          0         84         10
  156     109         51       1301        299        300        459         20
  157     118         94       3792          0        120        202         10
  158      22        146       5088          0        180        266         10
  159     191         97       4636          0          0        204         10
  160      17        119        170       2379        150        279         20
  161     109         65       1160       1863         90        253         20
  162     157         96       1116        621         90        230         20
  163      63         62        200          0        300        405         10
  164     108         38       1929       1123        120        204         20
  165      95         84       3079          0         90        213         10
  166      76        127       4385          0        330        405         10
  167      28        120       8107          0         60        174         10
  168      95         66        237        525         30        185         20
  169      34        127       5945          0        120        254         10
  170       6         49        350       2338          0         84         20
  171      76         31        364          0        330        409         10
  172      82        107       2525        182         60        195         20
  173      86         81       2042          0        300        442         10
  174      80         70       1403          0        120        221         10
  175      54          2        181         31          0        110         20
  176      78         17       2692        337        390        461         20
  177      90         73         89          0          0        134         10
  178     132        136       5071          0        360        528         10
  179     139         25       1956          0          0        176         10
  180      86         86         86          0        180        250         10
  181      67         94        266          0         30        128         10
  182      87        113       1519          0         90        169         10
  183      44         48        922      14078        390        486         20
  184      79        119        519        759         60        165         20
  185     132         93       5072          0         90        212         10
  186     122         40        307       3485        120        198         20
  187      14         39       9754          0        330        465         10
  188      22         15         90          0         30        174         10
  189      55         67       2489          0        150        227         10
  190     147        113       1183        841        300        440         20
  191     142        131       1723        563        330        459         20
  192     150         70       3899        511        300        469         20
  193     117         56       8002        836        330        431         20
  194       9         49         10       1737        120        191         20
  195     142        124       3269          0        120        281         10
  196      33        113        106       7832        120        190         20
  197     124         79         15          0          0        145         10
  198      11         34       5652       3785          0         79         20
  199     180         95         29          0        300        423         10
  200      48         47         97          0          0        132         10
  201      38         68       3160          0        360        432         10
  202     111         85       3239         34        120        268         20
  203     158         74       1454       1418          0        176         20
  204     155         88         83        748         90        186         20
  205      69         51       4815       3808          0        119         20
  206     101         97         17         91          0        133         20
  207     107         77       3716          0          0        153         10
  208      91         55         90        839          0        158         20
  209     103        128       4840       1094        120        294         20
  210       5         20       7372       2237         90        255         20
  211      88         67        619          0         90        216         10
  212     126         73       5113          0         30        168         10
  213      30         45      12886          0        420        492         10
  214      17         89       1415          0         60        191         10
  215      56        103        152       9040          0        124         20
  216      42         23       1844       1205        120        218         20
  217     101        117       2024         28          0        151         20
  218     137         70       3093        941          0        175         20
  219      11         48       8280       1094         90        192         20
  220      99         74       3110       1521        120        197         20
  221      79          7       4270       2827        120        280         20
  222     119         33       1577       2214        120        277         20
  223     114         56       1924          0        150        277         10
  224     141         58       2693      10925         30        158         20
  225     137        103       1733          0         30        170         10
  226      40         67       1644          0        450        523         10
  227      84         78       6367        925          0        160         20
  228      85         75        110          0          0        115         10
  229     120         78       4018       3401        330        482         20
  230     132         61        202       6386          0        142         20
  231      63         90       7354       1614        120        204         20
  232       7        116        147       1749        120        281         20
  233      81         66       5003       7500        120        230         20
  234      60         13        324          0          0        103         10
  235     119         98         19          0        120        243         10
  236      23        141        982          0          0        156         10
  237     101        111       4531       2816        120        277         20
  238     176        126       3465       1746         30        209         20
  239      64         44        384       2694         30        124         20
  240      71         81       2228       7966         30        173         20
  241      21          7       1038          0         90        189         10
  242      46        125       1175      13825          0        153         20
  243     150         46      10588          0         60        199         10
  244     121        147       6372       1923        150        256         20
  245      33        131       1500          0        120        250         10
  246     140        128         30         17         30        195         20
  247     119         55       3884          0          0        135         10
  248      51        114       1974       1723        300        401         20
  249      66        109       4511          0        420        525         10
  250      61        103       2360       8296        180        274         20
  251     197         58       2012          0          0        192         10
  252      88         63       5628          0        300        404         10
  253     119         45         22          0          0        141         10
  254      34         49         84         22          0         96         20
  255      57        145      13910          0         60        190         10
  256      65         88        745        299        150        232         20
  257      67         96       9040          0        120        249         10
  258     100        116       1850         13         30        194         20
  259     158         73        166          0          0        174         10
  260     163         22        272        788        120        243         20
  261     170         82       1975       9336         90        250         20
  262      90         74       1490          0          0        111         10
  263     151        143         28          0         60        195         10
  264      70         51       7914         34        300        437         20
  265      91         72        141          0        120        291         10
  266      75        156        323         11         90        235         20
  267     103         95         75      10994         90        222         20
  268     146         88      10696          0         30        163         10
  269      19        124       5553        619          0        135         20
  270     131         89       1708          0         30        159         10
  271      96         36        517       1205         90        264         20
  272      91         84       2130       1307        330        440         20
  273      11         19       5746        781        300        400         20
  274      89         80       6860          0         30        142         10
  275      80         46        735        107          0        168         20
  276      71        129      12904         84          0        154         20
  277     155         35         78          0         30        161         10
  278     106         55       1939          0          0        108         10
  279       7        114         82       2419         60        193         20
  280      46         18       1403          0          0        159         10
  281      56         80        470          0         90        225         10
  282     139         33      12128       2872        120        282         20
  283     102         47         56          0         60        229         10
  284     110         69       7646         29        300        400         20
  285      29        131       1225       2550        300        396         20
  286      83         25       2025         40          0        157         20
  287     176         47       5280          0         90        196         10
  288     164         85       1673          0         90        219         10
  289      61         49       1523          0        150        242         10
  290      23         10        399       2968        360        432         20
  291     174         93        530       5280         90        188         20
  292     127         52        301          0         30        156         10
  293       5         36       1577          0          0        167         10
  294     167        147       1644       1841        150        216         20
  295     115         83       1898          0         60        185         10
  296      59         64        610         25        120        289         20
  297      60         49       1543         90         30        166         20
  298      60         43       2267       1205        120        255         20
  299     174         67        189         91        120        201         20
  300      86         99       2432          0          0        165         10
  301     154        131       5120          0          0        201         10
  302     150         27         93          0        150        227         10
  303     139         91       1580        714        150        260         20
  304      34        149       1526       3958         60        216         20
  305      27        127       1363       1951         60        162         20
  306     108         46        128          0        150        249         10
  307     135        121        172        566         60        196         20
  308      53         37       1685        404        360        499         20
  309     135        130       4812          0        120        230         10
  310      74        140        108          0        150        277         10
  311     148         43       1176          0        330        408         10
  312     198         79       3403          0         60        222         10
  313     154         76       5420          0        180        283         10
  314     117        145       2555       2247        180        282         20
  315     140        104        856        542        150        230         20
  316      57         91        748          0        120        257         10
  317      82         92       4707       1260        300        440         20
  318     111         54         13        436          0        168         20
  319      97         58      13022       1978        330        415         20
  320     179         48         45      11000         90        189         20
  321      58         21        451          0          0        174         10
  322     153        146       2403       1306        390        533         20
  323     123         52        138          0        210        273         10
  324     109        122        320          0         30        205         10
  325     129         72       2012       1440         90        174         20
  326      97         86        559          0         30        147         10
  327      91         35       4009         41          0        172         20
  328      47         51       2207       5899         30        115         20
  329      34         74       1589          0        150        274         10
  330     126         89       1838        339         30        207         20
  331     113        121       2180       2542         30        172         20
  332      34         79       1777       1839        300        412         20
  333      40        112       1854          0        390        460         10
  334     186         72         91       2136         60        206         20
  335     121        142       1553          0        120        205         10
  336     121        129       1783          0        420        536         10
  337     133         37         13       1030          0        146         20
  338      34         98        474         23         60        133         20
  339      67        115        280       8547         60        199         20
  340     130        122       9733          0        150        257         10
  341      10         15        283          0        120        283         10
  342     130         68       1514          0          0        140         10
  343     115         64       2545          0        150        292         10
  344       3         94       4474          0        330        402         10
  345      52         28       8254       2295        420        513         20
  346     173         85       4842        248         60        183         20
  347     132        144       4836        131        300        401         20
  348      51        115        567       3605         30        192         20
  349     120         85        853       2631          0        163         20
  350      30         43       2209          0        120        293         10
  351      34        124         90         22         30        146         20
  352     177        110         48          0         90        253         10
  353      77         55        280       1511          0        110         20
  354      21         12        104          0          0        146         10
  355     111        131       1290          0          0        180         10
  356      31        101       1764         43        390        459         20
  357      86         67        120          0          0        159         10
  358      81        134       4190        363          0        165         20
  359     131         18      11000        112        120        193         20
  360      78          7       1618          0         30        115         10
  361     159        127       2388       2516         60        201         20
  362     116         94        824       1815         30        203         20
  363     132         43         85       1833         60        194         20
  364     107         21        876          0        120        285         10
  365      85        128       6740       2399        120        299         20
  366      30        117       1507          0         60        160         10
  367     170        137         53          0         60        216         10
  368     102        120       3112          0        210        291         10
  369      41         79       1984       2822         90        197         20
  370      50        123        657          0        150        296         10
  371       8         81        232         34        120        191         20
  372      47         96        920          0        210        283         10
  373      54        130       4493        879        180        286         20
  374      44         71       3765         96        150        249         20
  375     121         91        476          0        150        263         10
  376      52        152       1744          0        120        206         10
  377      97         37       1253         95         30        153         20
  378     106         81         47          0        150        218         10
  379     162        117       3616          0        210        281         10
  380     194         94       2936       6345         60        217         20
  381     115         60        742          0         90        220         10
  382      71         19         17        443          0        140         20
  383      84         85         81          0        120        253         10
  384      64         67       1506        393          0        131         20
  385     102         75       3753          0         30        136         10
  386      11         33       2028          0        120        246         10
  387     126        111       9991       3234        180        256         20
  388      30         38       1519        107         90        253         20
  389     112         74        350          0         60        182         10
  390      43        129       1640          0         60        141         10
  391     132        121        147          0        150        259         10
  392     152        110       1356          0         90        230         10
  393       5        116       2632          0         60        225         10
  394     194         97        122          0          0        214         10
  395      24        100       4040          0        150        250         10
  396     188         83      14970         30         30        210         20
  397     138         99       1838          0        150        245         10
  398     180         65       1322          0         90        232         10
  399     178        117       2568          0          0        209         10
  400     153        122        284       3327         90        200         20
