400_81

CUSTOMER  VEHICLE
NUMBER	  NUMBER     CAPACITY    DispatchingCost
    400     500          40000       100

CUSTOMER
CUST NO.  XCOORD.   YCOORD.   DDEMAND   PDEMAND   READY TIME  DUE TIME   SERVICE TIME

    0      41         23          0          0          0        960          0
    1     132         44       3422          0        210        282         10
    2      81         11       1757          0        330        456         10
    3     160         56        553        465          0        177         20
    4      53         69         82       2826         90        194         20
    5      81          6       4267          0        150        255         10
    6     104         55       4342          0        300        417         10
    7     126         73       3303        487         60        234         20
    8     106         66        294          0        180        275         10
    9      95         90        390       1647        120        235         20
   10      25         47       1602       3877        180        258         20
   11      27        110       4283       4190        390        472         20
   12     176        126       3465       1746         30        209         20
   13     144         34       2376       1927        360        436         20
   14     194         60      12139          0         60        228         10
   15       8         81        232         34        120        191         20
   16       6        114       1582          0         90        263         10
   17     185         56        943       2538        300        477         20
   18      16          6        552       5947        120        219         20
   19      39         48       2016        286        300        401         20
   20      16         10       2201         31          0        130         20
   21     162         63        310       3296        390        526         20
   22      77         63         68       4814         60        167         20
   23      90         73        264        575         30        147         20
   24      39        139        663        180        180        290         20
   25      64        119        103      14897         60        155         20
   26     110         49      13648          0          0        111         10
   27      93        152        603      14397         90        182         20
   28     130         44        237          0        120        229         10
   29      63        111       1269       2888          0        123         20
   30      29        135        888          0        210        287         10
   31      13        119        606          0        210        287         10
   32     150         27         93          0        150        227         10
   33     130         59        339       1307        180        294         20
   34     115         96       3726          0         60        145         10
   35     104         81       5116       4558        120        202         20
   36      23        118       6397          0         60        201         10
   37       8         43         94      14906         60        198         20
   38      86        102        615       2112        150        285         20
   39     123         62       1825          0        300        403         10
   40     161         95       5649          0         90        199         10
   41     140         47       5638          0        330        494         10
   42      99         37       1069          0          0        100         10
   43     116        147         93        425        300        398         20
   44     153         27       4494       1051          0        153         20
   45     109        122        320          0         30        205         10
   46      83         86         89          0         90        182         10
   47     151        109        891          0         60        201         10
   48      69         24       3371          0          0        172         10
   49      90        119       4742          0        120        256         10
   50      47         96        920          0        210        283         10
   51     155         27        325          0         60        164         10
   52      24         59       4918          0        390        502         10
   53      55         16        739          0        360        507         10
   54      35        109       2377          0        120        202         10
   55      73         89         54          0         90        258         10
   56      10         48        395       6125        120        186         20
   57     125         29      15000          0        150        295         10
   58      64         67       1506        393          0        131         20
   59      13         38         27       1613         30         98         20
   60     181         76       6564       2216          0        192         20
   61      61          1        456        424        120        278         20
   62      68         96       2516        394         60        134         20
   63      21         98       3613       6345        120        220         20
   64     130        122       9733          0        150        257         10
   65       0         90       7975       4343        360        506         20
   66      60         49       5316          0          0         81         10
   67     117         42      12636          0        120        188         10
   68      56         51         13        699        150        280         20
   69     162        146       2028          0        120        228         10
   70      20         21        920       1159        120        285         20
   71      62        154       5309          0        180        273         10
   72     104        109       1628        251        180        294         20
   73      31          4       4408         12        330        490         20
   74      76         78       3955       4377        120        287         20
   75      70         72       2362        180          0        108         20
   76     181         42        294          0         60        204         10
   77      10        116         86       1521         60        226         20
   78      56         49       1691       6109        120        260         20
   79     198         85        594          0        120        288         10
   80     132         48       6880         18        120        228         20
   81      36        146        280       3622         60        189         20
   82      37         72       6072       2024        150        287         20
   83     131         17        190          0          0        154         10
   84      97         36       9156       2225          0        165         20
   85     149         80        984          0         90        235         10
   86      78         17       2692        337        390        461         20
   87      89         36         11        504          0         79         20
   88      54          2        181         31          0        110         20
   89      36        106         73          0         60        140         10
   90      32         41        255        177        150        275         20
   91     118        100       3564          0        360        465         10
   92      30         36        468       2067        390        494         20
   93      34         98       1429          0         90        220         10
   94     141        103       2428          0          0        171         10
   95      74        119        540          0        150        227         10
   96     164         73       5735          0         60        200         10
   97      19         52        984       5904         30        129         20
   98      65         74       2221        200        180        272         20
   99      85        135        377          0        120        220         10
  100      67         96       9040          0        120        249         10
  101      89         80        448       1710        120        230         20
  102      82        131         14          0         60        223         10
  103      87         63       4966       2305        300        432         20
  104      96         81         56         17        120        204         20
  105      37         14        902          0          0         76         10
  106     142        136       8188        204         60        190         20
  107     135         29       2789       1610         30        155         20
  108      68          2        198        181          0        115         20
  109      74         20        127          0          0         75         10
  110      80          5         70          0        150        276         10
  111      81        134       1348         82         60        155         20
  112      35        150        232          0         90        206         10
  113      36         87       9982         43         30        165         20
  114      38         96       3676       2220        330        499         20
  115      92         70       5901          0        180        280         10
  116      67         87       3590          0         90        258         10
  117      93         50        710      14290          0         98         20
  118      27         46        210         59        120        204         20
  119      95         82       2682          0        120        265         10
  120      86         99         17        389         30        138         20
  121     131         51       1750          0         90        263         10
  122     181         68       1149          0         90        185         10
  123      85         76       2490       5313        120        185         20
  124     164         90        344      14656        120        186         20
  125      88         41       2209          0        120        216         10
  126      62         56         40        248        120        258         20
  127      59         85        345        668         30        108         20
  128     173         62         44       5374        180        285         20
  129     108         18      11093        260        330        468         20
  130     148        128       2169          0          0        198         10
  131      81          4      15000          0          0        139         10
  132      94        118       1771          0         60        192         10
  133     104         91       1115        109         90        161         20
  134      57         91        197       3956        390        532         20
  135      34         67      10530        127        120        294         20
  136      74         85       1708          0          0        124         10
  137     120         78       5296          0        360        458         10
  138      48         60       1005          0        390        500         10
  139     183         60       1659          0        210        281         10
  140     155         35         78          0         30        161         10
  141     141        142       8313          0          0        206         10
  142      17         18       3480          0          0        104         10
  143     152        146       1043          0         90        200         10
  144      28         45       7004          0         30        130         10
  145     100         65       3415          0          0        128         10
  146      42        127       2066      12934        120        248         20
  147      90        111       1208       9251         60        161         20
  148      45         86       3936       3369         30        202         20
  149     122        146        344        287        300        451         20
  150      86         81       2386       1256        120        232         20
  151      37        123       1210          0         30        163         10
  152      71         59       6086       1430        120        224         20
  153     135         78       1444       5113        120        224         20
  154     147         22       3684          0        300        434         10
  155     129         71       1103          0        360        501         10
  156      26         76        108       9297        300        404         20
  157      50         85       1874          0         60        198         10
  158      69         90       1998          0         30        196         10
  159      89         79        987         92         60        167         20
  160       0          8       2947         34        180        294         20
  161     137         70        260       5735          0        151         20
  162     137         30        589         90          0        140         20
  163      21         23        210          0          0        167         10
  164      41         70         30       1036        120        248         20
  165      87        139         60          0         90        167         10
  166      58         86         21       9756        150        289         20
  167     138         56        108       7691        120        185         20
  168      32         73       3613       1893        360        487         20
  169      29         11       8445          0        390        470         10
  170      95        146       1531        690         60        175         20
  171     131         32       5051        306          0        134         20
  172      47        129        723       1308        120        221         20
  173      91         12       8584          0        300        465         10
  174      99         74       3110       1521        120        197         20
  175     111         54       3504          0          0        113         10
  176      25         55       1492          0        120        282         10
  177      28         31       1807         20         30        158         20
  178      55         11        984          0        360        470         10
  179     139        104       1682          0        300        407         10
  180       8         11       6388          0        120        201         10
  181     186         74      10924          0        300        457         10
  182     131         83        299          0         60        155         10
  183      62        151         60          0        180        264         10
  184     116         94        181          0        120        203         10
  185      51         47        233          0          0        102         10
  186     196         74       1716       1860        120        211         20
  187     163         99        102          0        120        257         10
  188     114         80       1772       2472         60        224         20
  189     171         66       1122       7730         30        191         20
  190     117         56       8002        836        330        431         20
  191      11         19       6393          0        120        230         10
  192      44         48        922      14078        390        486         20
  193     101         97       3191          0         30        197         10
  194      91         73       4176        207         60        131         20
  195      68         86       1828          0        120        194         10
  196      80         46         81          0          0        102         10
  197      48         83       2181       2064        120        233         20
  198      22        146       1463       3399        120        285         20
  199     172        108         11       7575        120        286         20
  200      52         61       1464       1944          0        101         20
  201     134         55       3496          0        120        276         10
  202     177        110       2025          0        120        261         10
  203     106         55       4592          0        120        293         10
  204      30         43         37          0        120        253         10
  205     160         23        108        270        120        203         20
  206     176         70       1430        164        120        192         20
  207     152         56       2295          0        390        515         10
  208      63         90       2683          0        180        251         10
  209      80        117       1938          0        150        247         10
  210     104         70        513       4698         60        165         20
  211     140        104         98          0         90        171         10
  212      78         87         56       1532        120        278         20
  213      59        106       1712          0          0        136         10
  214      82         72       2382        526         30        199         20
  215     108        137        258          0         60        225         10
  216      47         62        621       3243        120        279         20
  217      87        140       5361          0        210        279         10
  218      78         65        960       4741         60        203         20
  219     126         66        123          0         90        222         10
  220     116         43       3860          0        120        198         10
  221       1         19        633          0        120        225         10
  222      80        113       2250       2029         60        191         20
  223     162         96         16          0         90        220         10
  224      40        112      13471          0        120        186         10
  225      16        118       3419        191        120        232         20
  226     110         92       2702          0         60        221         10
  227      67         39        178      13912        120        188         20
  228      83         79       1076          0        120        243         10
  229      46         52        105          0          0        172         10
  230     123         66       1816          0        330        410         10
  231     108         21         28          0          0        103         10
  232      68         95         50        538          0        122         20
  233     120         33       9977          0        390        496         10
  234      23         93       3399          0         60        129         10
  235      26        113        129          0         30        191         10
  236     174         67       3596          0         30        195         10
  237      31        128       3008        982          0        138         20
  238     163        118       2063       4998         60        186         20
  239     107         85         75       5377         60        132         20
  240     126         36         51        569        120        254         20
  241      30         73       2255        840        150        287         20
  242     192         62         41       2702          0        202         20
  243      79          7       4270       2827        120        280         20
  244      96         68       1630          0          0        108         10
  245     119         55       3884          0          0        135         10
  246     152        110       1356          0         90        230         10
  247      55        116      10997        108         30        131         20
  248     119         98         19          0        120        243         10
  249      78         74        999          0          0        124         10
  250      47         51       2207       5899         30        115         20
  251     107         98         82       5359         60        193         20
  252      49        131       3327          0          0        159         10
  253      52         46       4320       2221        120        249         20
  254      57          0         86          0          0         67         10
  255      79        131        170          0         30        158         10
  256     171        104        123          0         60        225         10
  257     136         72       5681        483        360        525         20
  258     132         56       3585          0        120        215         10
  259     179         48         45      11000         90        189         20
  260      97         86       4135      10865          0        154         20
  261     159        127       2388       2516         60        201         20
  262      34        149        924          0         30        163         10
  263      78         32       7967       2036          0         81         20
  264     112        136      14399        334        390        523         20
  265      61         63        183          0         30        140         10
  266      65         88        745        299        150        232         20
  267      26        126        248       2684        120        237         20
  268      32        112        584          0         30        174         10
  269      66        136       1576        686         60        191         20
  270      38        113       2703         77          0        154         20
  271      49         88       1526       1790         90        228         20
  272     170         65        288          0         60        226         10
  273      22        149       4211          0        450        521         10
  274     131         18       2262          0         30        158         10
  275      63        135       7890        890         60        226         20
  276      82         15      13910          0        120        283         10
  277     138        106       3816       2415         90        163         20
  278     115         61        170          0         60        190         10
  279      40        155        117          0          0        176         10
  280      46        116        290          0        180        280         10
  281     154         39       1879          0        300        404         10
  282     144         86       6707       6109        120        228         20
  283      53         78       5064         22          0        101         20
  284      87          8        240          0        120        260         10
  285     129         89         34          0         30        169         10
  286     147         57       1502       7667        360        522         20
  287     172        113         47          0         60        231         10
  288      45        147         86       1572         60        228         20
  289     158         24       8394        614        120        284         20
  290     160        136       1923          0        360        466         10
  291     161         87       2738          0        120        226         10
  292     168        139         35        643        120        278         20
  293      28         34      13589          0          0        135         10
  294     179        114       1724          0         30        220         10
  295      87        130         12          0         30        164         10
  296     146         88        105          0         60        223         10
  297     174         93       1500         15        150        250         20
  298      77        153       1501          0         30        174         10
  299     137         37       2291          0          0        132         10
  300      98         53       1297          0          0        172         10
  301      81         18        225         22          0         89         20
  302     160         37       2511          0         60        153         10
  303      32        100       2565          0        150        222         10
  304     142         19       5356          0        330        423         10
  305     130        148       1951          0        330        432         10
  306     160         22       1246        151        390        467         20
  307     150         49      15000          0         30        198         10
  308     198         93       5805          0        360        531         10
  309     107        138        758       4478        120        286         20
  310      38         31       2308      12692        300        399         20
  311      80         93        138       2224        120        205         20
  312      44         47        202       1940          0         74         20
  313      82         12        151          0          0         97         10
  314     164         85       1673          0         90        219         10
  315      89         84         46       1461         60        169         20
  316      42         23       1844       1205        120        218         20
  317     170        137         53          0         60        216         10
  318      85         58        441          0          0        166         10
  319     100         23        730          0          0        133         10
  320     103         96         36          0         90        165         10
  321      60         64       1366       6937        120        254         20
  322      74         63        354          0        210        277         10
  323     131        104       1308       1932         60        165         20
  324      18        126       1733          0         90        260         10
  325      12         15       1272          0         90        189         10
  326       5        116       2632          0         60        225         10
  327     176         71       2484          0        120        274         10
  328       3         94       8935         24         30        143         20
  329     173         95       4225       6623         90        201         20
  330      91         84       2130       1307        330        440         20
  331      30         38         14       9754        120        254         20
  332      23          9       1198          0          0        109         10
  333     101         85       1006          0        120        188         10
  334      17         89       1415          0         60        191         10
  335     106         84        841       1474         60        133         20
  336      96         86       4827          9        120        256         20
  337      97        113       1510       3134         60        192         20
  338     102        120       3112          0        210        291         10
  339     131         89         49          0        120        184         10
  340      42        107         23       3646         90        236         20
  341      48        138        127          0        120        233         10
  342      27         73        330         57        120        289         20
  343     111        131         82       1349        150        234         20
  344     120         85         96          0        180        297         10
  345      37         15      15000          0          0         77         10
  346       8         46        910        960          0         93         20
  347     169         49       5959          0        180        287         10
  348      60         60       2066          0        120        196         10
  349     137         49        501          0          0        157         10
  350      15        118      14294          0        210        277         10
  351     112         75         74          0        300        435         10
  352      70         55       3033       1094          0        112         20
  353     146         33        127          0         60        232         10
  354      90         47      14522          0          0        106         10
  355     130         68        149          0         30        156         10
  356     140        133       2253          0         60        196         10
  357      27         76        563       7334          0        108         20
  358     176        111       1654          0         90        220         10
  359      67         61        352          0        120        289         10
  360     120        149       3823       1756        300        392         20
  361     106         59       4453          0         90        161         10
  362      74         92         36          0        120        249         10
  363      44         51        240       1297        120        291         20
  364     188         95       2958          0        120        232         10
  365      17         36       1330         14          0         99         20
  366      92        120       2713          0        150        226         10
  367     135        121        169          0         30        182         10
  368      36         72       2498        527        300        437         20
  369      29        114      11268          0          0        149         10
  370      73         43         75       1067        120        284         20
  371     140        128       1927       1818         90        188         20
  372     108         38       1775          0         30        193         10
  373      63        150       1004       1465        120        232         20
  374      73        111        437      14563        330        453         20
  375      76         59       2958          0          0         97         10
  376     141         30        886          0         60        212         10
  377      13          8       2823          0          0        149         10
  378      86         77        357        986        180        260         20
  379      75         55       2917        363        120        281         20
  380      57         45        202        137        120        186         20
  381      74         93        290          0          0        111         10
  382     151         22       3910          0          0        168         10
  383      68         73         36          0        150        251         10
  384      81        139        847          0         90        196         10
  385     167        147        140         87         60        233         20
  386      97         37        103       2795         30        196         20
  387     123         52        138          0        210        273         10
  388      40         67       1644          0        450        523         10
  389     153        115       1744         97        120        275         20
  390      74         95       5497       2199          0        125         20
  391      76         16         16         49        120        234         20
  392     120         62        394        119          0        147         20
  393      27        127       1363       1951         60        162         20
  394      68         94       4472       1951        120        198         20
  395      83         64        104         25        120        287         20
  396     149        136       1418       5946        120        280         20
  397      39         39       1802          0         60        204         10
  398     102         75       3753          0         30        136         10
  399      55         91       4855          0        120        235         10
  400      33         64       1687       1516        120        268         20
