400_82

CUSTOMER  VEHICLE
NUMBER	  NUMBER     CAPACITY    DispatchingCost
    400     500          40000       100

CUSTOMER
CUST NO.  XCOORD.   YCOORD.   DDEMAND   PDEMAND   READY TIME  DUE TIME   SERVICE TIME

    0      41         23          0          0          0        960          0
    1     139         70       9240       2162         30        201         20
    2      59         85        345        668         30        108         20
    3      85         75        110          0          0        115         10
    4     150         81         97        351        180        289         20
    5     134        130      15000          0         90        191         10
    6     103         55       7407        148        120        197         20
    7     147         38       1937         50         90        223         20
    8      87         69        696       8189        150        256         20
    9      74        119        540          0        150        227         10
   10      81         81        604          0          0        135         10
   11     151        109       2331        785        120        188         20
   12     101         20        428       1271        120        184         20
   13     108         21       1251       1015          0        118         20
   14      79          7       2256          0        120        196         10
   15     111         25        700       1224          0        120         20
   16     171         80      14914         86        120        198         20
   17     106        143       1942          0         60        181         10
   18      96         68       2354          0          0        127         10
   19      82         12        151          0          0         97         10
   20     185        103       2776          0         60        231         10
   21     191         97         40        691        180        290         20
   22      47        129        171          0         60        154         10
   23       6         12         30        210          0         73         20
   24      81        139        847          0         90        196         10
   25     120        129       2763          0        180        256         10
   26     108         35         26          0        120        288         10
   27     135         37        820          0        120        284         10
   28     162         96         16          0         90        220         10
   29      29        108        466         91         30        135         20
   30      26        142       2377       1745        180        252         20
   31     101         97         17         91          0        133         20
   32      70        125      13341       1659         30        196         20
   33     114         77       2484          0        180        260         10
   34      90        124        108        137        210        285         20
   35     115         61        170          0         60        190         10
   36     140        104        856        542        150        230         20
   37     122        109       1098       3238        180        286         20
   38      76         56         43       5681         30        174         20
   39      82         56       2214          0          0         86         10
   40     169         35       1862        106          0        162         20
   41     118         94        325       1706         60        162         20
   42     112        138      14049        878         90        173         20
   43      98         63       5465        451        330        494         20
   44     139        144        960          0         90        210         10
   45     142        124       3269          0        120        281         10
   46      86         80        437        941         90        230         20
   47      96         87       1842        147        450        527         20
   48     151         77         87          0          0        160         10
   49     122         65       7557         88        300        411         20
   50     119         33       1577       2214        120        277         20
   51      84         75         36       4537        360        525         20
   52      60        118       7904       5162         60        141         20
   53      34        127       5945          0        120        254         10
   54      78         74        443          0         60        140         10
   55      16         81       2208          0         30        190         10
   56     108        137        258          0         60        225         10
   57     143         87       1059          0        120        296         10
   58     125         51       2157          0        120        281         10
   59      86        140       4314          0        300        416         10
   60     100         19       9275       4376        420        523         20
   61     142         19       5356          0        330        423         10
   62     122         30       1750         48        120        247         20
   63      96         86        212        673        120        288         20
   64     102         78       8295          0        120        222         10
   65      28         72       6093        365        120        196         20
   66     150         20        176        388         90        174         20
   67     158         73        166          0          0        174         10
   68     128         56       2475          0         90        243         10
   69      96         82         90       3809         90        189         20
   70     186         73         74          0         60        190         10
   71     146        132       4255          0         60        217         10
   72     116         65       2686         62          0        140         20
   73     158         24       5374          0          0        166         10
   74      38        141        250       1250         60        199         20
   75      92        120        250          0         30        162         10
   76      25         52       2409          0        120        276         10
   77      11         17        198       1008         30        133         20
   78      30         54       1318          0          0        134         10
   79      44         47      13065          0        150        280         10
   80      63         90       7354       1614        120        204         20
   81      25         47      14315          0          0        133         10
   82     132        121       1538       2076         90        185         20
   83     122        139        424         47         90        186         20
   84      45        116       4319        893          0        140         20
   85     154         31        879        338        120        246         20
   86     125         29      15000          0        150        295         10
   87      48          5        806       2334          0        142         20
   88      21          7       7043        123          0        161         20
   89      79        119        274          0        210        284         10
   90       8         46       1713          0        180        266         10
   91     153         75       5845         36          0        170         20
   92     132         69        268        345         30        186         20
   93      78         43       1788          0        420        504         10
   94      37         15      15000          0          0         77         10
   95     132        151         46          0         30        204         10
   96     130         46       1352       1010        180        275         20
   97      15         37       1254       5746        120        257         20
   98      53         17       4330          0          0         77         10
   99      52         46       4320       2221        120        249         20
  100     121         71       2620       5274          0        126         20
  101     169        146       7197          0        360        435         10
  102     115         64       2545          0        150        292         10
  103      76         31        364          0        330        409         10
  104     137        143        188          0         60        189         10
  105      77         42       7692       2905        360        445         20
  106      58         21       1892          0          0        135         10
  107     114         56       8362          0         30        201         10
  108      39         33        673        169        420        497         20
  109      93         84       3602          0        120        227         10
  110      82         99        454       5804        180        275         20
  111      98         99       3156          0          0        148         10
  112     121        143       4376          0        330        471         10
  113     109         65      15000          0          0        118         10
  114     131         83        315       1751         90        220         20
  115     168        140        643          0        360        454         10
  116     179         72       1473        197         90        224         20
  117      59        134       2995          0        300        470         10
  118      86         56       1879          0         90        194         10
  119      22        129       1601       1207        120        250         20
  120     134        122       1104          0        150        279         10
  121     130        148       1951          0        330        432         10
  122      15         52       4024        235          0        169         20
  123     166         88      10500          0          0        197         10
  124      53         69        817         90          0        143         20
  125     133        100       3751       1524        390        527         20
  126     120        109         22       1769         60        170         20
  127      83         85       4875          0         30        133         10
  128     153         27        132       1985        120        191         20
  129      30         42        540          0          0         80         10
  130      29        110       1016         30         60        157         20
  131      39        107        542       9983          0        161         20
  132     149        136       1418       5946        120        280         20
  133     122         40         14          0        150        289         10
  134      27        100       2133       1839        390        531         20
  135      56         49         44          0          0         94         10
  136      18        126       1733          0         90        260         10
  137      56         64        170       5400         60        195         20
  138     173         97        683          0        180        293         10
  139     103        128       4840       1094        120        294         20
  140     102         27         33       2085          0         98         20
  141     113         71       2990          0        180        265         10
  142     100         84        150          0        180        254         10
  143     106        103         17          0         60        194         10
  144      52          0        487          0        120        228         10
  145     151         22       3910          0          0        168         10
  146      13         87       2832          0          0        124         10
  147      82         90       1382      13618         60        201         20
  148     132        144       2415       2478        120        266         20
  149     137         49       5760          0        450        529         10
  150      77         44       4579       3422        120        285         20
  151     140         38        393       2089          0        150         20
  152      62         56         21          0          0        155         10
  153      73        157       5588        126         90        171         20
  154      88         72        795        661         60        187         20
  155     174         67       3596          0         30        195         10
  156      10        116       1261          0          0        149         10
  157     126         73       3303        487         60        234         20
  158      43        136      12933          0        390        500         10
  159      87         63       4966       2305        300        432         20
  160     179         67         70       3422        180        263         20
  161      57          0       4103        156        120        247         20
  162     130         44         30          0         60        234         10
  163      57        117       7204          0         60        140         10
  164     193         91       2004          0          0        211         10
  165      10         51        613        348        120        259         20
  166      95         24         60       2219          0        153         20
  167      56        103        152       9040          0        124         20
  168      20        116        977        107        150        222         20
  169      57         45       1460          0        330        503         10
  170     164         85       1673          0         90        219         10
  171      73         96       1678       2545        180        255         20
  172     131         32       5051        306          0        134         20
  173     106         55       4592          0        120        293         10
  174      91         72        141          0        120        291         10
  175      36        106       1722       6296        360        463         20
  176     149         34       3794          0        360        424         10
  177      32         43        822       2524        120        255         20
  178      57         29       1752          0        120        228         10
  179     109         98       2338       2432        120        246         20
  180      49         88       1526       1790         90        228         20
  181       7         97         54         17          0        171         20
  182       0          8       5321        105        120        223         20
  183     181         68       1149          0         90        185         10
  184      87        113       6124          0        120        229         10
  185      85         76        465          0        150        278         10
  186     187         93      13543       1457        300        436         20
  187      93         94        631       7181         60        138         20
  188     179         61       3315         98        180        262         20
  189     115         90       8548         88        150        286         20
  190      76        127      10466       2582        120        187         20
  191      20        145        101          0          0        177         10
  192      25        155       3138          0        120        252         10
  193     158         30         30          0        330        494         10
  194      79        130       3610          0         90        248         10
  195      29         81       1158          0         30        160         10
  196     133        102         73          0        120        285         10
  197     164         45        514          0         30        193         10
  198     152        146       1043          0         90        200         10
  199      45         78        146          0         90        165         10
  200      65         32        147         49        120        201         20
  201     121         81       1570          0         90        223         10
  202      34         98        474         23         60        133         20
  203     105         79         25       2090        150        290         20
  204      76         78       1637       4697         30        108         20
  205       8         81        232         34        120        191         20
  206     100         14       1850          0        120        263         10
  207     160         92        750       2077         60        218         20
  208      65        100       1999       2382         60        161         20
  209     145        124        149          0          0        191         10
  210      76         94        866          0         30        131         10
  211     122         66       7045        313         90        224         20
  212      91         73        314          0        420        530         10
  213      40         86       2078       5659        120        295         20
  214     104        109       3716          0         60        233         10
  215      84         56        147       1751          0        135         20
  216     140        128       1927       1818         90        188         20
  217       7         21        633          0          0        121         10
  218     131         44        310          0        120        188         10
  219      48         47       2496       5873        210        279         20
  220     160         23        108        270        120        203         20
  221     111         67      14177        823        120        256         20
  222      33         70        712       2199         30        183         20
  223     118        100        337          0         60        214         10
  224     160        108         90        124         30        191         20
  225     184         71       5419       1364         60        201         20
  226      71         19       3406        567          0         66         20
  227      35         26         19          0        120        224         10
  228     120         33       9977          0        390        496         10
  229     151         92        543       7575          0        168         20
  230      23        110        406          0        300        412         10
  231      37         72       6072       2024        150        287         20
  232     108        105       3878          0        210        279         10
  233      99        144       1870        142         60        171         20
  234      60         49       5316          0          0         81         10
  235     177         48        264          0        120        283         10
  236      20         39         60        108          0        106         20
  237      45         49        112          0        120        275         10
  238     150         49         57       2075          0        162         20
  239     131        123        786       5873         30        190         20
  240      31          7       1702         87        120        292         20
  241     112         36         58          0          0        143         10
  242      45        126      13180          0         90        167         10
  243      40        155        117          0          0        176         10
  244     130         59       1572        688        120        212         20
  245      95         38        433          0          0        100         10
  246     176         59        200       2283        150        254         20
  247      62         45       3063          0        120        200         10
  248      27         24         52          0          0        138         10
  249      73         43       1570          0        120        199         10
  250     132         27        922          0          0        140         10
  251      72         39         16          0        120        231         10
  252     107        138        758       4478        120        286         20
  253      75        156        695       5746         60        199         20
  254      87         93         35          0          0        128         10
  255     198         67       1886          0         30        195         10
  256     121        147       1605          0        150        260         10
  257      66         58       1700      13300        120        288         20
  258     121         91        476          0        150        263         10
  259     185         44         40          0         60        220         10
  260     178         62       2706          0         30        195         10
  261      69         90       3243          0        390        495         10
  262      64        119        381        180          0        148         20
  263      94         62       3090          0        150        231         10
  264      74         66       2215          0        120        250         10
  265      79         16        548          0        120        259         10
  266      29         24       6196       8804          0         66         20
  267      66         71        920          0        210        274         10
  268     181         76        134        217        120        247         20
  269      53         57        538         68          0         75         20
  270      34         63       2827          0        300        400         10
  271      42         14       1514          0          0        159         10
  272     175        124         14        181        120        215         20
  273      31         76       1982          0          0        164         10
  274     180         95         29          0        300        423         10
  275      44         48        922      14078        390        486         20
  276      72         86       1687       1497        180        254         20
  277      76         59       2958          0          0         97         10
  278      89         57        156         83         60        141         20
  279      21         23       4100       1571          0        108         20
  280      30         43       2209          0        120        293         10
  281      96        112        291          0         60        234         10
  282      86         76        670          0          0        120         10
  283     181         42       4565       2636          0        180         20
  284      53         21       1800          0          0        105         10
  285      54          2        181         31          0        110         20
  286     160         74       8312          0         60        171         10
  287     111         85       3239         34        120        268         20
  288      57        153       7500        437        120        231         20
  289      24        148        579       9316        180        268         20
  290     186        107       1747          0          0        221         10
  291     178        117       2568          0          0        209         10
  292     120        117       6626       6368        420        525         20
  293     104         68         23       1460        120        292         20
  294     100         29       3137        668          0        114         20
  295      88         41       1275          0        120        221         10
  296     174         93       1500         15        150        250         20
  297      88         61        363          0        330        474         10
  298      31         13       1210       3648        180        277         20
  299      56        114        226       2021         60        151         20
  300     180         58        107          0         90        264         10
  301     139         18         43       2453        120        190         20
  302     164        107       3396       1706        120        187         20
  303      53         37       5955       2429        120        290         20
  304     121        129       1783          0        420        536         10
  305     175         51       9905        298        300        435         20
  306     106         85        844          0         60        169         10
  307      57         94       5245        902         30        136         20
  308      64         12       1443          0          0        143         10
  309      19          8       4343          0          0         69         10
  310      35        150        232          0         90        206         10
  311      68         94       4472       1951        120        198         20
  312     183         60         96          0         60        181         10
  313     153        122      15000          0        210        288         10
  314     110        135       7052       7572        300        400         20
  315      42        125       1366          0        390        531         10
  316      46        128       1153       1000        360        522         20
  317      49        131       1598          0        120        186         10
  318      29         31       1680          0        120        284         10
  319      95        146       1531        690         60        175         20
  320     159         75       5376       3804          0        175         20
  321      85         83       6623          0          0        111         10
  322      53         61       7335        178          0         76         20
  323      62         76       9568          0        300        429         10
  324       7          4       1847        908        120        253         20
  325      74         85       1708          0          0        124         10
  326      53         70        502          0         60        153         10
  327      57         70       3068          0        120        217         10
  328      38         31       1285       1542        120        279         20
  329      52         61         60          0          0        111         10
  330      17         18         15        664          0        102         20
  331     141         58       4199       2130        360        473         20
  332      91         65        268          0         90        204         10
  333      56         19       4992       2542          0        140         20
  334     110         69       7646         29        300        400         20
  335     106         81       1600          0          0        129         10
  336     168        109       3646          0         60        190         10
  337      57        145         64          0         60        221         10
  338     172         43        183          0         90        186         10
  339      46         52        105          0          0        172         10
  340      93        152       6160          0         30        195         10
  341     112         37       4280          0          0        140         10
  342       0         90       7975       4343        360        506         20
  343     139        107       4140        182         60        172         20
  344     144         86       6707       6109        120        228         20
  345     144        128        172        300        300        396         20
  346     115         60        742          0         90        220         10
  347     106         10       1623          0         30        165         10
  348     162        118       1709          0          0        199         10
  349      94        103       1518        686        120        260         20
  350      85         46      13520          0          0        164         10
  351      14         34        456          0        120        280         10
  352     139         33      12128       2872        120        282         20
  353      62         17        162       2237        300        435         20
  354     104         70        279       2024        120        183         20
  355      47         51       1248          0        120        202         10
  356      34         74       1589          0        150        274         10
  357      28         14        537          0        120        194         10
  358     170         36       1810         20         60        184         20
  359     105         81       1985        894        180        249         20
  360     101        117        637       2111         60        233         20
  361     129         89         81         14         30        162         20
  362      51        134         14          0        120        275         10
  363     116         83        550       1777         30        197         20
  364     106         84        841       1474         60        133         20
  365      38         24       4771       7888          0        169         20
  366      64         71        840       3155        300        416         20
  367      38         68       7844        348          0        107         20
  368      25        117      14638        287          0        134         20
  369      67         87       3590          0         90        258         10
  370     120        124       1602          0         90        183         10
  371      40        112      13471          0        120        186         10
  372      38         96       3676       2220        330        499         20
  373     110         21       2830          0          0        110         10
  374      53         44       5047       1204         60        144         20
  375     119         55       3884          0          0        135         10
  376     127        122       7628          0        120        278         10
  377       7         28       1609          0        180        298         10
  378      52         62       8107       3808          0         77         20
  379     178        101        248          0         60        190         10
  380      69         21       2988         37        120        196         20
  381      27        110       4283       4190        390        472         20
  382     115         83       7608          0         60        160         10
  383     126        132       1472        222         60        196         20
  384     100         53      13506          0        120        254         10
  385      39         48       1791       1043          0        125         20
  386     172         77        358          0         60        193         10
  387     106         68       3813          0        360        514         10
  388      44         51        349          0          0         72         10
  389     130         90        233          0         60        204         10
  390       5        116       2632          0         60        225         10
  391     163         65       2020          0          0        177         10
  392      16         35         87      10255         30        115         20
  393     150         46      10588          0         60        199         10
  394     174         54       1034          0        180        264         10
  395       7        116         82       2516        150        227         20
  396      82         92        564          0         60        228         10
  397     134         73       1174       5745         30        143         20
  398     196         74       1716       1860        120        211         20
  399       6         26        103        338         30        167         20
  400      79        122       3671          0        180        260         10
