400_84

CUSTOMER  VEHICLE
NUMBER	  NUMBER     CAPACITY    DispatchingCost
    400     500          40000       100

CUSTOMER
CUST NO.  XCOORD.   YCOORD.   DDEMAND   PDEMAND   READY TIME  DUE TIME   SERVICE TIME

    0      41         23          0          0          0        960          0
    1     172         43        620        280         30        178         20
    2      98        122       2566          0        120        290         10
    3     141         30        886          0         60        212         10
    4      48         54       2908          0          0         67         10
    5     149         34       1568       3152         90        254         20
    6      40        112       1854          0        390        460         10
    7     147        113       1183        841        300        440         20
    8     145        124       2437          0        150        252         10
    9     150         53       3160       1628        120        251         20
   10     166         88       5588          0         30        195         10
   11     192         88         85          0        180        287         10
   12      15         37         90       6257        180        253         20
   13      80         93       2005         32        120        197         20
   14      34        124         90         22         30        146         20
   15     148         30       1881       2382         90        218         20
   16      99         45        936      14064        120        198         20
   17     163         22        272        788        120        243         20
   18      80         48        156          0          0        141         10
   19     144         54       1767       3023          0        147         20
   20      55         91       4855          0        120        235         10
   21      57         45        202        137        120        186         20
   22      63        135       7890        890         60        226         20
   23     123         67       3124       2437         60        203         20
   24      43         16       3023        129        120        231         20
   25     149        141         90          0         60        199         10
   26      73         43       1570          0        120        199         10
   27      34        136       6807        100          0        156         20
   28     142        124       3269          0        120        281         10
   29      39        107       3078       1042          0        129         20
   30      79         16        548          0        120        259         10
   31     115         31      12292         35        120        289         20
   32      83         86         89          0         90        182         10
   33      23        102        617       2432        390        464         20
   34      99         64       1879          0         90        176         10
   35     164         90        344      14656        120        186         20
   36      69         22       7888       3483          0         63         20
   37     182         66       2961        686         60        182         20
   38      67         39        178      13912        120        188         20
   39     160        108        591       3008        180        248         20
   40     163         99        102          0        120        257         10
   41      99         57        924          0        450        525         10
   42      53         38       1377        666        450        529         20
   43       6         26        103        338         30        167         20
   44      10        117       1817          0          0        149         10
   45     155        145        396          0         30        204         10
   46     146        129       4764       1829         90        203         20
   47     115        114       1889          0        120        206         10
   48     101        117       3956          0        330        441         10
   49      87          8        237          0          0         92         10
   50     100         14       1850          0        120        263         10
   51     169        111       1118       3641        120        248         20
   52     104         55       4342          0        300        417         10
   53      36        106         73          0         60        140         10
   54      81         11       1613          0        120        234         10
   55      90         87       2773       3791        390        530         20
   56      50         85       1874          0         60        198         10
   57      85         83        263          0          0        127         10
   58     174         99       2160        447          0        203         20
   59      90         74       1490          0          0        111         10
   60      60         64       1366       6937        120        254         20
   61      99         37        108       1210        120        283         20
   62      57         94       1994          0        390        490         10
   63     174         54       1034          0        180        264         10
   64     194         60       6296        390         60        206         20
   65     160         37         33       2088        120        246         20
   66      88         67        619          0         90        216         10
   67     166         28      11551        984         30        194         20
   68      46         46         22      11398        120        216         20
   69      96         68       2354          0          0        127         10
   70     107         85         75       5377         60        132         20
   71     142         28       3591          0        420        531         10
   72      46         52        105          0          0        172         10
   73     117         97       9680          0        360        462         10
   74      32         73       3613       1893        360        487         20
   75     120         78       5296          0        360        458         10
   76     120        149       3823       1756        300        392         20
   77     150        140       3400       2503        120        215         20
   78     121        120        603      14397         90        164         20
   79     150         46      10588          0         60        199         10
   80     139         91       1580        714        150        260         20
   81      78         65        960       4741         60        203         20
   82      26        126       3808       1708        180        277         20
   83     142         91       6861          0         90        256         10
   84     103         96         20       1989        150        281         20
   85      21         24       1893        322          0         66         20
   86     100         78        250       3370        120        280         20
   87     177        110       2025          0        120        261         10
   88      52        130       1940       1003         60        164         20
   89     121        142       1557      13443        120        242         20
   90     152        110       1356          0         90        230         10
   91     150         81         97        351        180        289         20
   92     152        146       1043          0         90        200         10
   93     131        123        786       5873         30        190         20
   94      29        130        127          0        120        295         10
   95      13         38         27       1613         30         98         20
   96     186        106         84          0        120        211         10
   97      21         12        104          0          0        146         10
   98      15          3        401         98        120        222         20
   99      69         21         28          0        150        280         10
  100     164        107         48          0        180        280         10
  101     169         35       1862        106          0        162         20
  102      33        113       1782         96        210        285         20
  103      88        127       1988        553         60        149         20
  104      28         34         85          0          0        132         10
  105      35         23      11040        503        120        281         20
  106     160        131         29          0        180        290         10
  107     115         64         92          0        150        252         10
  108     142        126       1391       1528         60        227         20
  109      98         69       2480        219         60        174         20
  110     148         33       4248          0        450        511         10
  111     156         67       9316       1976         60        164         20
  112     132         48        526         24          0        134         20
  113     185         59       3400       5639        120        206         20
  114      41         73       1594          0          0         97         10
  115      83         25        442       3136         30        159         20
  116      40         29        124          0          0        175         10
  117     107         77       3438       2076        150        220         20
  118      28         74        178          0         30        198         10
  119      70         72       2362        180          0        108         20
  120     167         47       2447       1752        330        440         20
  121      96         81         56         17        120        204         20
  122      85         75       4920        383        120        220         20
  123     101         20         13          0          0        101         10
  124     129         89         34          0         30        169         10
  125      68          2        198        181          0        115         20
  126      53         69         82       2826         90        194         20
  127     117        146        498          0        180        249         10
  128     133        100       2576          0        390        459         10
  129      99        113        202          0          0        153         10
  130      73        111        437      14563        330        453         20
  131      74        120       4007          0        420        502         10
  132     131         44       2513        428        150        226         20
  133     123         52        720          0        180        240         10
  134     109         94       1512       2434         60        186         20
  135      72         92       2616        234          0        161         20
  136      31         13       1210       3648        180        277         20
  137      76         78       1637       4697         30        108         20
  138     164         76       6937       8000         30        189         20
  139     139         33      12751          0        330        491         10
  140     160         74       8312          0         60        171         10
  141       7         97         54         17          0        171         20
  142      76         56         43       5681         30        174         20
  143       3         94       8935         24         30        143         20
  144     129         72       2012       1440         90        174         20
  145      18         22       2684          0          0        102         10
  146      85         61       8938          0        330        460         10
  147     192         92       5136          0        120        296         10
  148     179        114       2024        197         60        211         20
  149      65        148       4849          0        300        405         10
  150      30        155       1745       2364        120        269         20
  151      73         55         20      11550        120        292         20
  152     114         80        646          0        150        224         10
  153      47        137         33          0        120        298         10
  154     197         70         83          0         60        208         10
  155      85         58        441          0          0        166         10
  156      41         79       1984       2822         90        197         20
  157     160         56        553        465          0        177         20
  158      81        134       1348         82         60        155         20
  159      81         66       5003       7500        120        230         20
  160     116         65       2686         62          0        140         20
  161      56         49         44          0          0         94         10
  162      54        130       4493        879        180        286         20
  163      74         92         36          0        120        249         10
  164     192         65       1092          0        120        237         10
  165      82         72       2382        526         30        199         20
  166      69         51       7005       1959        120        239         20
  167      24         59       4918          0        390        502         10
  168     134        122        950          0        120        295         10
  169      70        125       1563        238         90        172         20
  170      62         76       3624        766        150        236         20
  171      42        127       6038       8962        360        528         20
  172      72         39        586         23          0        140         20
  173     112         75         24       2024          0        129         20
  174     135        121       2524      12476        210        294         20
  175     160         66        364        237        300        393         20
  176      40         30       1495          0          0        124         10
  177     109         98        382       5735         30        141         20
  178     150         67        227          0          0        155         10
  179     115         81       2084          0          0        142         10
  180     148        116        105          0        120        216         10
  181     154        105       2750         12        180        285         20
  182     172         39        150       2010         60        168         20
  183      68         94       4472       1951        120        198         20
  184      52         10       3033          0        300        425         10
  185     118        100        337          0         60        214         10
  186     122         77        442        345        120        188         20
  187      70         55        181          0          0        147         10
  188     126         73       3303        487         60        234         20
  189      34         79       2759          0         90        263         10
  190      99         58       3995        140        300        401         20
  191      65         88        745        299        150        232         20
  192      56         64        170       5400         60        195         20
  193      37         72       6072       2024        150        287         20
  194     111         65       1020       1968         90        265         20
  195     168         49       2697       2025          0        168         20
  196     106         81       1600          0          0        129         10
  197      60        122        249       3793         60        219         20
  198     185         98       3330       1980         60        203         20
  199     184         71       5419       1364         60        201         20
  200      69         24       3371          0          0        172         10
  201     170         82       4985          0        120        219         10
  202      11         33       4619          0         30        108         10
  203     140        104        856        542        150        230         20
  204       1         25         21       2013         30        188         20
  205      63         62        200          0        300        405         10
  206     121         81         92          0         60        173         10
  207     160         23        108        270        120        203         20
  208     117         56       7730       2583          0        135         20
  209     173         85       4842        248         60        183         20
  210      53        153         46          0         90        175         10
  211      89         84         46       1461         60        169         20
  212      86         77        357        986        180        260         20
  213     134        130       2799       3850        120        274         20
  214      77         44       4410          0          0        128         10
  215      34        147       1520       1641         60        171         20
  216     158         71       3592        231          0        160         20
  217     117         63      11844          0        150        284         10
  218      26         73       6403         37        300        478         20
  219      97        112       2654       1890        120        225         20
  220     122        109         11          0         30        166         10
  221     130         46       1352       1010        180        275         20
  222     111         85       3239         34        120        268         20
  223      66         63        418          0        150        221         10
  224     178        101         14          0        180        250         10
  225      73        157       5588        126         90        171         20
  226      12         30       6037       8963          0        103         20
  227     181         76       6564       2216          0        192         20
  228      42        107         23       3646         90        236         20
  229     121        143       4376          0        330        471         10
  230      34        142        432        389          0        171         20
  231     193         92       2155       4270          0        207         20
  232     120        124       6209          0         60        223         10
  233      57         91        197       3956        390        532         20
  234     121        129       1491          0         90        263         10
  235     153        148       3786          0         60        219         10
  236     130         68        149          0         30        156         10
  237     121         45        684          0          0        118         10
  238      27         22       1614       1875        330        400         20
  239       5        116       2632          0         60        225         10
  240      55        102       1082          0         30        173         10
  241      65        100       1629       8279        120        220         20
  242     127         93       3266          0         30        163         10
  243     175        124         14        181        120        215         20
  244      92         35       2586       1748        120        229         20
  245     101         85        431       3769        420        521         20
  246      54        104        194      14806        120        186         20
  247      72          3       5874       5907        120        259         20
  248      32         83       1242       5845        120        219         20
  249     163         65       2020          0          0        177         10
  250     173         97        683          0        180        293         10
  251     130        148       1951          0        330        432         10
  252     163        111       2219       7051        210        277         20
  253      97        113      10426         61         30        166         20
  254      22         15       1910          0        120        219         10
  255      57         26         62         59        120        216         20
  256       0          8       5321        105        120        223         20
  257       1         19        633          0        120        225         10
  258     179         48         45      11000         90        189         20
  259     150         27         93          0        150        227         10
  260      30         54       1318          0          0        134         10
  261      34        127       5945          0        120        254         10
  262      83        141       1653          0        150        252         10
  263     120         62        394        119          0        147         20
  264     142         35       6869          0        150        294         10
  265     148        128       2169          0          0        198         10
  266      87        140       2695       3645        150        220         20
  267     164         45        514          0         30        193         10
  268      75         55         74          0        120        232         10
  269      30         36        468       2067        390        494         20
  270      36         20       2287        292        120        282         20
  271     149         94        165        502        180        259         20
  272     146         40       1068       5200        120        237         20
  273      31         40       6651       4849        150        222         20
  274      39          4       6177        873        330        456         20
  275     181         42        294          0         60        204         10
  276      20        145        101          0          0        177         10
  277     160         78        270          0        120        188         10
  278      26        142       2365         31         30        168         20
  279     157         96        237          0         60        181         10
  280      62         45       3063          0        120        200         10
  281      59         85        631       4636        360        488         20
  282     132        151         46          0         30        204         10
  283     168         96       2000        101          0        192         20
  284     148        126       1520          0         60        194         10
  285      59         14       2558         67        120        248         20
  286     100         53      13506          0        120        254         10
  287     111        131         82       1349        150        234         20
  288     139         25       1956          0          0        176         10
  289     163        140       3726          0        120        251         10
  290      50         93        396          0        150        258         10
  291      67         94        266          0         30        128         10
  292      13          8       2823          0          0        149         10
  293     106         66         82       1254         30        183         20
  294     164         70       2361       1816        300        428         20
  295     103         95       5044       8107          0        150         20
  296      65         82       2552          0         90        170         10
  297     131        104       1858          0        150        263         10
  298     174        119       1642          0        120        243         10
  299       8         11       6388          0        120        201         10
  300     112        112       8742          0        420        526         10
  301      48         83       1995      13005          0         99         20
  302     173         95       3140       2399          0        199         20
  303      92         52       2272         40        120        236         20
  304     140         38        393       2089          0        150         20
  305     197         58       2012          0          0        192         10
  306     116         94        181          0        120        203         10
  307      22        129       4578          0        210        292         10
  308     122         30       1332        207         30        154         20
  309      96        118        111          0         30        172         10
  310     115         61         14          0         60        166         10
  311      74         66       2529          0          0         94         10
  312      31        101       5872          0        120        217         10
  313     126         89       1026         57         60        218         20
  314      23        110        406          0        300        412         10
  315      88         41       1275          0        120        221         10
  316     111         87         10       1976        180        263         20
  317      68         73       1260          0        150        261         10
  318      80         64        414          0          0         99         10
  319      28        122        563          0          0        135         10
  320      42        125       1366          0        390        531         10
  321     101         97         17         91          0        133         20
  322      84         56        142       7646        210        292         20
  323      21         23       4100       1571          0        108         20
  324      56        102        780         34        420        502         20
  325      57         37         14          0        150        219         10
  326     129         75        220          0        330        427         10
  327      66         71        920          0        210        274         10
  328     128        111       2939          0          0        162         10
  329     151         77         87          0          0        160         10
  330     152         91       3809       2159          0        175         20
  331     162        118       2536          0        120        284         10
  332     119         55        124       5274          0        136         20
  333     179         61        227      14773         30        185         20
  334     100        101        290          0         90        253         10
  335      85         52       4061          0        120        216         10
  336     105         41       4551       1073          0        169         20
  337      60         49       5316          0          0         81         10
  338      26        121       3377          0          0        143         10
  339       1         17         29       1669         60        230         20
  340     148         92      15000          0        120        186         10
  341       2         17        257          0        120        250         10
  342     191        100       3104          0        150        215         10
  343     102         27       6474       2134          0         95         20
  344     137        143       3153       5087        180        292         20
  345     102        114         11          0        330        432         10
  346      12         15       1272          0         90        189         10
  347       0         21        474         54          0        167         20
  348     135         51         64       4551          0        135         20
  349     170         65      14449          0         30        177         10
  350     121         66       2147          0          0        167         10
  351     140         94        300          0          0        162         10
  352      61         31         55       1184        120        253         20
  353     144         18       1092      13908         60        147         20
  354     160        127        157          0        300        440         10
  355     119         15       2659          0        420        480         10
  356     155         27        325          0         60        164         10
  357     146         33        127          0         60        232         10
  358      53         70        502          0         60        153         10
  359     122         83       2054          0        180        253         10
  360      13         87       2832          0          0        124         10
  361      21          7       1038          0         90        189         10
  362      52          0         76          0          0         73         10
  363     150         76         49          0         30        195         10
  364      54        117       2175      12825        150        292         20
  365      99         80       8000          0          0        164         10
  366     120        116        786          0         90        184         10
  367     181         68       1149          0         90        185         10
  368      82          9        483          0        120        247         10
  369     107         63       3716       4355         30        185         20
  370      96         86       4827          9        120        256         20
  371      51        114       1974       1723        300        401         20
  372     132         43         85       1833         60        194         20
  373      93         94        631       7181         60        138         20
  374      47         51       2207       5899         30        115         20
  375     142        136       2434        856        180        240         20
  376      85         74       7744         73         90        252         20
  377      11         19       6393          0        120        230         10
  378     180         65       1322          0         90        232         10
  379     131         83        299          0         60        155         10
  380     112         47       4377          0        120        200         10
  381     140        125       4694       8547        300        431         20
  382     113         71       5854       3098        300        427         20
  383      55         11        984          0        360        470         10
  384     106         10       2243       2026        360        496         20
  385      60        134         15          0        120        190         10
  386     124         79         74          0        120        250         10
  387      91         70        763          0        120        218         10
  388     132        121        147          0        150        259         10
  389      29        101       2168         29         30        159         20
  390      55         16        739          0        360        507         10
  391      88         71         70       1644        420        487         20
  392     103         67       5652       1649          0        125         20
  393      30        117       1507          0         60        160         10
  394      27        127       1363       1951         60        162         20
  395      89         80       6860          0         30        142         10
  396      44         51        349          0          0         72         10
  397     123         66       3302          0         60        224         10
  398     183         89         24          0        180        297         10
  399     177         47       2378        271        450        516         20
  400      16          6       2550          0          0         86         10
