400_93

CUSTOMER  VEHICLE
NUMBER	  NUMBER     CAPACITY    DispatchingCost
    400     500          40000       100

CUSTOMER
CUST NO.  XCOORD.   YCOORD.   DDEMAND   PDEMAND   READY TIME  DUE TIME   SERVICE TIME

    0      41         23          0          0          0        960          0
    1     147         38       1937         50         90        223         20
    2     158         73       3051          0        360        466         10
    3     166         83         90       2569          0        183         20
    4     111         35       3046        350        300        441         20
    5      27         46       1424          0          0         86         10
    6     121         45       2293       7629         90        167         20
    7     101         85        237       1403        120        254         20
    8      42         14       1514          0          0        159         10
    9       6         49       4040          0        120        231         10
   10     148         32      10754       1881         30        164         20
   11     125         79       1293       1492        300        410         20
   12      82         85       2110          0         90        197         10
   13      80         11      15000          0          0         73         10
   14     113        121        221         44        180        251         20
   15     186         83       3419       8738         60        216         20
   16     101         77        314          0        300        398         10
   17     102         27       6474       2134          0         95         20
   18     140         38        155        448         90        262         20
   19      77         55        280       1511          0        110         20
   20      89         57        445          0        120        277         10
   21     149         34       1568       3152         90        254         20
   22     138        106       3816       2415         90        163         20
   23      29         68         18          0         90        218         10
   24     153        122      15000          0        210        288         10
   25      63         20         81          0         30        101         10
   26      29        135        888          0        210        287         10
   27      74        121        458          0         60        167         10
   28      59         14       5199       2975        120        282         20
   29     133        123      11040         38        120        225         20
   30     143         31         67          0        210        278         10
   31     163        118       2063       4998         60        186         20
   32      74        119        540          0        150        227         10
   33     138         56        108       7691        120        185         20
   34      82          7        160       5421        360        526         20
   35      54        104        126        152        120        258         20
   36      45         79       2851          0        120        212         10
   37      95         84       3079          0         90        213         10
   38     106         96       8663        587         30        141         20
   39     171         66        210       5151         30        180         20
   40      79         16         83          0          0         80         10
   41     119         55       3884          0          0        135         10
   42     117         42      12636          0        120        188         10
   43      18         22        690        281        150        232         20
   44      75        130        340          0         90        163         10
   45      86         56       1879          0         90        194         10
   46     130         90       3094          0          0        154         10
   47     132         44        200         62        120        196         20
   48     123         53        829       9903        180        246         20
   49      86         76        670          0          0        120         10
   50     162        118       1709          0          0        199         10
   51      46         46        105          0        150        275         10
   52      35         23        852        784        120        222         20
   53      46        116        290          0        180        280         10
   54     105        152         77       1742        180        292         20
   55      52        130       1940       1003         60        164         20
   56     109         64      14768        232         30        131         20
   57     160         92        750       2077         60        218         20
   58     161         36      14657        343        390        502         20
   59     142        102       3349          0        450        528         10
   60     164         73        887        104        150        229         20
   61      60         37         58      14448          0         65         20
   62     155         74       1604       7172        180        274         20
   63      93         68       2354         34         60        217         20
   64      20         21       2489       2006        210        291         20
   65      59        106       8684          0         60        231         10
   66     148         23        926          0          0        141         10
   67      46         18        392          0          0        105         10
   68      44         78       1873       4411        420        519         20
   69     138         37      14957         43        120        277         20
   70       6        114       1582          0         90        263         10
   71     141         68       3120          0        330        433         10
   72      56        114        587       1940          0        136         20
   73      34        136         68          0        120        204         10
   74     150        127       3450         58         90        181         20
   75      53         70        502          0         60        153         10
   76     126         36         51        569        120        254         20
   77     154         31        178       7866        180        251         20
   78      64        137       1077       1708        360        530         20
   79      85         71        857       3492         30        142         20
   80      99         80       8000          0          0        164         10
   81      86        140        100       4343          0        176         20
   82     122         66       3521          0         90        246         10
   83      60        151       1891          0        210        281         10
   84      35        124       2695          0        120        189         10
   85     131         44       2513        428        150        226         20
   86      76          4       4633       8065          0         76         20
   87      77         63       6727        423          0        101         20
   88     142         31       1749          0          0        146         10
   89      50         85      15000          0          0        125         10
   90     188         79        566        126          0        216         20
   91     127         37         54         92         30        159         20
   92      61         63        183          0         30        140         10
   93      93         50         90          0         30        199         10
   94     129         89         81         14         30        162         20
   95      92         84       1989         56         60        146         20
   96     107         63       3716       4355         30        185         20
   97      34        127       8560          0        300        454         10
   98     113         71       2990          0        180        265         10
   99     134         73       1174       5745         30        143         20
  100     123         47       8172          0        360        470         10
  101      99        108       6709          0          0        142         10
  102     120        129        108          0        150        252         10
  103     103         95         75      10994         90        222         20
  104     126         89       1838        339         30        207         20
  105      11         47       6799          0        120        288         10
  106      57        145        402          0         60        234         10
  107     144         54       5306          0          0        146         10
  108      52         46       2445       1778          0         66         20
  109      26        126       3808       1708        180        277         20
  110     171        104        123          0         60        225         10
  111     168         49       2348      12652         90        168         20
  112     145         69         44          0         30        143         10
  113       5         14        439      14561        120        295         20
  114     120         62      15000          0          0        143         10
  115     155        145        238          0         60        233         10
  116      21         23        210          0          0        167         10
  117     142         19       5356          0        330        423         10
  118      88         63       2453         17         30        116         20
  119     135         51         64       4551          0        135         20
  120     122         83       1952          0        180        277         10
  121      88        127       1988        553         60        149         20
  122     113         48       5758          0          0        122         10
  123     104         81       1648       1817          0        132         20
  124     132         43         85       1833         60        194         20
  125      83         85       4875          0         30        133         10
  126     158         71        370          0          0        169         10
  127     151         82       1594        107         30        185         20
  128      83         25       2025         40          0        157         20
  129     123         72        941       1885         60        196         20
  130     110        119       4225          0        180        249         10
  131      73         65       1739       4416        120        231         20
  132      14        122        684          0        330        435         10
  133      77        132       1221          0         30        200         10
  134      16        118       3419        191        120        232         20
  135      24        114        503          0        300        405         10
  136      30         38       1519        107         90        253         20
  137      96        112        291          0         60        234         10
  138     106         68       1741       8171        150        275         20
  139      99         37        108       1210        120        283         20
  140     109         94        292          0         30        172         10
  141      49         43       6189          0         30        101         10
  142     116         43       3860          0        120        198         10
  143      99         57        146         58          0        141         20
  144     151        109        891          0         60        201         10
  145      57          0         86          0          0         67         10
  146      63         48       1520       2363        120        255         20
  147     157         96        237          0         60        181         10
  148      85         45        667          0        120        203         10
  149      21          7       1038          0         90        189         10
  150      15         10       2020          0         90        184         10
  151      95         82       2682          0        120        265         10
  152      91         55         90        839          0        158         20
  153     151         49        118       1291        180        247         20
  154      10         51        117          0        150        296         10
  155     117         56       8002        836        330        431         20
  156      70         51        396          0         60        228         10
  157      57         29       1752          0        120        228         10
  158      32        112       1854          0        120        208         10
  159      60         49       5316          0          0         81         10
  160      44         48        566          0         30        160         10
  161     135         59       1010          0          0        151         10
  162     132        121        147          0        150        259         10
  163     146        112         64          0        120        294         10
  164      88         67        619          0         90        216         10
  165      22        129       4578          0        210        292         10
  166     102         72       2790      12210        210        280         20
  167      59        134       2995          0        300        470         10
  168     188         83       2334          0         90        204         10
  169     132         33       6846       1613        360        460         20
  170      69        134       1438         28         90        203         20
  171      90        119       1869       9807        360        431         20
  172      35         63       1931          0          0        100         10
  173      75        156        695       5746         60        199         20
  174     143         66         95       1872         60        148         20
  175      69         22       7888       3483          0         63         20
  176     112         74        350          0         60        182         10
  177     197         58         60         56          0        214         20
  178      36        146        280       3622         60        189         20
  179     109         29       6576       2690          0        161         20
  180      46         52        105          0          0        172         10
  181      29        108        306       1816        180        277         20
  182      77          6        503          0        120        228         10
  183     109         75       5146          0         60        170         10
  184      66         63        617        672        360        469         20
  185     173         85       4842        248         60        183         20
  186      79        131       2905       4886        120        217         20
  187     137        143       3153       5087        180        292         20
  188      87        130       3686          0         60        158         10
  189      78         87      15000          0          0        144         10
  190     197         87         32        127         60        203         20
  191       7        114       1255          0         60        173         10
  192      44         86         37          0          0         99         10
  193      28         31       1807         20         30        158         20
  194      60         13        324          0          0        103         10
  195      25         47      14315          0          0        133         10
  196     195         84       2484          0         60        218         10
  197      26          9        681          0        120        261         10
  198      98         63       5465        451        330        494         20
  199      44         71       3765         96        150        249         20
  200      69          1        665       4247          0        134         20
  201      68         73      10273       4727          0        101         20
  202      58         86       1700         43        120        201         20
  203     164         60       2060       2199        150        230         20
  204      19         90       1074          0        120        287         10
  205     175         62        476          0         90        181         10
  206      62         17        162       2237        300        435         20
  207     181         73      15000          0        120        257         10
  208      27         84       1142       3496          0        125         20
  209      48         47         97          0          0        132         10
  210      17         36       1330         14          0         99         20
  211      38         73       1018        562        150        294         20
  212      28        122        563          0          0        135         10
  213     107        138        472       3161         60        208         20
  214      56         64        170       5400         60        195         20
  215     185         59       3400       5639        120        206         20
  216      58         88        422       1246        150        294         20
  217      37        123        451       2447        300        410         20
  218      60        148       1697       5044         30        189         20
  219      23        118        170          0          0        141         10
  220      34         65       3800          0        420        522         10
  221     161         35       5373          0        360        441         10
  222      71        129      12904         84          0        154         20
  223      93         84       3602          0        120        227         10
  224      67         87       1522        122        120        225         20
  225     112         36         57          0        120        266         10
  226     160         23        108        270        120        203         20
  227      97         36       9156       2225          0        165         20
  228      31        101       5872          0        120        217         10
  229      18        126       1733          0         90        260         10
  230     137         49        173          0          0        158         10
  231      26        142       2365         31         30        168         20
  232       1         17         29       1669         60        230         20
  233      89         36         11        504          0         79         20
  234     152        146        250          0        390        470         10
  235     154         76       5420          0        180        283         10
  236      34         98       1429          0         90        220         10
  237      45         54       3180       6006         30        108         20
  238      81          8        254         86          0         85         20
  239       0          8       9866          0        120        278         10
  240     171         80      14914         86        120        198         20
  241      53        103       1890          0          0        159         10
  242      27         22       1614       1875        330        400         20
  243      73         89         54          0         90        258         10
  244      87         53       8945          0        360        525         10
  245      73         43         75       1067        120        284         20
  246     106         59       4453          0         90        161         10
  247      23         93       3399          0         60        129         10
  248     102         75       3753          0         30        136         10
  249     150        140       3400       2503        120        215         20
  250      52         92       3688          0        150        259         10
  251     117         35        497       2383          0        120         20
  252     168         96         60        818          0        194         20
  253     186        106       9756          0        120        221         10
  254     140         66         72        298          0        154         20
  255     119         98         19          0        120        243         10
  256      80         93       2005         32        120        197         20
  257      30         42        540          0          0         80         10
  258      31        107        326       1156         30        201         20
  259      13         38         27       1613         30         98         20
  260      31         13       1844        847        120        221         20
  261      86         77       1708        227        330        399         20
  262     120        116       7832          0          0        178         10
  263     104         55       4342          0        300        417         10
  264      25        117       5161       1943        330        486         20
  265     112         75       5947          0        390        471         10
  266      64         44       1758       7409          0        122         20
  267      81         81       6248       2011          0        134         20
  268     127         52        301          0         30        156         10
  269      79          7       4270       2827        120        280         20
  270      32        100       2565          0        150        222         10
  271     120         97         25          0         60        171         10
  272     158        142         94          0         90        201         10
  273      20         39         60        108          0        106         20
  274      57         37         14          0        150        219         10
  275     122        101       1641          0         30        166         10
  276      52         61       1464       1944          0        101         20
  277      92         35       2586       1748        120        229         20
  278     139        104       1682          0        300        407         10
  279      80         70       2014          0        120        276         10
  280      44         49       2711          0        120        291         10
  281      39        156         94         70        330        447         20
  282     143         87       1059          0        120        296         10
  283      13         26      14853        147        360        463         20
  284     100        116       1850         13         30        194         20
  285      21         40       3810          0          0        140         10
  286      41         79       1984       2822         90        197         20
  287     142         29      10671        395        300        403         20
  288     100         14        396          0        120        255         10
  289      70        125       1563        238         90        172         20
  290       8         10        216       2069        150        286         20
  291     170         65        288          0         60        226         10
  292     117         79       4099        671        330        475         20
  293      25        155       3138          0        120        252         10
  294     132         93       5072          0         90        212         10
  295      87         69         16          0        120        230         10
  296     131        104       1308       1932         60        165         20
  297     120         85       3926          0         30        157         10
  298      92         70       5901          0        180        280         10
  299     117        146         75       4866        120        193         20
  300      39        107       3078       1042          0        129         20
  301      39         52         90          0          0        107         10
  302     150         27         93          0        150        227         10
  303     112         37       4280          0          0        140         10
  304      16         10      10906       4094         30        169         20
  305      92         52       2272         40        120        236         20
  306      41        145       7246       3055        120        258         20
  307      31         40      14657        343        330        433         20
  308     121        129       1491          0         90        263         10
  309      88         16        700          0          0         96         10
  310     198         79       3403          0         60        222         10
  311      98        122       2150          0        330        463         10
  312     104         70        279       2024        120        183         20
  313     137         70        260       5735          0        151         20
  314      34         67       2009        514          0         86         20
  315      22         77      15000          0         30        200         10
  316      16          6       2550          0          0         86         10
  317     180         58       3535         63          0        196         20
  318      55         91        348       2453        180        289         20
  319     115         96       2703          0        120        281         10
  320     146        132       6216          0        180        260         10
  321      35          8       1992       2702        120        286         20
  322      35        109       2089          0        120        225         10
  323      40         29        124          0          0        175         10
  324      85         61       3805        210         60        151         20
  325     176         70        576          0        360        443         10
  326      75         90       5745          0        150        217         10
  327     139         33      12751          0        330        491         10
  328     158         75       1639       1839         60        206         20
  329      32         73       3613       1893        360        487         20
  330     120         33       9977          0        390        496         10
  331     109        122         23       6880        120        190         20
  332      95         66        237        525         30        185         20
  333     111         41        503         55        150        291         20
  334      41         74         87          0         90        169         10
  335     100         67       6851         56         30        135         20
  336      13         87       2832          0          0        124         10
  337      88         41       2209          0        120        216         10
  338     169        147       1975       1611         60        223         20
  339      32         56        683          0         30        189         10
  340      86         67        991          0          0         96         10
  341     189         85       1869       1825          0        199         20
  342      39         48       2016        286        300        401         20
  343     131         89         49          0        120        184         10
  344      31          7       1702         87        120        292         20
  345      84         56        147       1751          0        135         20
  346     100         53      13506          0        120        254         10
  347     114         48       4493          0        330        462         10
  348      59         54       4886       3022          0        163         20
  349       1         25       3149       3212         60        173         20
  350     188         70       1509        857          0        195         20
  351      65        100       1999       2382         60        161         20
  352     168        147       1759       3420        120        230         20
  353     198         93       5805          0        360        531         10
  354      54          2        181         31          0        110         20
  355     100         65       3415          0          0        128         10
  356      40        133         27         87        120        217         20
  357      98         53       1297          0          0        172         10
  358     106         82       1920       3037          0        161         20
  359      27         24       3402       1828          0        136         20
  360      17         18       3480          0          0        104         10
  361     168        139         35        643        120        278         20
  362      69         24       3371          0          0        172         10
  363     112        136      14399        334        390        523         20
  364     113         64       5953          0          0        142         10
  365      68         21       1661          0        150        229         10
  366     135        121        172        566         60        196         20
  367     194         94       1959          0        360        456         10
  368     130        122       4586       1802        360        521         20
  369      64         12       1443          0          0        143         10
  370      39         96        594          0        390        498         10
  371       4         16       2745      12255        150        230         20
  372     134         34        299        201          0        142         20
  373      83         79       1076          0        120        243         10
  374     119         45         22          0          0        141         10
  375      47        129        150       1117         60        151         20
  376      51         98       5190       6318        180        266         20
  377      73        157       5588        126         90        171         20
  378      72         92       1613          0        150        298         10
  379      64        119        381        180          0        148         20
  380     100         84        150          0        180        254         10
  381      31          4       2093          0        120        275         10
  382      87         93         77          0        120        281         10
  383      30         45         17       1526        150        277         20
  384      93         94        631       7181         60        138         20
  385     160         78        606       1253        180        250         20
  386      84         85        648          0          0        141         10
  387      24         59       3281          0        120        220         10
  388     108         29       6317          0        420        527         10
  389       8         81        232         34        120        191         20
  390      98         46        101      14899          0         92         20
  391      68         94       4472       1951        120        198         20
  392       8         46       1713          0        180        266         10
  393     182        107         65        399          0        206         20
  394      78         74        443          0         60        140         10
  395     136         72       1950         36        120        293         20
  396       2         17       1772          0         30        156         10
  397     144        128        172        300        300        396         20
  398      10         44       9023       1791        390        461         20
  399      28         45       7004          0         30        130         10
  400      15         54         12        107        180        278         20
