400_102

CUSTOMER  VEHICLE
NUMBER	  NUMBER     CAPACITY    DispatchingCost
    400     500          40000       100

CUSTOMER
CUST NO.  XCOORD.   YCOORD.   DDEMAND   PDEMAND   READY TIME  DUE TIME   SERVICE TIME

    0      41         23          0          0          0        960          0
    1      28         75        589          0        390        496         10
    2      69         92       2542          0        120        291         10
    3     197         87         32        127         60        203         20
    4      19         13        108          0         90        247         10
    5     101         97       3191          0         30        197         10
    6      32        100        150       6079        150        220         20
    7     117         35        497       2383          0        120         20
    8     150         81       1824       1361          0        156         20
    9     109         98       2338       2432        120        246         20
   10     148         23        926          0          0        141         10
   11      65        148       4849          0        300        405         10
   12      18         11        335          0          0        109         10
   13      23        110        406          0        300        412         10
   14     153         48        280          0         90        171         10
   15     133         52       4356          0         60        130         10
   16      48        154       1498          0        120        205         10
   17     109         64       2257       7680         60        153         20
   18      38         24       4771       7888          0        169         20
   19      53         21       1800          0          0        105         10
   20     132         43       7489          0          0        166         10
   21     119         33       1577       2214        120        277         20
   22      41         73        120          0         30        163         10
   23     141         58       2693      10925         30        158         20
   24      64         44       1758       7409          0        122         20
   25      52        152       1744          0        120        206         10
   26      83         85        300       4834         90        174         20
   27      67         87       3590          0         90        258         10
   28      54        130       4493        879        180        286         20
   29      74         93        290          0          0        111         10
   30      87         53       8945          0        360        525         10
   31     132         44         36          0          0        139         10
   32      69         51       4815       3808          0        119         20
   33      52         46       2445       1778          0         66         20
   34      27         73       2314          0        300        469         10
   35      16        122        679          0        150        261         10
   36      45         78        146          0         90        165         10
   37     194         60      12139          0         60        228         10
   38      76         59       2958          0          0         97         10
   39      29         68       1074          0         60        197         10
   40     109         94        292          0         30        172         10
   41      93         94       1154        595         60        127         20
   42     102         27       6474       2134          0         95         20
   43      35         23         16          0          0        114         10
   44      93         50        710      14290          0         98         20
   45     119         98         19          0        120        243         10
   46     178         62       2706          0         30        195         10
   47      57         26         62         59        120        216         20
   48     157         59        447          0          0        170         10
   49     138         99       1838          0        150        245         10
   50      27         46        210         59        120        204         20
   51      95         38        433          0          0        100         10
   52     123         59       6700       4619         30        204         20
   53      99         58       3995        140        300        401         20
   54     138        128       1884          0         30        182         10
   55      42         23       1844       1205        120        218         20
   56     126        133       1838          0        330        431         10
   57     107         70       6738          0        360        463         10
   58     137         49        173          0          0        158         10
   59     107         77       3716          0          0        153         10
   60      73         55         20      11550        120        292         20
   61      29        131       3180          0        180        290         10
   62      70        125      13341       1659         30        196         20
   63      95         24        380        190          0        143         20
   64      30         43       2209          0        120        293         10
   65     179         72         30         54         60        190         20
   66     177         48        264          0        120        283         10
   67      96         81       6831          0        120        198         10
   68      65         57       1104          0          0         75         10
   69      78          7       1618          0         30        115         10
   70     177         74         50        113         60        200         20
   71      53         61       7335        178          0         76         20
   72     124        136        994          0         60        188         10
   73     102         67       1641         27         60        152         20
   74      25        155       4785          0        390        528         10
   75     126        111       1629       9241        150        251         20
   76      12         45       1481       6546          0         80         20
   77      90         83       2995          0         60        163         10
   78      57         37       1885      13115          0        114         20
   79      76         94         44       1776         60        198         20
   80      20         98       2460         49         30        206         20
   81     144        128        172        300        300        396         20
   82     104         91       1115        109         90        161         20
   83     130         44        237          0        120        229         10
   84     131         18      11000        112        120        193         20
   85      88         63       5628          0        300        404         10
   86     130         68       1514          0          0        140         10
   87      27         24       3402       1828          0        136         20
   88     153        146       2403       1306        390        533         20
   89     151        123       9812       5188        360        535         20
   90      68         95       1511          0          0        119         10
   91     173         97        683          0        180        293         10
   92     140        104         98          0         90        171         10
   93      91         84        464          0          0        127         10
   94      61         76       6572          0         30        164         10
   95     166         88       5588          0         30        195         10
   96      87        101       5050        279          0        135         20
   97     112         36         58          0          0        143         10
   98      32         41        255        177        150        275         20
   99      19          8       4343          0          0         69         10
  100      52         62       8107       3808          0         77         20
  101      56         51       3668         21        150        258         20
  102     163         22        272        788        120        243         20
  103      47         96       5906          0         90        190         10
  104     155        145        396          0         30        204         10
  105     152        110       6086         34        180        248         20
  106      87        130       3686          0         60        158         10
  107      73         81         86        312        150        293         20
  108      87         93       2024          0        150        216         10
  109      92         84       1940       2028        420        522         20
  110     150         49      15000          0         30        198         10
  111      31         13       1844        847        120        221         20
  112     110         69       1453        121         60        230         20
  113      59         85        631       4636        360        488         20
  114      31          4       2093          0        120        275         10
  115     134         55       3496          0        120        276         10
  116      81          6       4267          0        150        255         10
  117      53         78       5064         22          0        101         20
  118     148         43       1176          0        330        408         10
  119      11         48       8280       1094         90        192         20
  120     133         70        282      14718          0        151         20
  121     113         64       5953          0          0        142         10
  122     175         51       1655          0          0        169         10
  123      34        149       1526       3958         60        216         20
  124     150         20        176        388         90        174         20
  125      78         32       7967       2036          0         81         20
  126      34        136         68          0        120        204         10
  127      16        118       7875       2080        390        525         20
  128     137         37       2291          0          0        132         10
  129      15        118       1205          0        330        404         10
  130     183        102       1149         22        120        248         20
  131     190         58       4309         30        180        250         20
  132      59        106       1712          0          0        136         10
  133      57         94        752          0         90        164         10
  134     170         82       1975       9336         90        250         20
  135      83         74       2364          0        120        260         10
  136      77         55        280       1511          0        110         20
  137     176         71       2581         20         60        184         20
  138     181         42       4565       2636          0        180         20
  139      85         77       7409          0         60        220         10
  140      29        135        888          0        210        287         10
  141     185         59       3400       5639        120        206         20
  142      42         52       1802          0          0        145         10
  143      94         69        107          0        150        254         10
  144     142        131       1682          0        120        180         10
  145     134        122       1104          0        150        279         10
  146     122         59        641          0         30        183         10
  147      53         45       1570          0          0        107         10
  148     162        117       3616          0        210        281         10
  149      52          0        487          0        120        228         10
  150      59         64        610         25        120        289         20
  151      29        110       1016         30         60        157         20
  152      44        101       1242          0         30        183         10
  153      73         43       1570          0        120        199         10
  154      36         72       2498        527        300        437         20
  155     149        141         90          0         60        199         10
  156     120        149       3823       1756        300        392         20
  157      30        117       1507          0         60        160         10
  158      78         84       2387          0          0        148         10
  159      96         68       1630          0          0        108         10
  160     148        116        105          0        120        216         10
  161     150        140         35          0        120        296         10
  162      48         46       3295       5889          0        146         20
  163     160         78        606       1253        180        250         20
  164      91         55         90        839          0        158         20
  165     162        104        601       1506        120        279         20
  166      34        127       8560          0        300        454         10
  167     158         71        370          0          0        169         10
  168     151        120       5130        484          0        198         20
  169     168        109       2850      11299        180        286         20
  170      73         92       5409        719         60        236         20
  171      33         20        720          0          0        168         10
  172      28         14        537          0        120        194         10
  173      84         66       3127          0        300        434         10
  174      97         46         56       6099        120        244         20
  175      55         11        984          0        360        470         10
  176      76         44        296        171        120        283         20
  177     154         31        178       7866        180        251         20
  178     137        143        188          0         60        189         10
  179     142        124       3269          0        120        281         10
  180     122         40         14          0        150        289         10
  181     171        104        123          0         60        225         10
  182      96         82         90       3809         90        189         20
  183      99         57        924          0        450        525         10
  184      92         65        223          0         30        202         10
  185      26        142       2365         31         30        168         20
  186     121        147       1605          0        150        260         10
  187      21         78      12793       2207        120        225         20
  188      10         15        283          0        120        283         10
  189     146        141       2236        972        210        296         20
  190     182        107         65        399          0        206         20
  191     174        119       2449       2204        120        215         20
  192      98        122       2150          0        330        463         10
  193      26         73       6403         37        300        478         20
  194      92         88       2076         67         90        250         20
  195      86         67        991          0          0         96         10
  196     147         38       1937         50         90        223         20
  197     151         82         39          0        150        259         10
  198     129         75        220          0        330        427         10
  199     118         67       2780          0          0        168         10
  200     137         70        260       5735          0        151         20
  201     160         74         49       1329        180        288         20
  202      55        104        169       1793         30        190         20
  203     122        146        344        287        300        451         20
  204     108         29       6317          0        420        527         10
  205     193         91       2004          0          0        211         10
  206     199         74        336          0          0        208         10
  207      46         46         22      11398        120        216         20
  208      74         20        127          0          0         75         10
  209      55         65        330       1770        120        285         20
  210     180         58        107          0         90        264         10
  211      42         14       2710          0         90        230         10
  212      57         45       1460          0        330        503         10
  213     154         39       1879          0        300        404         10
  214     188         95       9335       2946        120        212         20
  215      57        153       7500        437        120        231         20
  216      82         72       2382        526         30        199         20
  217     106         81       1600          0          0        129         10
  218      60         49       5316          0          0         81         10
  219      96         86       4827          9        120        256         20
  220      54        117       2175      12825        150        292         20
  221     100         23        730          0          0        133         10
  222     185         73       1929       2138         60        194         20
  223     131         51       2121          0        120        236         10
  224     170         81       3004      10698         60        191         20
  225     107         85         75       5377         60        132         20
  226      37         72       1536          0         30        201         10
  227      49        131       3327          0          0        159         10
  228     142         28      14988         12        150        244         20
  229      81        134       4190        363          0        165         20
  230      97         37        103       2795         30        196         20
  231     111         83        937          0        420        533         10
  232     161         36        408          0        120        252         10
  233      68          2         26        174          0        145         20
  234      96        112         35          0         60        150         10
  235      44         71       3765         96        150        249         20
  236     131        123        786       5873         30        190         20
  237     121         81         92          0         60        173         10
  238     159         75       5376       3804          0        175         20
  239     134         34        299        201          0        142         20
  240     132         62       4261          0          0        136         10
  241      31        101       5872          0        120        217         10
  242     119         94        388       2215         60        200         20
  243      22         44       4416          0        360        458         10
  244      78         74        999          0          0        124         10
  245     117        146         75       4866        120        193         20
  246      17        119        170       2379        150        279         20
  247      91         70        147        589          0        143         20
  248      13        119       2319          0         60        227         10
  249      78         87         56       1532        120        278         20
  250     127         93       3266          0         30        163         10
  251      82          7        160       5421        360        526         20
  252      67         61        352          0        120        289         10
  253     106         55        309          0          0        165         10
  254     116         83        365          0        120        227         10
  255     108        137        258          0         60        225         10
  256     140        128       1927       1818         90        188         20
  257     100         67      12718          0          0        141         10
  258     150         70       3899        511        300        469         20
  259     182         66      10279          0        150        225         10
  260     172         39       6060          0          0        177         10
  261      30         45      12886          0        420        492         10
  262     148         32      10754       1881         30        164         20
  263       2         17       1772          0         30        156         10
  264      85         46      13520          0          0        164         10
  265      86        135         18       2115         90        257         20
  266     116         85        152          0         60        141         10
  267      44         47      13065          0        150        280         10
  268     136         72       4622        182          0        150         20
  269      57        142       9688         26         90        170         20
  270      30        106       5649       9351         30        124         20
  271     186         73       2487        847         90        194         20
  272      41        145       7246       3055        120        258         20
  273      68         73         36          0        150        251         10
  274     103         95         75      10994         90        222         20
  275     189         85       1869       1825          0        199         20
  276     121         66       2147          0          0        167         10
  277      97         84       3915       6296         90        249         20
  278     138         37      14957         43        120        277         20
  279     158        142         94          0         90        201         10
  280     162         63        310       3296        390        526         20
  281      95         84       3947          0        210        271         10
  282     198         93       5274          0         60        215         10
  283      79        131       2905       4886        120        217         20
  284     164         90        344      14656        120        186         20
  285      25         52       2409          0        120        276         10
  286      22         77      15000          0         30        200         10
  287      78          6       6345       6106        120        248         20
  288      28        120       8107          0         60        174         10
  289      38         68      15000          0        120        255         10
  290      53         69        817         90          0        143         20
  291      83        141         70         23        120        233         20
  292      80         93        138       2224        120        205         20
  293     174         93       1500         15        150        250         20
  294      83         64        104         25        120        287         20
  295     110        128        480          0         30        173         10
  296     105        152         77       1742        180        292         20
  297     146         92         82         74        180        250         20
  298     103         96         20       1989        150        281         20
  299      20         21       2489       2006        210        291         20
  300      73         89         54          0         90        258         10
  301       7         28         13          0         30        187         10
  302      31        107        326       1156         30        201         20
  303     154         38        139          0         90        257         10
  304      85         58        441          0          0        166         10
  305      37         14        902          0          0         76         10
  306     163        111       1648       5955        120        258         20
  307     131         17        190          0          0        154         10
  308     173         62         44       5374        180        285         20
  309      76         68        612        406        210        281         20
  310      40        112       1854          0        390        460         10
  311     101         85        431       3769        420        521         20
  312     198         79       3403          0         60        222         10
  313      87          8        237          0          0         92         10
  314     159         83        515        152        120        299         20
  315      76         56         43       5681         30        174         20
  316      39         33        673        169        420        497         20
  317      44         86         37          0          0         99         10
  318      57         29       9626          0        120        190         10
  319     135        121        169          0         30        182         10
  320      28         72       6093        365        120        196         20
  321      70        119       3059          0          0        148         10
  322     141        142       8313          0          0        206         10
  323      77        153       1501          0         30        174         10
  324     129         71       7335          0        180        265         10
  325     110        119       1017          0        210        288         10
  326      50         85       1874          0         60        198         10
  327     125         51       2157          0        120        281         10
  328      60        151       1891          0        210        281         10
  329      39         48       1791       1043          0        125         20
  330      98         69       2480        219         60        174         20
  331      73        123        133       1185          0        166         20
  332      13          8       1062          0        120        288         10
  333      81          8        254         86          0         85         20
  334     117         97       9680          0        360        462         10
  335     114         77         11        615         30        170         20
  336      55        102         15          0          0        129         10
  337      34         61       7125          0        300        408         10
  338     186         83         22       9806          0        202         20
  339       7        117        610        100         60        189         20
  340     135         26       3579       2020         60        186         20
  341      55         47       1285        100        390        490         20
  342     104         81       5116       4558        120        202         20
  343     198         86        192          0         60        212         10
  344      77         44       4410          0          0        128         10
  345      68         94       2410        333         60        164         20
  346     148         47       1068       9983          0        148         20
  347     130         90       3094          0          0        154         10
  348     106        103         56        943         90        166         20
  349     130         46       1352       1010        180        275         20
  350     174         67        189         91        120        201         20
  351      70         55       1251       5736        330        499         20
  352      17         36        277          0         30        157         10
  353      21         12      15000          0          0        142         10
  354      78         17       2692        337        390        461         20
  355     174         66         14        228          0        181         20
  356     156         42        432         72        300        408         20
  357      35         63       1931          0          0        100         10
  358      75         34        661          0          0         72         10
  359     127        122         14          0        120        266         10
  360     140        133       2253          0         60        196         10
  361     155         24       1664       1500         30        201         20
  362      67         39         15          0          0         95         10
  363      65         82       2587        500        120        188         20
  364      10         48        395       6125        120        186         20
  365     133         89       5152        235        120        285         20
  366     195         84       2484          0         60        218         10
  367      81          4      15000          0          0        139         10
  368     116         43        480       1500          0        129         20
  369     142        102       4128       3302         60        184         20
  370     133        102       3993          0         30        171         10
  371     151         92        543       7575          0        168         20
  372     150         53         54          0         90        230         10
  373      85         71        857       3492         30        142         20
  374     121         85        191        147        360        438         20
  375      57        145      13910          0         60        190         10
  376     113         48       2963        624        300        410         20
  377     141         30        886          0         60        212         10
  378     109        146       4850       6304         60        190         20
  379     179         61       8000          0         60        197         10
  380     115        114        674          0         30        168         10
  381     186         74      10924          0        300        457         10
  382     111         25       1110          0        120        236         10
  383      78         10       8007          0        120        252         10
  384     109         29        608       3418        120        223         20
  385     146         40       1068       5200        120        237         20
  386     192         92       1307          0        120        217         10
  387     128         89       1706       1109        150        245         20
  388      22        146       1463       3399        120        285         20
  389     160        101       2010          0          0        176         10
  390      87        113       6124          0        120        229         10
  391      22        149       4698         82         30        175         20
  392     168        147       2530        147          0        222         20
  393      77         42       7692       2905        360        445         20
  394     160         37       2511          0         60        153         10
  395      81         11       1613          0        120        234         10
  396      80          5         37          0        120        287         10
  397     115         64         92          0        150        252         10
  398     169        111       1118       3641        120        248         20
  399      26        121       3377          0          0        143         10
  400      15          3        401         98        120        222         20
