400_123

CUSTOMER  VEHICLE
NUMBER	  NUMBER     CAPACITY    DispatchingCost
    400     500          40000       100

CUSTOMER
CUST NO.  XCOORD.   YCOORD.   DDEMAND   PDEMAND   READY TIME  DUE TIME   SERVICE TIME

    0      41         23          0          0          0        960          0
    1     192         92       5136          0        120        296         10
    2      57         72        155          0        300        408         10
    3       0          8       2947         34        180        294         20
    4     115         60        742          0         90        220         10
    5     103         96         20       1989        150        281         20
    6     183         61       6107          0        450        519         10
    7     101        111       4531       2816        120        277         20
    8     159         43       5669       1990        360        466         20
    9      16          6        552       5947        120        219         20
   10      86         56       7609       7391          0        132         20
   11      72          3       5874       5907        120        259         20
   12      87        101         84        149         60        127         20
   13      33        137       1169          9        150        263         20
   14     109         29        608       3418        120        223         20
   15     113        121       2180       2542         30        172         20
   16     179         61       1605       5657         90        180         20
   17      53         45         31          0         30         95         10
   18     116         65       2686         62          0        140         20
   19      96         86        212        673        120        288         20
   20     120         85       3926          0         30        157         10
   21     120         86         94          0        330        491         10
   22     148        128       1544       1286         30        200         20
   23     100         29       3137        668          0        114         20
   24      25         72         97       1414         60        171         20
   25     102         49       4353       1293        150        286         20
   26     131         18       2262          0         30        158         10
   27      41         70         30       1036        120        248         20
   28      85         45        667          0        120        203         10
   29      48         46       1206          0        330        504         10
   30     191         97         40        691        180        290         20
   31     140         66         72        298          0        154         20
   32     107         93       2516        758        360        430         20
   33      56        114        587       1940          0        136         20
   34      24         59       3281          0        120        220         10
   35      11         47       5680          0         30        205         10
   36      57          0         86          0          0         67         10
   37      90         28       4659          0          0        102         10
   38      46         18       1403          0          0        159         10
   39      35        109       2377          0        120        202         10
   40      86        140       4314          0        300        416         10
   41     160         56        553        465          0        177         20
   42      10         15        283          0        120        283         10
   43      49        131       1598          0        120        186         10
   44     141        103       2428          0          0        171         10
   45      16         10       2201         31          0        130         20
   46     152        146       1043          0         90        200         10
   47      29         24       6196       8804          0         66         20
   48      34        149       2036          0         60        235         10
   49      20         39         60        108          0        106         20
   50      21         24       1893        322          0         66         20
   51      88        127       4289          0         30        203         10
   52      60         37       1380          0        120        233         10
   53     118         94        325       1706         60        162         20
   54      83         99        222          0         30        190         10
   55      47        133       4963          0         60        232         10
   56       6         49        350       2338          0         84         20
   57      28         74        252          0         90        172         10
   58     155         24         30          0        120        262         10
   59      34        136       1030          0          0        146         10
   60      58         88        422       1246        150        294         20
   61      55         47       1285        100        390        490         20
   62     133        102       3993          0         30        171         10
   63      84         85         81          0        120        253         10
   64      27        100       2133       1839        390        531         20
   65      54        130       4493        879        180        286         20
   66      45         79       1104          0        150        227         10
   67     135         26       2810       1097        390        452         20
   68     123         54      12556          0        150        238         10
   69     177         48        264          0        120        283         10
   70     198         93       5274          0         60        215         10
   71     121         81       1570          0         90        223         10
   72     162        118       2536          0        120        284         10
   73      84         56        147       1751          0        135         20
   74     168         49       2348      12652         90        168         20
   75      97         46         56       6099        120        244         20
   76     110         21        806          0        330        464         10
   77      53         61       4698        108          0         90         20
   78      21         40         48          0        120        196         10
   79     130        148       1951          0        330        432         10
   80     109        146       4850       6304         60        190         20
   81      76         59       2958          0          0         97         10
   82      96         82       1738          0          0        137         10
   83      97         37        103       2795         30        196         20
   84      27         73        330         57        120        289         20
   85     188         66         84          0         30        196         10
   86      16         35         87      10255         30        115         20
   87      36         20        110        718          0        176         20
   88      35         97        196          0         90        170         10
   89     135        136        303          0          0        197         10
   90      82         12       2968          0          0        175         10
   91     155         55        178          0        150        248         10
   92       8         11       1860        996         60        162         20
   93       1         19        633          0        120        225         10
   94      76         78       3955       4377        120        287         20
   95     145        124       2437          0        150        252         10
   96      55        102         15          0          0        129         10
   97     197         87        781       2435        300        467         20
   98     117        100       6469       8004          0        157         20
   99     159         75       7375          0        330        468         10
  100      90         16       8545       2763        330        491         20
  101      78         10       8007          0        120        252         10
  102      93         68       2220          0        120        273         10
  103     151        123       9812       5188        360        535         20
  104     129         71       7335          0        180        265         10
  105      86         67        120          0          0        159         10
  106     109         75       1710        193         30        155         20
  107      20        119       9298          0        120        206         10
  108      19          8       4343          0          0         69         10
  109      52          0         76          0          0         73         10
  110      58          2        272        167        120        198         20
  111      91         84       2130       1307        330        440         20
  112     145         69       2080       4330        420        492         20
  113     120        109         22       1769         60        170         20
  114     119         45         22          0          0        141         10
  115      13          8       1062          0        120        288         10
  116      59         54      11876          0        390        459         10
  117      22         92         22        356          0        118         20
  118      95         84       3947          0        210        271         10
  119     148         47       1068       9983          0        148         20
  120     173         95       4225       6623         90        201         20
  121      48        138        127          0        120        233         10
  122      79        131        170          0         30        158         10
  123      23         10        612          0        120        194         10
  124      60         10       2247          0          0         93         10
  125     100         23        730          0          0        133         10
  126      12         45       1481       6546          0         80         20
  127      75        156        695       5746         60        199         20
  128     170         82       4985          0        120        219         10
  129     102         75       2796          0        210        287         10
  130     119         98       5888       7915        180        281         20
  131      56        103       3792          0          0        159         10
  132      21         23       4100       1571          0        108         20
  133     189         85       1869       1825          0        199         20
  134      19         13        108          0         90        247         10
  135      73        157       1944          0        180        263         10
  136     167         35      11558       3442        150        218         20
  137      85         46      13520          0          0        164         10
  138     158         33       1537          0         90        160         10
  139     164         73       5735          0         60        200         10
  140     135        121       2524      12476        210        294         20
  141     176        111       6331          0        150        293         10
  142      27         84         33      14967         30        165         20
  143      47         62        190          0        120        243         10
  144      66         71       7810       7190          0        103         20
  145     130         46       1352       1010        180        275         20
  146      74        140        108          0        150        277         10
  147      28        139         28          0         60        168         10
  148      91         35        111          0          0        115         10
  149     125         79       1293       1492        300        410         20
  150     122        101       1641          0         30        166         10
  151      43        136      12933          0        390        500         10
  152      57         37       1885      13115          0        114         20
  153      49         88        400       1494        120        225         20
  154     183        102       2558        334        120        228         20
  155     106        125       3447          0         60        153         10
  156      13         26      14853        147        360        463         20
  157     128         71         92          0        120        292         10
  158      32         83       1242       5845        120        219         20
  159      15         36       1121          0        210        276         10
  160      38         24       4771       7888          0        169         20
  161     153        134        116       1745         90        221         20
  162      65         32       1190        196          0         74         20
  163     155         74       1604       7172        180        274         20
  164      83         74       2364          0        120        260         10
  165      30         42        540          0          0         80         10
  166      94         94       1502          0          0        139         10
  167      52         63       2572          0         90        232         10
  168      87        113       6124          0        120        229         10
  169      65         79         29       9866        330        493         20
  170     160         74         49       1329        180        288         20
  171      71        130       1104          0         90        263         10
  172      23          9       1198          0          0        109         10
  173      51        115         15       6725         60        187         20
  174      65         74       1081       6938        150        218         20
  175      82         85       2110          0         90        197         10
  176      88         41       1275          0        120        221         10
  177      29         68       1074          0         60        197         10
  178      47        129       1464         56         30        161         20
  179      52         61       1464       1944          0        101         20
  180      15         10        239          0         30        168         10
  181     191         57       1758       2206         90        201         20
  182      78         87      15000          0          0        144         10
  183     151         77       4561       1854         90        228         20
  184      48         74       3945          0          0        110         10
  185      67         61        352          0        120        289         10
  186      88         54      11096          0         30        109         10
  187      95        146       1549          0         90        195         10
  188      64        119        103      14897         60        155         20
  189      62        154       5309          0        180        273         10
  190       6        114       1582          0         90        263         10
  191      87         63       4966       2305        300        432         20
  192      74         95       1290        123         30        163         20
  193      44         78       1824        841        120        244         20
  194      91         72        141          0        120        291         10
  195     192         62       1622        257          0        205         20
  196     137        103       2176       7889        150        249         20
  197     120        117       6626       6368        420        525         20
  198     176        126       5559          0          0        216         10
  199      88         72      14867        133        150        244         20
  200     107         98         82       5359         60        193         20
  201       5        116       2632          0         60        225         10
  202     132        136       5071          0        360        528         10
  203     188         70       1509        857          0        195         20
  204      82         72       8065          0        120        265         10
  205      38         73         30          0          0        110         10
  206     142         19       5356          0        330        423         10
  207     112         75         24       2024          0        129         20
  208      53         44        287          0        150        256         10
  209      11         33       2028          0        120        246         10
  210     116         85        152          0         60        141         10
  211      81          8       1604          0          0        135         10
  212     163        111       1648       5955        120        258         20
  213      85         76        465          0        150        278         10
  214      30        155         18       6217          0        169         20
  215      20         98       1926          0         60        237         10
  216      36        106         73          0         60        140         10
  217     150         70       3899        511        300        469         20
  218     123         34        106         87          0        132         20
  219     164         90        344      14656        120        186         20
  220     169         76       4559         30        150        249         20
  221      86         52       1157          0         90        251         10
  222      27         24         52          0          0        138         10
  223     108         38       1929       1123        120        204         20
  224     195         99       3484       2738        120        232         20
  225      81         56        315          0        120        199         10
  226      91         95       1257       6161         30        123         20
  227      77          6        503          0        120        228         10
  228     155         27       3282          0         30        205         10
  229     197         70         83          0         60        208         10
  230      80         46       5532          0          0        136         10
  231      47        125       4866       6351         30        156         20
  232     124         96        178       1901          0        175         20
  233     120        103      13520        261        120        229         20
  234      20         21       2489       2006        210        291         20
  235      34         67      10530        127        120        294         20
  236     118         67       2780          0          0        168         10
  237      64        132        137          0         60        224         10
  238     191         51       3545          0          0        204         10
  239      13         84        171       3282        360        473         20
  240      74        119        540          0        150        227         10
  241      28         31       1807         20         30        158         20
  242      17         36        298        746        150        250         20
  243      17         89       1415          0         60        191         10
  244     105         62         42          0         90        172         10
  245      82        107       2525        182         60        195         20
  246      18         11       4858       2220        300        412         20
  247      53         17       4330          0          0         77         10
  248     192         88       4583       1308        120        231         20
  249      78         43       1788          0        420        504         10
  250       7        117        610        100         60        189         20
  251     155        145        396          0         30        204         10
  252      67         96       1792         81          0        128         20
  253      26        126        248       2684        120        237         20
  254     170         81       3004      10698         60        191         20
  255      66        109       4511          0        420        525         10
  256     115         31       1754          0        120        245         10
  257      19        124       6407        627        120        283         20
  258       8         43       2143          0        120        262         10
  259     132         43         85       1833         60        194         20
  260      86        135      15000          0          0        164         10
  261      74         63        354          0        210        277         10
  262      71        107       3481          0         30        188         10
  263     153         75       5845         36          0        170         20
  264      81         81        604          0          0        135         10
  265     150         46       3578       1196         30        162         20
  266     148         94      12593       2407        150        227         20
  267     118        100       3564          0        360        465         10
  268     176         77       5595          0        120        189         10
  269     157         59        447          0          0        170         10
  270      81         23      15000          0        330        401         10
  271     198         79       3403          0         60        222         10
  272      11         19       6393          0        120        230         10
  273     180         95         29          0        300        423         10
  274     169        146       7197          0        360        435         10
  275     140        133       2982      10695         60        203         20
  276      25        117      14638        287          0        134         20
  277      76          4       9807       2333        330        431         20
  278      57        145        202       3076          0        168         20
  279      34         74       2410          0        120        186         10
  280      41         79        367        539        120        283         20
  281      55        104        169       1793         30        190         20
  282      12         55       1489          0        330        424         10
  283      81         18      11287       2416        120        228         20
  284       8         46       1713          0        180        266         10
  285     100         85       1769          0         90        199         10
  286      32         73       3613       1893        360        487         20
  287      71         91       5401       1945          0        140         20
  288     146        112         64          0        120        294         10
  289     139         33      12128       2872        120        282         20
  290     167         57       1475          0         60        181         10
  291       0         90       7975       4343        360        506         20
  292      33         64       1687       1516        120        268         20
  293      80          5         37          0        120        287         10
  294     121        143       4376          0        330        471         10
  295      29        110         55        432         60        199         20
  296      48         47       2496       5873        210        279         20
  297      56         49         44          0          0         94         10
  298     169        111        290          0        150        221         10
  299     174         67        189         91        120        201         20
  300      83        141       1653          0        150        252         10
  301     160         37       2511          0         60        153         10
  302     131         83        299          0         60        155         10
  303     186         83       3419       8738         60        216         20
  304     148         32        768       1958        150        278         20
  305     186        106       9756          0        120        221         10
  306      79         16         83          0          0         80         10
  307     134         73       1174       5745         30        143         20
  308     154         25         16        113        120        191         20
  309     149        141        222       6827        180        297         20
  310     158        142         94          0         90        201         10
  311     132         69        268        345         30        186         20
  312      90        124         22          0        120        291         10
  313      55         60       2170          0        150        232         10
  314     194         94        300          0          0        216         10
  315     139         91       1580        714        150        260         20
  316     102         78       8295          0        120        222         10
  317      87         69        696       8189        150        256         20
  318     132         56       3585          0        120        215         10
  319     108        137        182       1571        180        286         20
  320      42        107       1530         99        120        238         20
  321      79        130       3610          0         90        248         10
  322      61         76      13149          0        300        400         10
  323      37        100       8374        891        300        458         20
  324      10        117       1817          0          0        149         10
  325      31        142       5368       2559        390        470         20
  326      55         67        252         43          0        112         20
  327      32         74        960       1273        120        220         20
  328      49         84       1083          0         60        138         10
  329      51         47       3775       1544          0        159         20
  330      48        154         21        455         90        217         20
  331     122         83       2054          0        180        253         10
  332     167        147       1644       1841        150        216         20
  333     150         53       3160       1628        120        251         20
  334     143        112       2682        236        360        469         20
  335     116         49      14757          0        300        440         10
  336     163         77       6210       1909        210        272         20
  337      68         73       1260          0        150        261         10
  338     100         53        137       1460          0        110         20
  339      44         48        566          0         30        160         10
  340      23         93       3399          0         60        129         10
  341      32        100       2565          0        150        222         10
  342      69         22        101          0          0        143         10
  343      68          2        198        181          0        115         20
  344      62         45       1457       1225        300        410         20
  345     139         18         43       2453        120        190         20
  346      87        139         60          0         90        167         10
  347     142        136       8188        204         60        190         20
  348      41        145        831          0        120        245         10
  349      75         90       3133       1153        390        472         20
  350      85         58       7139          0         60        223         10
  351     132         44         36          0          0        139         10
  352       5         20       7372       2237         90        255         20
  353     183         60         96          0         60        181         10
  354      36        143       1200          0         60        213         10
  355     142        124        720         23        120        254         20
  356      35         26         19          0        120        224         10
  357      74         92       1473       3547        120        246         20
  358      15         81       1625          0        180        276         10
  359      78          6       6345       6106        120        248         20
  360      66        135       2116          0         90        200         10
  361     107         61        197          0         90        251         10
  362      70         55       3033       1094          0        112         20
  363      51          1       1834       3239         30        141         20
  364      52        152       3862          0        180        245         10
  365      28        120       8107          0         60        174         10
  366     162        104       9484        514         60        195         20
  367      21          7       1038          0         90        189         10
  368     177         74         50        113         60        200         20
  369     115         90        276          0        120        259         10
  370     109         94        292          0         30        172         10
  371      91         73       4176        207         60        131         20
  372     158         24       8394        614        120        284         20
  373     123         52        138          0        210        273         10
  374      28         81       4605          0          0        105         10
  375      41         23          0          0          0        960          0
  376     156         67         12       7501         90        203         20
  377     122         40         14          0        150        289         10
  378     158         73       3051          0        360        466         10
  379     121         73         21          0        300        459         10
  380     160         22       1246        151        390        467         20
  381      58         21        451          0          0        174         10
  382      94        118       1771          0         60        192         10
  383      96         81       6831          0        120        198         10
  384      59         48       8964          0        120        190         10
  385     154         27       2820          0         30        145         10
  386      23        141        982          0          0        156         10
  387     126         89       1026         57         60        218         20
  388      98         53       4924      10076         60        133         20
  389     156        115       1299        588        120        296         20
  390      93         50        710      14290          0         98         20
  391     176         71       2484          0        120        274         10
  392     174         93       1500         15        150        250         20
  393      22        129       1601       1207        120        250         20
  394     132         33       6846       1613        360        460         20
  395      86        102        531      14469        180        288         20
  396     120         62        394        119          0        147         20
  397     125        102        145          0         60        221         10
  398     161         35       5373          0        360        441         10
  399      33        113        106       7832        120        190         20
  400     199         87       1536        511        450        538         20
