400_127

CUSTOMER  VEHICLE
NUMBER	  NUMBER     CAPACITY    DispatchingCost
    400     500          40000       100

CUSTOMER
CUST NO.  XCOORD.   YCOORD.   DDEMAND   PDEMAND   READY TIME  DUE TIME   SERVICE TIME

    0      41         23          0          0          0        960          0
    1     139        104       1682          0        300        407         10
    2     123        124       6744          0        330        442         10
    3     179         67        382       1583         60        193         20
    4      42         14       1514          0          0        159         10
    5      13         38         27       1613         30         98         20
    6      76         31        206      14794          0        166         20
    7     167         35         91        384          0        172         20
    8      90         16       8545       2763        330        491         20
    9      19         90        912          0        180        252         10
   10     111         70       2613       8002        120        181         20
   11      48         74       4997          0        360        489         10
   12     132         44         36          0          0        139         10
   13     194         80       1352          0          0        205         10
   14      20         78       3380      11620         90        171         20
   15     131         32       2471          0        300        432         10
   16      30        155         18       6217          0        169         20
   17     176         71       2581         20         60        184         20
   18     107        138        472       3161         60        208         20
   19      86         67       6081          0        420        528         10
   20      60        134         15          0        120        190         10
   21      54        130       4493        879        180        286         20
   22      29        131       3180          0        180        290         10
   23      54          2       7666          0         30        110         10
   24     173         56        817       2138        120        258         20
   25      86         86        422       2620          0        133         20
   26      49        148       1504       1889          0        167         20
   27      32          5        585          0        120        246         10
   28     122         30       1750         48        120        247         20
   29      49         43       6189          0         30        101         10
   30      28         14       1745       1926        120        265         20
   31      87        130       3686          0         60        158         10
   32     138         56        108       7691        120        185         20
   33      75        156        695       5746         60        199         20
   34      63         62        200          0        300        405         10
   35      57         45       1460          0        330        503         10
   36     158         33        775       1136          0        160         20
   37     161         36      14657        343        390        502         20
   38     101        120       1250          0        360        469         10
   39      66        135       2116          0         90        200         10
   40     123         59       6700       4619         30        204         20
   41     138        128       1884          0         30        182         10
   42      73        123         13       8002         60        151         20
   43      21         40         48          0        120        196         10
   44     170         36       5879       1769        120        186         20
   45      66        136       1576        686         60        191         20
   46     121        120       1864          0          0        166         10
   47       8         11       6388          0        120        201         10
   48     194         94       2936       6345         60        217         20
   49     105         62         42          0         90        172         10
   50       5         14       4792          0         30        102         10
   51      21          7       7043        123          0        161         20
   52      90        124         22          0        120        291         10
   53     129         89         34          0         30        169         10
   54     131        104         65          0         30        166         10
   55      55        102         15          0          0        129         10
   56     129        122       2424          0         60        187         10
   57      60        151       1891          0        210        281         10
   58      34        124       9338          0        120        284         10
   59     114         48       4493          0        330        462         10
   60      92         70       2000       2991        330        401         20
   61      25         47       1602       3877        180        258         20
   62      66        117       1096          0        150        231         10
   63      78         43       1788          0        420        504         10
   64      22         99       2008          0         30        122         10
   65     100         19        427       5297        120        227         20
   66      88         16        700          0          0         96         10
   67      85        135        377          0        120        220         10
   68     129         71       7335          0        180        265         10
   69     100         73         28          0         60        138         10
   70     108         42      11329          0          0        109         10
   71      56         19       4992       2542          0        140         20
   72     142        131       1723        563        330        459         20
   73      74         85       1708          0          0        124         10
   74      39        107       3078       1042          0        129         20
   75     111         35       4771       2527        360        476         20
   76     194         82       2787       2387         30        203         20
   77      96         36         74          0        120        220         10
   78     124         79         15          0          0        145         10
   79     174         93        530       5280         90        188         20
   80      81          8       1000        363        300        394         20
   81     148         30       5837       1870         90        163         20
   82     154         31        879        338        120        246         20
   83     120        129       2763          0        180        256         10
   84      96         79       1186       1959         60        167         20
   85      10        116       1261          0          0        149         10
   86      36         72       2498        527        300        437         20
   87      74        119         60          0        120        261         10
   88      58         88       1900          0        150        271         10
   89      78         74        443          0         60        140         10
   90      90         29         45          0         90        186         10
   91     102         87       2047        179        120        259         20
   92      58         79       2086       1894        360        458         20
   93     145        114       8961          0        420        494         10
   94      21         78       3399          0         60        163         10
   95     104         68         23       1460        120        292         20
   96     180         58       3535         63          0        196         20
   97      32         56        182       1771        120        271         20
   98     131         83        299          0         60        155         10
   99      39        156         94         70        330        447         20
  100       8         10        216       2069        150        286         20
  101      89         57        445          0        120        277         10
  102     100         53        137       1460          0        110         20
  103      88         54      11096          0         30        109         10
  104     195         84       2484          0         60        218         10
  105     110         21       2830          0          0        110         10
  106      24         59       3281          0        120        220         10
  107     173         62        205       1859        120        264         20
  108      51         47        233          0          0        102         10
  109      28         75        589          0        390        496         10
  110     148         32        768       1958        150        278         20
  111       8         81       1748         91         60        162         20
  112      63         20         81          0         30        101         10
  113     143        102       8871       6129        120        259         20
  114      97         68       2799          0        120        211         10
  115      42         23       4798          0         30        113         10
  116      60         79       4537       1655        300        430         20
  117      45        116        336       7032         90        264         20
  118      46         18       1403          0          0        159         10
  119      52         46       4320       2221        120        249         20
  120      85         46      13520          0          0        164         10
  121     107         77       3716          0          0        153         10
  122      48        154       1498          0        120        205         10
  123     158         71        370          0          0        169         10
  124     151         92        543       7575          0        168         20
  125     143         31        112          0        300        434         10
  126     142         29      10671        395        300        403         20
  127      69         92       2542          0        120        291         10
  128      52         92       3688          0        150        259         10
  129      42         52       1613       2243          0        127         20
  130     154         25         16        113        120        191         20
  131     152        146       3114       1844        120        205         20
  132      80         46         81          0          0        102         10
  133       1         19        633          0        120        225         10
  134      81          4      15000          0          0        139         10
  135     145        124       2437          0        150        252         10
  136      16         62       4458          0          0        103         10
  137      48          5       1638       4183        450        526         20
  138      36        146       6099        397        300        473         20
  139     155        145        238          0         60        233         10
  140      91         84        464          0          0        127         10
  141      85         75       4920        383        120        220         20
  142     166         88       5588          0         30        195         10
  143      40        155        117          0          0        176         10
  144     123         67       3124       2437         60        203         20
  145      52          0       4242          0        120        283         10
  146     119         94        388       2215         60        200         20
  147      97         84       3915       6296         90        249         20
  148      96         81       6831          0        120        198         10
  149     159         75       7375          0        330        468         10
  150      30        106       5649       9351         30        124         20
  151     139        107       4140        182         60        172         20
  152      31        128        343          0        150        251         10
  153     127        133        733          0          0        181         10
  154      34        122        556          0          0        129         10
  155      26        113        129          0         30        191         10
  156      74        142       2500          0         30        161         10
  157      97         46         56       6099        120        244         20
  158      91         72        129          0         90        230         10
  159      57         91        215          0        120        253         10
  160      96         86        212        673        120        288         20
  161     121         45       2293       7629         90        167         20
  162     169        147         10          0         60        217         10
  163     163         99       6623         76          0        186         20
  164     186         73       2487        847         90        194         20
  165      73         92       5409        719         60        236         20
  166      21         23       4100       1571          0        108         20
  167     110         69       1453        121         60        230         20
  168      38         32       1886          0        420        520         10
  169     120        124       1602          0         90        183         10
  170      62         56         21          0          0        155         10
  171     198         85       1522        586        120        259         20
  172      82         56       2214          0          0         86         10
  173      66        152       1090          0         60        227         10
  174      50         93        804       2139          0        105         20
  175      81        134       1348         82         60        155         20
  176      18         29       2400         69        120        230         20
  177      87         81        949          0        360        471         10
  178      10        117       1920         10         60        148         20
  179      14        122        684          0        330        435         10
  180     105        152         77       1742        180        292         20
  181     148        116        105          0        120        216         10
  182     130         68       1514          0          0        140         10
  183      77          6        503          0        120        228         10
  184     160         37         33       2088        120        246         20
  185     135         59       1010          0          0        151         10
  186      10         15       1552          0          0        100         10
  187      39        139        663        180        180        290         20
  188     109         94        292          0         30        172         10
  189     185        103       2776          0         60        231         10
  190     140        128       1927       1818         90        188         20
  191      89         56       1257          0         30        139         10
  192      51        115        567       3605         30        192         20
  193       7        117         16      10588         60        175         20
  194      64         12       1443          0          0        143         10
  195     146         40       1068       5200        120        237         20
  196     102         67       1641         27         60        152         20
  197      20         21       2489       2006        210        291         20
  198      98        116       1524      11435        120        224         20
  199     142         31       1749          0          0        146         10
  200      67         96       9040          0        120        249         10
  201      29        101       2168         29         30        159         20
  202      95         66        265          0          0        149         10
  203      97         86        559          0         30        147         10
  204      66         63        418          0        150        221         10
  205      55         67       2489          0        150        227         10
  206     126         73       5113          0         30        168         10
  207     150         20        176        388         90        174         20
  208      22         92         22        356          0        118         20
  209     150         79         92        301         60        226         20
  210     159         43       5669       1990        360        466         20
  211     130        122       4586       1802        360        521         20
  212      80         70       1403          0        120        221         10
  213     154         39       2164          0          0        164         10
  214     187         54       3502          0          0        189         10
  215      20        116        977        107        150        222         20
  216      53        120      13142       1858          0        170         20
  217     106         68      15000          0         30        170         10
  218     186         72         91       2136         60        206         20
  219     127         37         54         92         30        159         20
  220     132        144       4836        131        300        401         20
  221     101         81        196          0         60        224         10
  222     162        146       2028          0        120        228         10
  223      84         75         36       4537        360        525         20
  224     159        127       2388       2516         60        201         20
  225      85         76       2490       5313        120        185         20
  226      48         83       2181       2064        120        233         20
  227      90        119       1869       9807        360        431         20
  228     150         70       3899        511        300        469         20
  229      91         35       4009         41          0        172         20
  230      82         72       2382        526         30        199         20
  231     134         55       3496          0        120        276         10
  232     105         68      10387        223        120        288         20
  233     137        143        188          0         60        189         10
  234      71        107        655          0          0        133         10
  235      73         89         54          0         90        258         10
  236      29         31       1680          0        120        284         10
  237      30        154        476        309        360        461         20
  238      85         52       4061          0        120        216         10
  239     120        117       6626       6368        420        525         20
  240      59         81        835          0        120        188         10
  241     176         77       5595          0        120        189         10
  242     146        132       6216          0        180        260         10
  243      34        142        432        389          0        171         20
  244     130         90       3094          0          0        154         10
  245     117        146        498          0        180        249         10
  246      30        117       1507          0         60        160         10
  247      76         78       1637       4697         30        108         20
  248     138         99       1838          0        150        245         10
  249      70        126        143          0         60        170         10
  250     173         97        683          0        180        293         10
  251      60        122       4717          0          0        139         10
  252      59         54      11876          0        390        459         10
  253      63         90       1747       1114        150        223         20
  254      11         17       2253        197          0        131         20
  255      42        127       2066      12934        120        248         20
  256      99         80       8000          0          0        164         10
  257      46        128       1153       1000        360        522         20
  258      53         45       1570          0          0        107         10
  259     134        122        950          0        120        295         10
  260      29         38         22          0         90        162         10
  261     155         24         30          0        120        262         10
  262      55         65       4554          0         30        168         10
  263     140        133       2982      10695         60        203         20
  264     171         66       1122       7730         30        191         20
  265     197         70       7034          0        210        296         10
  266     152         87        973         97         90        170         20
  267      71        100       5973          0         30        121         10
  268     132        151         46          0         30        204         10
  269      88         63       2453         17         30        116         20
  270      63        150       1004       1465        120        232         20
  271      46        125       1175      13825          0        153         20
  272     125         88         46       2162        300        441         20
  273      89         80       6860          0         30        142         10
  274     122        146        344        287        300        451         20
  275     153         27       4494       1051          0        153         20
  276      47        125        734          0          0        161         10
  277      66         71       7810       7190          0        103         20
  278      99        144       1870        142         60        171         20
  279      31        106        686          0         30        169         10
  280     170         65      14449          0         30        177         10
  281      57        145      13910          0         60        190         10
  282      29         81       1158          0         30        160         10
  283      20         98       1926          0         60        237         10
  284      62        151         60          0        180        264         10
  285      88         41       1275          0        120        221         10
  286      17        119        170       2379        150        279         20
  287      95         91       1841       1378          0        166         20
  288     189        101        830          0        180        281         10
  289      74        140        108          0        150        277         10
  290      44         51        349          0          0         72         10
  291      51        114       1974       1723        300        401         20
  292      83         64        104         25        120        287         20
  293      16         35       5990          0          0        168         10
  294      79          7       4270       2827        120        280         20
  295     142        102       4128       3302         60        184         20
  296     133        102       3993          0         30        171         10
  297     100         85       1769          0         90        199         10
  298      47        137        248        413        150        245         20
  299      42         62         51        253         30         98         20
  300       7         21        230        615        150        248         20
  301      57         29       1752          0        120        228         10
  302     117         63       4027       1999        120        279         20
  303      52         61         60          0          0        111         10
  304     106         81       5184         42         60        186         20
  305      86         80        437        941         90        230         20
  306      64        137       1077       1708        360        530         20
  307      37        100       2569          0        120        286         10
  308      28        139         28          0         60        168         10
  309      93         68       2354         34         60        217         20
  310       7         28       1609          0        180        298         10
  311      73         43       1570          0        120        199         10
  312     107         61        197          0         90        251         10
  313     183         89        248          0          0        193         10
  314      69        134       1438         28         90        203         20
  315     111         85       2903          0        120        279         10
  316      15         10       2020          0         90        184         10
  317     126         72       7182          0        390        537         10
  318      71         59       6086       1430        120        224         20
  319      79        119        274          0        210        284         10
  320     166         28       2289       1712        180        263         20
  321      92         59       3425       8935        390        465         20
  322     108        105       3878          0        210        279         10
  323     139         33      12128       2872        120        282         20
  324     174         54       1034          0        180        264         10
  325     175         51       9905        298        300        435         20
  326      43        122       6257          0         30        164         10
  327     189         85       1869       1825          0        199         20
  328     141        103       2428          0          0        171         10
  329      29        108        466         91         30        135         20
  330     106         96        379       2490         90        198         20
  331       7         32         14          0        120        230         10
  332      17         36        277          0         30        157         10
  333      48         46       1206          0        330        504         10
  334      44         71       3765         96        150        249         20
  335     112         20       8802          0        360        539         10
  336     167         47       2384          0         60        205         10
  337      11         34       5652       3785          0         79         20
  338      45         78        146          0         90        165         10
  339     136         69       1344        232        330        472         20
  340      87          8        237          0          0         92         10
  341      35         23      11040        503        120        281         20
  342     107         98         82       5359         60        193         20
  343      65         79         29       9866        330        493         20
  344      31         40      14776        224        120        187         20
  345      73        113        524       3301        180        286         20
  346     160         74       8312          0         60        171         10
  347      36        153        203        144        390        475         20
  348     113        121       2180       2542         30        172         20
  349     120        103      13520        261        120        229         20
  350     100        101        290          0         90        253         10
  351      97         36       9156       2225          0        165         20
  352     176         59       3726          0        150        283         10
  353     132         36       1052          0        120        198         10
  354     164         73       5735          0         60        200         10
  355      47         62        190          0        120        243         10
  356     137         38        404       1879        120        217         20
  357     132        136       5071          0        360        528         10
  358     116         43       3860          0        120        198         10
  359     147        113         39       2361        120        199         20
  360     170         82       1975       9336         90        250         20
  361      68         94       4472       1951        120        198         20
  362     174         99       2160        447          0        203         20
  363      21        101       3626       2067        360        423         20
  364     168         96       2000        101          0        192         20
  365     177         74       2400      11095        120        187         20
  366      29         11       2827          0        120        261         10
  367      23         10        612          0        120        194         10
  368     117         35        497       2383          0        120         20
  369     124         96        178       1901          0        175         20
  370      66        119       1551          0        150        227         10
  371     130         59       1572        688        120        212         20
  372     113         71       5854       3098        300        427         20
  373      53         69        817         90          0        143         20
  374     143         87       1059          0        120        296         10
  375      46        116        290          0        180        280         10
  376      65         74       1081       6938        150        218         20
  377      53         44       5047       1204         60        144         20
  378     111         54         13        436          0        168         20
  379      59        106       8684          0         60        231         10
  380     188         66         98       2542        210        288         20
  381     132         62       4261          0          0        136         10
  382     160        127        157          0        300        440         10
  383       5        113         74          0         60        130         10
  384      88         67       3417        697        390        526         20
  385      35         26         19          0        120        224         10
  386      57         94       5245        902         30        136         20
  387      85        128       6740       2399        120        299         20
  388      60         13        324          0          0        103         10
  389      71        129         13        101        120        184         20
  390      82         90       1382      13618         60        201         20
  391     122         40        307       3485        120        198         20
  392      34         98       1429          0         90        220         10
  393      72         86       1687       1497        180        254         20
  394      85        102       2066        249         60        202         20
  395      13         12       1157       1527          0        129         20
  396      82         92       4707       1260        300        440         20
  397     151         22       1517          0         30        160         10
  398      70         51       7914         34        300        437         20
  399      63        135       7890        890         60        226         20
  400      27         46       1424          0          0         86         10
