400_135

CUSTOMER  VEHICLE
NUMBER	  NUMBER     CAPACITY    DispatchingCost
    400     500          40000       100

CUSTOMER
CUST NO.  XCOORD.   YCOORD.   DDEMAND   PDEMAND   READY TIME  DUE TIME   SERVICE TIME

    0      41         23          0          0          0        960          0
    1     150        140       3400       2503        120        215         20
    2     157         96        237          0         60        181         10
    3      46         50        234       4176        120        284         20
    4      67         61         30          0          0        127         10
    5       8         10         42       8254        150        292         20
    6     100         73         28          0         60        138         10
    7     158         74       1454       1418          0        176         20
    8      51          1       1367          0          0        130         10
    9     109         75       5146          0         60        170         10
   10     172        108        183          0         30        202         10
   11     122        109       1098       3238        180        286         20
   12      15         81       1625          0        180        276         10
   13     109         29        608       3418        120        223         20
   14     163         99       6623         76          0        186         20
   15     163        140       3726          0        120        251         10
   16     197         70         83          0         60        208         10
   17      89         57        445          0        120        277         10
   18     142         28       3591          0        420        531         10
   19      96        112        291          0         60        234         10
   20      86         52       1738          0          0        130         10
   21     127        133        733          0          0        181         10
   22      59         14       5199       2975        120        282         20
   23      78         65         89          0        120        287         10
   24      20        116        977        107        150        222         20
   25      57         45       1460          0        330        503         10
   26      88         13         60       1333          0        126         20
   27     146        112       3512          0         90        178         10
   28       5        113         74          0         60        130         10
   29      28        101        540       1706         90        248         20
   30     186         89       2076          0        120        260         10
   31     174         93       1500         15        150        250         20
   32     144         18       1092      13908         60        147         20
   33     154         76        333       2490         60        226         20
   34      46         52        105          0          0        172         10
   35      10        116         86       1521         60        226         20
   36      31        142       5368       2559        390        470         20
   37     139         91       1580        714        150        260         20
   38      29         38         22          0         90        162         10
   39      55         16        739          0        360        507         10
   40     107         93       2516        758        360        430         20
   41      82         15      13910          0        120        283         10
   42      49         43       6189          0         30        101         10
   43      92        120       2713          0        150        226         10
   44      36         79         86        212        450        517         20
   45     169        146       7197          0        360        435         10
   46     129         89         34          0         30        169         10
   47      66        135       2024          0        120        225         10
   48      74        119        540          0        150        227         10
   49     120         78         82         76         60        144         20
   50     109         64       3963          0        300        428         10
   51      39         27       6210          0        120        192         10
   52      87         93       2024          0        150        216         10
   53     176         47        333          0         60        190         10
   54      64         71        840       3155        300        416         20
   55     177         47       2378        271        450        516         20
   56     192         92        889       1774         90        205         20
   57     133         89       1772       7207        390        457         20
   58     159         75       5376       3804          0        175         20
   59      13         26        384        211        120        187         20
   60      25         47       1602       3877        180        258         20
   61     106         68       1741       8171        150        275         20
   62      99         80       8000          0          0        164         10
   63     151        109       2331        785        120        188         20
   64     132         27         14          0         90        192         10
   65     121         91      14100        900        180        286         20
   66       8         43         94      14906         60        198         20
   67      52         46       2445       1778          0         66         20
   68      32         74        960       1273        120        220         20
   69      29        101       2168         29         30        159         20
   70      31         40       6651       4849        150        222         20
   71      30        155         18       6217          0        169         20
   72     108        137        182       1571        180        286         20
   73     140        133       2253          0         60        196         10
   74     112         75         74          0        300        435         10
   75      78         74        443          0         60        140         10
   76      78         87         56       1532        120        278         20
   77     139         18         43       2453        120        190         20
   78     106        125       3447          0         60        153         10
   79      55         65       4554          0         30        168         10
   80      52        130       1940       1003         60        164         20
   81      35          8       1992       2702        120        286         20
   82     113         71       2990          0        180        265         10
   83      88         87       9970          0        180        279         10
   84     114         27      13557       1443          0        122         20
   85     110         49         60       2379         90        245         20
   86     121         73         21          0        300        459         10
   87     140         66         72        298          0        154         20
   88      57          0       4103        156        120        247         20
   89      74         66       2529          0          0         94         10
   90      10        117       1920         10         60        148         20
   91     148        126       1520          0         60        194         10
   92     118         94        325       1706         60        162         20
   93     140        125       4694       8547        300        431         20
   94     147         38       1937         50         90        223         20
   95      58         21        451          0          0        174         10
   96      81          8       1604          0          0        135         10
   97      42        125        199       1517         60        233         20
   98      98         99       3156          0          0        148         10
   99     123         59       1081          0        390        528         10
  100      51         98        407       8859          0        107         20
  101      42         14       1514          0          0        159         10
  102     130        148       1672          0        150        233         10
  103      86        102        531      14469        180        288         20
  104      33        113        106       7832        120        190         20
  105     188         66         84          0         30        196         10
  106      64         12       1443          0          0        143         10
  107      81        139        847          0         90        196         10
  108      85        128       6740       2399        120        299         20
  109     121         45       2293       7629         90        167         20
  110      36        153        203        144        390        475         20
  111     134        130       2799       3850        120        274         20
  112      19        124       6407        627        120        283         20
  113     186         73         74          0         60        190         10
  114      63         90       2683          0        180        251         10
  115      52         92       3688          0        150        259         10
  116     162         96       1169       6106        210        278         20
  117      67        115        280       8547         60        199         20
  118      47        129        723       1308        120        221         20
  119     152         87       2636          0         60        186         10
  120     140         94        300          0          0        162         10
  121     108        105       3878          0        210        279         10
  122      77        120       1854       2136          0        144         20
  123     117        100       6469       8004          0        157         20
  124     124         96       1879          0          0        162         10
  125     135         26       2810       1097        390        452         20
  126     137         70       3093        941          0        175         20
  127      78          6       2902       1882        120        196         20
  128      19          8       1293       1888        150        246         20
  129     132        151         46          0         30        204         10
  130       7         33       2495        190          0         98         20
  131      52         62       1715       3401          0        108         20
  132      52         63       2572          0         90        232         10
  133      38         31       1285       1542        120        279         20
  134     115         64         92          0        150        252         10
  135      22         15         90          0         30        174         10
  136     150        127       3450         58         90        181         20
  137     103        127       4593       2410         60        157         20
  138      52         10         94         97        120        287         20
  139     112        136      14399        334        390        523         20
  140      74         95       5497       2199          0        125         20
  141     100         53      13506          0        120        254         10
  142     175        124       9326          0          0        214         10
  143      73        113        524       3301        180        286         20
  144      37         14        902          0          0         76         10
  145      80         11      15000          0          0         73         10
  146      69         24       3234        160        120        282         20
  147     121        142       1553          0        120        205         10
  148     135        130        651       5137        120        260         20
  149     131        123        786       5873         30        190         20
  150      60         10       1505          0          0        177         10
  151      72         39         16          0        120        231         10
  152     183         61       6107          0        450        519         10
  153       7         97         54         17          0        171         20
  154     160         37         33       2088        120        246         20
  155      62         45       3063          0        120        200         10
  156      65         82       2587        500        120        188         20
  157     158         73        166          0          0        174         10
  158     160         74         49       1329        180        288         20
  159      91         70        147        589          0        143         20
  160      18         22        690        281        150        232         20
  161     116         49       3116       4606         30        172         20
  162     130         46       1352       1010        180        275         20
  163      27         73        330         57        120        289         20
  164      58          2        324          0         30        200         10
  165      68         86       1828          0        120        194         10
  166      64        119        381        180          0        148         20
  167      16        122        679          0        150        261         10
  168     134        122        950          0        120        295         10
  169      88         54       1037       7180          0        101         20
  170     101         55       4728          0        420        528         10
  171     137        145        199      11844        120        246         20
  172     112        112       8742          0        420        526         10
  173     148         32      10754       1881         30        164         20
  174      11         34       5652       3785          0         79         20
  175      21         80       1559        450        420        514         20
  176     114         80       1772       2472         60        224         20
  177     105         81       1985        894        180        249         20
  178     108         35         26          0        120        288         10
  179     188         83      14970         30         30        210         20
  180      62         76       3624        766        150        236         20
  181      84         85         81          0        120        253         10
  182     131         51       1750          0         90        263         10
  183      29         68         18          0         90        218         10
  184      45        147         86       1572         60        228         20
  185      63        111        378          0         90        262         10
  186     144         86       6707       6109        120        228         20
  187      86         80        127        211         30        172         20
  188      51         80         35          0         90        216         10
  189      22         92         22        356          0        118         20
  190     120         62        394        119          0        147         20
  191      69         92       2542          0        120        291         10
  192     101         85       1006          0        120        188         10
  193     154         27       2820          0         30        145         10
  194     150         27         93          0        150        227         10
  195      55         47       1590       1646         30        158         20
  196     109        122         23       6880        120        190         20
  197      29        130       1851       2076         30        160         20
  198      86         99       2432          0          0        165         10
  199      68         73       1260          0        150        261         10
  200     115         61        170          0         60        190         10
  201      81         66        124          0         60        166         10
  202      94        118       2191          0        180        250         10
  203      61         76      13149          0        300        400         10
  204     101         97         17         91          0        133         20
  205      56        103       1715          0         60        191         10
  206     145         38         40          0         30        156         10
  207     164        107       3396       1706        120        187         20
  208      22        129       4578          0        210        292         10
  209     168        147       1759       3420        120        230         20
  210      77         42       7692       2905        360        445         20
  211      71        130       1104          0         90        263         10
  212       0          8       2948          0          0        106         10
  213      59         48       8964          0        120        190         10
  214     140        109         60          0         90        199         10
  215      32         41        255        177        150        275         20
  216      82         92        564          0         60        228         10
  217     130         90       3094          0          0        154         10
  218     164         70       2361       1816        300        428         20
  219      75         90       3133       1153        390        472         20
  220      69         45       1895       8738          0        109         20
  221      72         92       1613          0        150        298         10
  222      73         92      15000          0        300        413         10
  223      29         24       6196       8804          0         66         20
  224       3         94       4474          0        330        402         10
  225      27        100       2133       1839        390        531         20
  226     183         89        248          0          0        193         10
  227     186         83       3419       8738         60        216         20
  228     168        109       3646          0         60        190         10
  229     146        130       1611          0        180        278         10
  230      26        113        236       4829          0        128         20
  231      80         70       1403          0        120        221         10
  232     123         63       1669       1523         30        186         20
  233      92         61       1511          0        120        257         10
  234      16        118       7875       2080        390        525         20
  235     102         27       6474       2134          0         95         20
  236      60         49       5316          0          0         81         10
  237      90        124        108        137        210        285         20
  238      77         44       4410          0          0        128         10
  239      14         34        456          0        120        280         10
  240     121         66       7575          0        180        259         10
  241       4         16       2745      12255        150        230         20
  242      91         95       1257       6161         30        123         20
  243      35        124       2695          0        120        189         10
  244      99         45        936      14064        120        198         20
  245      99        144        154        442         60        203         20
  246     129         72       2012       1440         90        174         20
  247      92         35       2586       1748        120        229         20
  248      81         11       1757          0        330        456         10
  249      66         58       1700      13300        120        288         20
  250      35         23        852        784        120        222         20
  251       7        114       1255          0         60        173         10
  252      58         88       1900          0        150        271         10
  253     154        131      10211       4789        180        289         20
  254      64         67       1506        393          0        131         20
  255      39        139        147         13          0        163         20
  256      91        122        228          0         60        190         10
  257     151        143         28          0         60        195         10
  258     167        147        140         87         60        233         20
  259     154         39       1879          0        300        404         10
  260     120        129       2763          0        180        256         10
  261     138        106       3816       2415         90        163         20
  262      36        106         73          0         60        140         10
  263     148        128       2169          0          0        198         10
  264      47        125        734          0          0        161         10
  265      74        140        108          0        150        277         10
  266     163        118       2063       4998         60        186         20
  267     153         42        610          0          0        148         10
  268      60         37         58      14448          0         65         20
  269      86         56       7609       7391          0        132         20
  270     172         43        183          0         90        186         10
  271     141        142       8313          0          0        206         10
  272      48         74       4997          0        360        489         10
  273      60         13        324          0          0        103         10
  274      53         45       1570          0          0        107         10
  275      35         26       1192         21        120        234         20
  276      43        129       1640          0         60        141         10
  277     170        139       2300          0        180        263         10
  278     132         56       3585          0        120        215         10
  279      44         78       1824        841        120        244         20
  280      74        142       2887          0         60        193         10
  281      75         55         74          0        120        232         10
  282     160        136       1923          0        360        466         10
  283     111         85       3239         34        120        268         20
  284     167         35      11558       3442        150        218         20
  285     158         33        775       1136          0        160         20
  286      84         78       6367        925          0        160         20
  287      54          2        181         31          0        110         20
  288     136         72       1133       4854        150        260         20
  289     169        111        290          0        150        221         10
  290     140         38        393       2089          0        150         20
  291      53         65        288        392        120        249         20
  292     176         71       2484          0        120        274         10
  293     198         85       1522        586        120        259         20
  294     103         96        112       9040        150        289         20
  295      16         62       4458          0          0        103         10
  296      94         94       1502          0          0        139         10
  297     107         70        222          0         60        140         10
  298     183         60       1659          0        210        281         10
  299     116         83        550       1777         30        197         20
  300     142        131       1723        563        330        459         20
  301      57        117       7204          0         60        140         10
  302     153        115       1624          0          0        184         10
  303     100         14       1850          0        120        263         10
  304     123         53        829       9903        180        246         20
  305     135         59       1010          0          0        151         10
  306     177         74       2400      11095        120        187         20
  307     173         97       6144       4815        150        254         20
  308      44         48        566          0         30        160         10
  309     158        142        156        107          0        211         20
  310      90         87       2773       3791        390        530         20
  311      30         73       2255        840        150        287         20
  312     106         59        129        287        150        220         20
  313       8         81       1748         91         60        162         20
  314     110         98        255          0         30        131         10
  315     116         65       2686         62          0        140         20
  316      17         36        524          0          0        104         10
  317      41         74         87          0         90        169         10
  318      47        133      11397          0        120        249         10
  319      80         93        138       2224        120        205         20
  320     132         44        200         62        120        196         20
  321     126        132       1749       1716         60        228         20
  322      88        127       1988        553         60        149         20
  323     180         65       1322          0         90        232         10
  324     192         65       1092          0        120        237         10
  325      23        141       2280          0        150        231         10
  326      38        113        470       2221         60        207         20
  327     128         71         92          0        120        292         10
  328      83         86         89          0         90        182         10
  329      28        139       2579          0         60        155         10
  330     122         40         14          0        150        289         10
  331      12         15         29          0          0         97         10
  332     197         58       2012          0          0        192         10
  333     135         37        820          0        120        284         10
  334      54        117       2175      12825        150        292         20
  335      71         91        672        305          0        125         20
  336      69        134       1438         28         90        203         20
  337     160         33       2819          0        420        533         10
  338      48        129       2502        151          0        169         20
  339      52          0         76          0          0         73         10
  340      71        100       5973          0         30        121         10
  341      22        149       4211          0        450        521         10
  342      45        116        336       7032         90        264         20
  343      81         81       6248       2011          0        134         20
  344      61         49       1613       5466        120        195         20
  345     145        124       2437          0        150        252         10
  346     139         33      12128       2872        120        282         20
  347     141         45       1895          0        120        261         10
  348      23         10        399       2968        360        432         20
  349      81        134       4190        363          0        165         20
  350      76         78         13       5049        180        287         20
  351     146         88        105          0         60        223         10
  352      32        115       6757       1941        390        527         20
  353      56         19         11          0        120        254         10
  354     106         84        841       1474         60        133         20
  355      25        114        338         84         60        226         20
  356     163        111       1648       5955        120        258         20
  357      24        148        579       9316        180        268         20
  358      22         99       2276          0         60        134         10
  359     142         59        291          0         30        172         10
  360     109         94       1274       1998        120        200         20
  361      16         35         87      10255         30        115         20
  362      34        149       1526       3958         60        216         20
  363     103         55         62          0          0        142         10
  364      92         65        223          0         30        202         10
  365     120        109         22       1769         60        170         20
  366      93         50         90          0         30        199         10
  367     100         78        126          0        120        193         10
  368      85         58        441          0          0        166         10
  369      27         46        210         59        120        204         20
  370     106         83       5186          0        300        442         10
  371      34         61       7125          0        300        408         10
  372      45         78        146          0         90        165         10
  373      24        100       4040          0        150        250         10
  374     101         20         13          0          0        101         10
  375     142         91       6861          0         90        256         10
  376      28         14       1745       1926        120        265         20
  377     164         90        344      14656        120        186         20
  378     101        117        637       2111         60        233         20
  379     155         55        178          0        150        248         10
  380      46        116        290          0        180        280         10
  381     150        108       1173       3114        330        470         20
  382     102        120       3112          0        210        291         10
  383      45         86       3936       3369         30        202         20
  384     120         97         25          0         60        171         10
  385     110         92       2702          0         60        221         10
  386      64        137       1077       1708        360        530         20
  387      85         45        142          0          0         96         10
  388      88         72      14867        133        150        244         20
  389     100        101      10151       2654         60        201         20
  390     119         55       3884          0          0        135         10
  391      57         37       1885      13115          0        114         20
  392     100         67       6851         56         30        135         20
  393      85         76      13438          0        300        434         10
  394      53         21       1800          0          0        105         10
  395      98        122       2566          0        120        290         10
  396     138         99       1838          0        150        245         10
  397      48         47         97          0          0        132         10
  398     155         24         30          0        120        262         10
  399      80         46         81          0          0        102         10
  400     121        143       4376          0        330        471         10
