400_139

CUSTOMER  VEHICLE
NUMBER	  NUMBER     CAPACITY    DispatchingCost
    400     500          40000       100

CUSTOMER
CUST NO.  XCOORD.   YCOORD.   DDEMAND   PDEMAND   READY TIME  DUE TIME   SERVICE TIME

    0      41         23          0          0          0        960          0
    1     110        119       4225          0        180        249         10
    2      69         22       7888       3483          0         63         20
    3      76         59       1014          0         60        225         10
    4     111         35       4771       2527        360        476         20
    5      12         98       1233          0         90        246         10
    6     174         93       1500         15        150        250         20
    7      32        115       6757       1941        390        527         20
    8     104         91         86          0         60        220         10
    9       2         17       1772          0         30        156         10
   10      26        121       3377          0          0        143         10
   11      80         70       2014          0        120        276         10
   12      78          7       1210        450         30        145         20
   13      10         51        613        348        120        259         20
   14      31          4       4408         12        330        490         20
   15     189         85       1869       1825          0        199         20
   16     138        128       1884          0         30        182         10
   17      49         43       6547          0          0         81         10
   18     151        120       2582          0        300        443         10
   19      21         98       3613       6345        120        220         20
   20      33        131       2198        336        150        232         20
   21     104         68        144         74          0        133         20
   22      17         18       3480          0          0        104         10
   23     154         25         16        113        120        191         20
   24      88         16        204          0          0        101         10
   25      87        113       6124          0        120        229         10
   26     160        136       1923          0        360        466         10
   27      69         51       7005       1959        120        239         20
   28      59         14       2558         67        120        248         20
   29      97         68       2799          0        120        211         10
   30      95         66         82        101          0        108         20
   31      36        106         73          0         60        140         10
   32      53         17       4330          0          0         77         10
   33      85         76        465          0        150        278         10
   34      12         45       1481       6546          0         80         20
   35     136        148         58          0         90        228         10
   36       9         49         10       1737        120        191         20
   37     132        121       1538       2076         90        185         20
   38      82         56        213          0          0        102         10
   39     171         66       1122       7730         30        191         20
   40     148         30       1881       2382         90        218         20
   41      66         63        418          0        150        221         10
   42     176        113         45          0        120        275         10
   43      30         73       2255        840        150        287         20
   44      99         54       2078          0          0        135         10
   45      59        134        864          0        120        196         10
   46      89         36         11        504          0         79         20
   47     152         56       1331       1863        150        267         20
   48      21         41       7170          0          0        102         10
   49     158        128         27       1673         60        235         20
   50     164         85        630       5376          0        171         20
   51      60         13       2205          0        120        205         10
   52      47        129        171          0         60        154         10
   53     194         82       2787       2387         30        203         20
   54     101         97         17         91          0        133         20
   55      99         45        936      14064        120        198         20
   56      51        114       1974       1723        300        401         20
   57      81        134       4190        363          0        165         20
   58     120         33       9977          0        390        496         10
   59     119         45         22          0          0        141         10
   60      68         73       1260          0        150        261         10
   61      10        117       1920         10         60        148         20
   62     114         49       2303          0        150        228         10
   63     154         31        178       7866        180        251         20
   64      28        120       8107          0         60        174         10
   65      95         38        433          0          0        100         10
   66     131        104       6827          0        330        469         10
   67     147         61       1269          0        420        495         10
   68     160         92        750       2077         60        218         20
   69      38         68       7844        348          0        107         20
   70      87          8        240          0        120        260         10
   71     176        111       1654          0         90        220         10
   72       2         22       6503          0          0        136         10
   73      83        141        744          0        150        228         10
   74     176         52       2360          0        300        472         10
   75     135        121        172        566         60        196         20
   76      82         15        133          0        120        254         10
   77      45        147         86       1572         60        228         20
   78      82          8        280          0          0        133         10
   79     125        102         61          0          0        167         10
   80      58         86         21       9756        150        289         20
   81      62         56         21          0          0        155         10
   82     142         31       1380          0         60        168         10
   83      67         94        266          0         30        128         10
   84      43        129       1640          0         60        141         10
   85     148        116       3610          0        300        445         10
   86       7        116        147       1749        120        281         20
   87      69        134       1305          0        180        259         10
   88      66        150        152       3714        450        521         20
   89      91         55         90        839          0        158         20
   90      52         28       8254       2295        420        513         20
   91     115         64         92          0        150        252         10
   92     100         19       9275       4376        420        523         20
   93     122        139        175          0        150        254         10
   94      73         96       1678       2545        180        255         20
   95     101         81         40        319        120        263         20
   96     100         67      12718          0          0        141         10
   97     109         94      15000          0        300        463         10
   98      86         99         17        389         30        138         20
   99      82         12       2968          0          0        175         10
  100      86         80        437        941         90        230         20
  101     105         81         58          0        120        290         10
  102     134         55       1993       3211        150        296         20
  103      88         54       1037       7180          0        101         20
  104      29        135        888          0        210        287         10
  105     151         22       1517          0         30        160         10
  106      42        107       1530         99        120        238         20
  107      15         10        239          0         30        168         10
  108      92         70       2000       2991        330        401         20
  109     101         85        106        287         60        232         20
  110     177         47       2378        271        450        516         20
  111     161         35       5904          0        150        244         10
  112      60        122       4717          0          0        139         10
  113     107         63        800       1174         90        243         20
  114       7         33       2495        190          0         98         20
  115     149        136       1418       5946        120        280         20
  116      35          8        130        263        120        294         20
  117     120         85        853       2631          0        163         20
  118     105         41       2559          0        120        277         10
  119      72         99       1519       3868        180        290         20
  120      63         20         81          0         30        101         10
  121     117         97        345          0         60        189         10
  122      64         44       1799       6800        120        218         20
  123      61         49       1613       5466        120        195         20
  124     109         75       1710        193         30        155         20
  125      32          5        585          0        120        246         10
  126      69          1       3049          0        120        237         10
  127      74         20        127          0          0         75         10
  128      88         87       9970          0        180        279         10
  129      96         81       1570          0          0        130         10
  130      30        155       1745       2364        120        269         20
  131      12         55       1489          0        330        424         10
  132     154         76        274          0         60        234         10
  133     135         26       2810       1097        390        452         20
  134     139        104       1682          0        300        407         10
  135      42         73        305          0        120        233         10
  136      58         79       2086       1894        360        458         20
  137     168        109       2850      11299        180        286         20
  138      40         86       2078       5659        120        295         20
  139      13          8       2823          0          0        149         10
  140     117        145       1686          0        180        294         10
  141      53        120        132        741         60        159         20
  142     154        131       5120          0          0        201         10
  143     131         18       2262          0         30        158         10
  144       7         28       1609          0        180        298         10
  145     146         56        260          0         30        161         10
  146     104         70        513       4698         60        165         20
  147     145         38         40          0         30        156         10
  148     137        103       1733          0         30        170         10
  149      57         70       1258       2997        360        467         20
  150      67         91       2857       4092         30        203         20
  151      62         45       1457       1225        300        410         20
  152     152         87        973         97         90        170         20
  153     116         65       2686         62          0        140         20
  154      16         81       2208          0         30        190         10
  155     120        117       6626       6368        420        525         20
  156      51          1       1834       3239         30        141         20
  157      59         81        835          0        120        188         10
  158      78         65        960       4741         60        203         20
  159      30         45        198          0        120        233         10
  160     177         48         15          0          0        183         10
  161     170         82       1975       9336         90        250         20
  162      57        145      11350          0        120        190         10
  163     141        103       2428          0          0        171         10
  164      17         21        194       1014         30        154         20
  165      89         80       6860          0         30        142         10
  166     109         51       1301        299        300        459         20
  167      61         31         55       1184        120        253         20
  168     139         91       1580        714        150        260         20
  169      81          8       1604          0          0        135         10
  170     169         76       4559         30        150        249         20
  171      68         96       2516        394         60        134         20
  172     102         27         33       2085          0         98         20
  173      42        125        199       1517         60        233         20
  174     164         73        887        104        150        229         20
  175     121        142       1557      13443        120        242         20
  176     102        114         11          0        330        432         10
  177      69         24       3234        160        120        282         20
  178      53         65        434         10          0        103         20
  179     172        108         11       7575        120        286         20
  180      80         46       5532          0          0        136         10
  181      14         39       9754          0        330        465         10
  182      13         26        384        211        120        187         20
  183      45        116       4319        893          0        140         20
  184     151        143         28          0         60        195         10
  185     176         47       5280          0         90        196         10
  186      45         49       5376       2860          0        133         20
  187      56        103        152       9040          0        124         20
  188      30        117       1507          0         60        160         10
  189      96         66       7052          0        150        258         10
  190      67         39        178      13912        120        188         20
  191     110         49      13648          0          0        111         10
  192      81         56        315          0        120        199         10
  193      86         77        357        986        180        260         20
  194      85         10       3602       3479        150        245         20
  195      10        116       1261          0          0        149         10
  196      34        106        384        417          0        148         20
  197      55         91        348       2453        180        289         20
  198     129         71       1103          0        360        501         10
  199     130         90       3094          0          0        154         10
  200     100         53      13506          0        120        254         10
  201     121        143       4376          0        330        471         10
  202     122         40        307       3485        120        198         20
  203      29         68       1074          0         60        197         10
  204      26        127        117       1919        330        435         20
  205      25         47        260          0        120        197         10
  206     198         79       1205          0         90        203         10
  207      40         30       1495          0          0        124         10
  208      90         29        600          0        120        192         10
  209     145        124       2437          0        150        252         10
  210      30        106       3753          0        150        219         10
  211      66         86       3604          0         90        173         10
  212      79         16        706       6211        360        441         20
  213     101         55       4728          0        420        528         10
  214     101        117        637       2111         60        233         20
  215      97         86       4135      10865          0        154         20
  216       4         23       1989          0        150        244         10
  217      62         67       2332          0        360        441         10
  218     172        113         47          0         60        231         10
  219     138         99       1838          0        150        245         10
  220      41        145        831          0        120        245         10
  221      78         87      15000          0          0        144         10
  222     180         58        107          0         90        264         10
  223     117        146         75       4866        120        193         20
  224     121        147       1605          0        150        260         10
  225     162        117       3616          0        210        281         10
  226      25        155       4785          0        390        528         10
  227     107         21        876          0        120        285         10
  228      53         37       5955       2429        120        290         20
  229     176        126       5559          0          0        216         10
  230     100         65       3415          0          0        128         10
  231      20         39         60        108          0        106         20
  232     139         33      12751          0        330        491         10
  233     107         61        197          0         90        251         10
  234      73         55      14262          0        120        289         10
  235      60         49       5316          0          0         81         10
  236     146        132       4255          0         60        217         10
  237     122         34       2224          0        120        223         10
  238      27         73        330         57        120        289         20
  239     119         55       3884          0          0        135         10
  240      88        127       1988        553         60        149         20
  241     121        129       2805       1791        180        279         20
  242     112        112       8742          0        420        526         10
  243      67         87       3590          0         90        258         10
  244      90        119       1869       9807        360        431         20
  245      76         94         44       1776         60        198         20
  246     179         67        382       1583         60        193         20
  247      60         43        136          0        120        193         10
  248      36         20        110        718          0        176         20
  249      57         94        752          0         90        164         10
  250      31         76       1982          0          0        164         10
  251      97         84        101          0        120        278         10
  252      28         14       1745       1926        120        265         20
  253     142         28      14988         12        150        244         20
  254      90         28       4659          0          0        102         10
  255     150        127       3450         58         90        181         20
  256     111        131         82       1349        150        234         20
  257      33         70        712       2199         30        183         20
  258     191        100       3104          0        150        215         10
  259     103         96         20       1989        150        281         20
  260      96         68       1630          0          0        108         10
  261      78          6       6345       6106        120        248         20
  262      15         42       5014       1889        330        436         20
  263     150         49      15000          0         30        198         10
  264      13        119        606          0        210        287         10
  265     169         82        150         17        120        225         20
  266      85         75        110          0          0        115         10
  267     115         31      12292         35        120        289         20
  268      75         55         74          0        120        232         10
  269     160        108        591       3008        180        248         20
  270      73         43         75       1067        120        284         20
  271      97         36       9156       2225          0        165         20
  272      85         61       3805        210         60        151         20
  273      90         92         15          0        120        228         10
  274      29         31       1680          0        120        284         10
  275     124        136        994          0         60        188         10
  276      86         52       1157          0         90        251         10
  277      25         52       5079       2017        180        287         20
  278      28         81       4605          0          0        105         10
  279      34         33         57          0         30        165         10
  280      91         70        763          0        120        218         10
  281      55        102       1082          0         30        173         10
  282      20        116       2331      12669        120        252         20
  283      65         74       1081       6938        150        218         20
  284     126        106        997        107         90        173         20
  285      59         64        610         25        120        289         20
  286     155         88         83        748         90        186         20
  287      39        107       3078       1042          0        129         20
  288     175         51       1655          0          0        169         10
  289      92         84       1989         56         60        146         20
  290     107         70       6738          0        360        463         10
  291      88         73      14285        715          0        119         20
  292      47        137         33          0        120        298         10
  293     109        146       4850       6304         60        190         20
  294     140        109         60          0         90        199         10
  295      45        126      13180          0         90        167         10
  296     150         81       1824       1361          0        156         20
  297     151         92        543       7575          0        168         20
  298     174         54       1034          0        180        264         10
  299      56         19       4992       2542          0        140         20
  300     150        140       3400       2503        120        215         20
  301      39         27       6210          0        120        192         10
  302      27        127       1363       1951         60        162         20
  303      37         15       3805        746        420        522         20
  304     187         93        703          0        120        225         10
  305     185         73       1929       2138         60        194         20
  306      75        156        323         11         90        235         20
  307     151        123       9812       5188        360        535         20
  308      39         52         90          0          0        107         10
  309      13         84        171       3282        360        473         20
  310      94        103       1518        686        120        260         20
  311      42         14       2710          0         90        230         10
  312      52         92        577          0        180        285         10
  313      70         72       2975          0        120        253         10
  314      29        131       1225       2550        300        396         20
  315     153         42        610          0          0        148         10
  316      16        122       1708          0         30        145         10
  317      68         21       1661          0        150        229         10
  318     114         27      13557       1443          0        122         20
  319      77          6        503          0        120        228         10
  320      64         12       2020          0          0         84         10
  321      52         61       1464       1944          0        101         20
  322      41         79        367        539        120        283         20
  323      13         12       1157       1527          0        129         20
  324     109         98       2338       2432        120        246         20
  325      80         48        173       3613        120        194         20
  326     179        114       2024        197         60        211         20
  327     169        147       1975       1611         60        223         20
  328      30         43       2209          0        120        293         10
  329      32        100       2565          0        150        222         10
  330      66         71       7810       7190          0        103         20
  331      30         54       1177        525        120        290         20
  332      55         16        739          0        360        507         10
  333      93         84       3602          0        120        227         10
  334      75        130        263          0         60        165         10
  335     136         72       5681        483        360        525         20
  336     148         23        926          0          0        141         10
  337     141         45       1895          0        120        261         10
  338     115         90       8548         88        150        286         20
  339      17         36       1330         14          0         99         20
  340     123         72      10147          0        300        412         10
  341      99        113        202          0          0        153         10
  342     135        136        303          0          0        197         10
  343     117         35        497       2383          0        120         20
  344      15         37       1254       5746        120        257         20
  345     106         84       3643          0        150        289         10
  346     158         33        775       1136          0        160         20
  347      95         91       1841       1378          0        166         20
  348     106         82       1920       3037          0        161         20
  349      65         86         98          0        150        229         10
  350     106         59       4453          0         90        161         10
  351     122         83       4009          0         60        228         10
  352      88         13         60       1333          0        126         20
  353     148         46         70          0         30        160         10
  354     108         46        128          0        150        249         10
  355      46        125       1175      13825          0        153         20
  356      19        124       6407        627        120        283         20
  357     103        127       4593       2410         60        157         20
  358     132         61         15          0        120        265         10
  359     142         29      10671        395        300        403         20
  360     118        100        337          0         60        214         10
  361     127         93       3266          0         30        163         10
  362      87         63       4966       2305        300        432         20
  363     116         83        365          0        120        227         10
  364      21          7       1038          0         90        189         10
  365      57         45        202        137        120        186         20
  366     166         28       2289       1712        180        263         20
  367     194         80       1352          0          0        205         10
  368      30         42      11298          0        150        212         10
  369     110         21        806          0        330        464         10
  370     106         55       1939          0          0        108         10
  371     177         74         50        113         60        200         20
  372      35         49         56        259        300        410         20
  373      21         78       3399          0         60        163         10
  374     101         20        428       1271        120        184         20
  375      88         67       3417        697        390        526         20
  376      50         80        673       1629        300        404         20
  377      23         93       3399          0         60        129         10
  378     140         66         72        298          0        154         20
  379      46        113        442          0          0        171         10
  380     115         96       3726          0         60        145         10
  381     170        118       1758          0        390        454         10
  382     158        142        156        107          0        211         20
  383      75         90       5745          0        150        217         10
  384      53        153         46          0         90        175         10
  385     111         70       2613       8002        120        181         20
  386     102        120       1840          0         90        252         10
  387      66         58       1700      13300        120        288         20
  388      10         48        395       6125        120        186         20
  389     116         43       3860          0        120        198         10
  390      26        126       3808       1708        180        277         20
  391     170         81       3004      10698         60        191         20
  392     140        125       4694       8547        300        431         20
  393       5         36       1577          0          0        167         10
  394     149         94        165        502        180        259         20
  395      76         78       3955       4377        120        287         20
  396     132         48        526         24          0        134         20
  397     118         94        325       1706         60        162         20
  398      85         58       7139          0         60        223         10
  399     131        123       4519          0         60        194         10
  400     115         83       1898          0         60        185         10
