400_143

CUSTOMER  VEHICLE
NUMBER	  NUMBER     CAPACITY    DispatchingCost
    400     500          40000       100

CUSTOMER
CUST NO.  XCOORD.   YCOORD.   DDEMAND   PDEMAND   READY TIME  DUE TIME   SERVICE TIME

    0      41         23          0          0          0        960          0
    1     172         43        183          0         90        186         10
    2      23        110        406          0        300        412         10
    3     150         46       3578       1196         30        162         20
    4      57         70       1258       2997        360        467         20
    5     180         58        107          0         90        264         10
    6     100         67       6851         56         30        135         20
    7     144         34       2376       1927        360        436         20
    8      74        119         60          0        120        261         10
    9      74         92         36          0        120        249         10
   10     125         79       1293       1492        300        410         20
   11     103         96         20       1989        150        281         20
   12      15         37         90       6257        180        253         20
   13     161         63       1848          0         90        223         10
   14      82          7        160       5421        360        526         20
   15     157         96        237          0         60        181         10
   16     148        116        105          0        120        216         10
   17      27         46       1424          0          0         86         10
   18      77         42       7692       2905        360        445         20
   19      59         48       8964          0        120        190         10
   20     104         55       4342          0        300        417         10
   21     103        127        110        439         60        169         20
   22      40        133       1587       5873         60        158         20
   23       7         28       1609          0        180        298         10
   24     155         35         78          0         30        161         10
   25     159         83        515        152        120        299         20
   26     110        134         18          0        120        254         10
   27     115         83       7608          0         60        160         10
   28     130         90       3094          0          0        154         10
   29      26         73       6403         37        300        478         20
   30      48        129       2502        151          0        169         20
   31      32        112        584          0         30        174         10
   32     170        137       1498      13502         90        218         20
   33      15         10       2020          0         90        184         10
   34     104         81       1122          0        150        219         10
   35      93         94        631       7181         60        138         20
   36     186        106       9756          0        120        221         10
   37     188         95        130        385          0        214         20
   38      57        145        402          0         60        234         10
   39     148         47       1791       3160        150        259         20
   40     151        120       2582          0        300        443         10
   41      97         37        103       2795         30        196         20
   42      27         76       2700          0         60        142         10
   43      33         64       1687       1516        120        268         20
   44     161        117        282          0        120        219         10
   45      73         43         75       1067        120        284         20
   46      51        101       1585       4770        120        188         20
   47       7         32         33       3879        120        195         20
   48      83         25       2025         40          0        157         20
   49      75         34        661          0          0         72         10
   50     188         79        566        126          0        216         20
   51      58         86       1700         43        120        201         20
   52      69         90       1998          0         30        196         10
   53     196         74       1716       1860        120        211         20
   54     114         49       2303          0        150        228         10
   55     117        100       1616       5146        150        285         20
   56      86         86         86          0        180        250         10
   57      91         12       2290          0          0        134         10
   58      33         20        720          0          0        168         10
   59     109         51       1301        299        300        459         20
   60      52         10       3033          0        300        425         10
   61      51        115         15       6725         60        187         20
   62      66        109       1110          0        180        246         10
   63      98        122       2150          0        330        463         10
   64     107        138        472       3161         60        208         20
   65      53         45         31          0         30         95         10
   66      77        153       1501          0         30        174         10
   67      66         71        920          0        210        274         10
   68      81          8       1427          0          0        127         10
   69     168        147       2530        147          0        222         20
   70     175        124         14        181        120        215         20
   71      37         14        894          0        120        259         10
   72     168         49       2348      12652         90        168         20
   73       4         16       2745      12255        150        230         20
   74      61         49       1613       5466        120        195         20
   75      42         14       1514          0          0        159         10
   76     151        123       1225          0        120        221         10
   77     175         62        476          0         90        181         10
   78     163         77       6210       1909        210        272         20
   79     151         82         39          0        150        259         10
   80      37         72       6072       2024        150        287         20
   81     151        143         28          0         60        195         10
   82     145         69       2080       4330        420        492         20
   83      17         89       1542         38        120        289         20
   84      63         20         81          0         30        101         10
   85      20         21        920       1159        120        285         20
   86     163        111       1648       5955        120        258         20
   87     150         79         92        301         60        226         20
   88     133         70        282      14718          0        151         20
   89     154         27        443          0        300        426         10
   90       0          8       5321        105        120        223         20
   91     121         45        684          0          0        118         10
   92      55        116       3785          0        150        257         10
   93      17         21        194       1014         30        154         20
   94      90        124         22          0        120        291         10
   95      85         61       3805        210         60        151         20
   96     164         85       1673          0         90        219         10
   97      20        145         87          0         90        241         10
   98     132         44        200         62        120        196         20
   99     161         87       1361          0          0        184         10
  100      40         30       1495          0          0        124         10
  101      28         45       4270          0          0        110         10
  102      35         49         56        259        300        410         20
  103      47         96        920          0        210        283         10
  104     194         80       1352          0          0        205         10
  105      71         81       2228       7966         30        173         20
  106     110         69       7646         29        300        400         20
  107      70        119       1500          0          0        165         10
  108     127         37         54         92         30        159         20
  109      59        106       1712          0          0        136         10
  110      80         46        735        107          0        168         20
  111      95         66        265          0          0        149         10
  112     155         74       1604       7172        180        274         20
  113     143         66         95       1872         60        148         20
  114      77         44       4579       3422        120        285         20
  115     111         85       3239         34        120        268         20
  116     143        102       8871       6129        120        259         20
  117     138         56        108       7691        120        185         20
  118      76         56         43       5681         30        174         20
  119      39        139        663        180        180        290         20
  120      79         16         83          0          0         80         10
  121     107         70       6738          0        360        463         10
  122     111         65       3524       6652        360        492         20
  123     121        129       1491          0         90        263         10
  124     120         78         82         76         60        144         20
  125     101         81         40        319        120        263         20
  126     154         31        178       7866        180        251         20
  127      73         56         10          0          0        134         10
  128     122         66       3521          0         90        246         10
  129      57        144       1183       1365        390        517         20
  130     193         91       2004          0          0        211         10
  131      52         92        577          0        180        285         10
  132     102        114         11          0        330        432         10
  133      14        122        684          0        330        435         10
  134      86         76        670          0          0        120         10
  135      73        123         13       8002         60        151         20
  136       8         46        910        960          0         93         20
  137     137        143        188          0         60        189         10
  138     107         77       3438       2076        150        220         20
  139      78         74        443          0         60        140         10
  140      28        101        540       1706         90        248         20
  141      90        102       3642          0        390        518         10
  142      75        156        323         11         90        235         20
  143      95         68        202          0          0        164         10
  144      39        107        542       9983          0        161         20
  145      92         88       2076         67         90        250         20
  146     148         23        926          0          0        141         10
  147      51        150       1346       4497         90        249         20
  148     154        131       5120          0          0        201         10
  149     177        110         48          0         90        253         10
  150     140         38        155        448         90        262         20
  151       1         25         21       2013         30        188         20
  152      35        124       2695          0        120        189         10
  153      92         84       1989         56         60        146         20
  154      83        141         70         23        120        233         20
  155      19         90       1074          0        120        287         10
  156      51         47       3775       1544          0        159         20
  157      79        122       3671          0        180        260         10
  158      65         82       2552          0         90        170         10
  159      15        118       1205          0        330        404         10
  160      92        120        250          0         30        162         10
  161      90         73         89          0          0        134         10
  162      44        133        690        106        150        216         20
  163      67         87       3590          0         90        258         10
  164      53        103       1890          0          0        159         10
  165      77        120         22          0         90        230         10
  166      62        154         13       2433        210        296         20
  167      32        100       2565          0        150        222         10
  168     134        122        950          0        120        295         10
  169     160         78        606       1253        180        250         20
  170      46         18        392          0          0        105         10
  171     138         99       1838          0        150        245         10
  172     119         45         22          0          0        141         10
  173     106         84        841       1474         60        133         20
  174      63        111        378          0         90        262         10
  175     101         97       3191          0         30        197         10
  176       7        117         16      10588         60        175         20
  177       4         23       1989          0        150        244         10
  178      57         29        170          0          0        129         10
  179     190         58       4309         30        180        250         20
  180      62         67       2332          0        360        441         10
  181      36         87        913      10752        180        297         20
  182     160         92        750       2077         60        218         20
  183      41        145       7246       3055        120        258         20
  184      99         58       3995        140        300        401         20
  185      34         33         57          0         30        165         10
  186     113        121        221         44        180        251         20
  187      14         39       9754          0        330        465         10
  188      42         52       1802          0          0        145         10
  189     167         47       2447       1752        330        440         20
  190     146        112       3512          0         90        178         10
  191     158         24       5374          0          0        166         10
  192     132         61        202       6386          0        142         20
  193      82        107       2525        182         60        195         20
  194     183        102       2558        334        120        228         20
  195     110         98         56       7374         90        178         20
  196      90         28       4659          0          0        102         10
  197     131        104         65          0         30        166         10
  198      92         70       2000       2991        330        401         20
  199      12         15         29          0          0         97         10
  200      79        101       4006        199         60        144         20
  201      56         64        170       5400         60        195         20
  202     116         94        824       1815         30        203         20
  203      22         44       4416          0        360        458         10
  204      20         39         60        108          0        106         20
  205      29        101       2168         29         30        159         20
  206      45         49       5376       2860          0        133         20
  207      88         67       3417        697        390        526         20
  208     132         93       2419          0         90        231         10
  209      48         83       1995      13005          0         99         20
  210      17         36        524          0          0        104         10
  211     158         75       5351       9649        390        455         20
  212     180         95         29          0        300        423         10
  213      97         46         56       6099        120        244         20
  214     100         73         96          0        150        256         10
  215     115         31      12292         35        120        289         20
  216     126         36       2136        234        120        259         20
  217     150        127       3450         58         90        181         20
  218      14          4         53       4356        120        222         20
  219     119         98         19          0        120        243         10
  220     146        141       2236        972        210        296         20
  221     168         75       7179       1173         90        236         20
  222      38         31       2308      12692        300        399         20
  223      97        113       1510       3134         60        192         20
  224     142        126        968         17         30        179         20
  225     122         59        641          0         30        183         10
  226      40        112       1854          0        390        460         10
  227      81         66        124          0         60        166         10
  228      56         49       1691       6109        120        260         20
  229      29         68         18          0         90        218         10
  230     154         25         16        113        120        191         20
  231      28         10        181        583        120        276         20
  232      52          0        487          0        120        228         10
  233      39         48       2016        286        300        401         20
  234      56        114        226       2021         60        151         20
  235      39          4       6177        873        330        456         20
  236     121         49       3096        618        150        220         20
  237       5        116       2632          0         60        225         10
  238     118         94        325       1706         60        162         20
  239      66         63        617        672        360        469         20
  240      55         16        739          0        360        507         10
  241     194         60       6296        390         60        206         20
  242      80         70       1403          0        120        221         10
  243      73        157        383          0        300        456         10
  244      42         62         51          0         60        172         10
  245     173         95       3140       2399          0        199         20
  246      16         62         77       8312        120        241         20
  247     160         77         26       3784          0        164         20
  248     159        127       2388       2516         60        201         20
  249      13         38       2296          0        150        274         10
  250     106         10       2243       2026        360        496         20
  251     167         57       3868        200         60        201         20
  252     153         52        615          0         90        231         10
  253     153         48        280          0         90        171         10
  254      30         38       1519        107         90        253         20
  255     127        105       1265          0         30        192         10
  256     176         59        200       2283        150        254         20
  257      57         37         14          0        150        219         10
  258     128         72      13201       1799        210        287         20
  259     175         51       1655          0          0        169         10
  260      60         43        136          0        120        193         10
  261      59         81         90       3021        120        228         20
  262     131         44        310          0        120        188         10
  263      91         35        111          0          0        115         10
  264     157         59        447          0          0        170         10
  265      29        108        306       1816        180        277         20
  266     103         56       4371       2547        300        475         20
  267      86         80        437        941         90        230         20
  268     120         85       3926          0         30        157         10
  269      63         90       1747       1114        150        223         20
  270     169        147         10          0         60        217         10
  271     126        133       1838          0        330        431         10
  272     173         62         44       5374        180        285         20
  273      87         93        784          0        150        294         10
  274      29         38         22          0         90        162         10
  275      24        100       4040          0        150        250         10
  276      77         55        280       1511          0        110         20
  277     144         54       1767       3023          0        147         20
  278     118         45       1597        289         30        129         20
  279      89         79        987         92         60        167         20
  280      49        148       1504       1889          0        167         20
  281     105         79       1959          0        180        242         10
  282     123         52        720          0        180        240         10
  283     120         33       9977          0        390        496         10
  284      64         90         81          0        360        493         10
  285     113         71       5854       3098        300        427         20
  286      88         87         35       5653        180        289         20
  287      69         51       7005       1959        120        239         20
  288     117         56       8002        836        330        431         20
  289      30        154        476        309        360        461         20
  290     137         38       5135          0        210        280         10
  291      37        100       2569          0        120        286         10
  292      53         78       5064         22          0        101         20
  293     100         29       3137        668          0        114         20
  294      73         92       5409        719         60        236         20
  295      98         53       1297          0          0        172         10
  296      51        114       1974       1723        300        401         20
  297     102         93       2828       1365        360        427         20
  298      26        121       3377          0          0        143         10
  299     117         63       4027       1999        120        279         20
  300      86        135         18       2115         90        257         20
  301     148         43       1176          0        330        408         10
  302     127         93       3480        233        180        254         20
  303     115         61         14          0         60        166         10
  304      51        134         14          0        120        275         10
  305     179         48         45      11000         90        189         20
  306      91         55         90        839          0        158         20
  307     148        114        581          0        210        286         10
  308      16          6        552       5947        120        219         20
  309      55         67       2489          0        150        227         10
  310       6         26       3038       1970          0         96         20
  311      35          8       1992       2702        120        286         20
  312      47         51       2207       5899         30        115         20
  313      10        116       1261          0          0        149         10
  314     148        128       2169          0          0        198         10
  315      53         61       4698        108          0         90         20
  316     122         83       4009          0         60        228         10
  317     104         39        228          0          0        130         10
  318      19         13        108          0         90        247         10
  319      83         86         89          0         90        182         10
  320      25         47      14315          0          0        133         10
  321     162        117       2284          0         60        219         10
  322      83         64        259         54          0         95         20
  323      85         75        110          0          0        115         10
  324     111         83        937          0        420        533         10
  325     120        103      13520        261        120        229         20
  326     150         27         93          0        150        227         10
  327      26        126       1513          0        360        522         10
  328     139         66       1790          0        150        219         10
  329      80         93       2005         32        120        197         20
  330     192         62         41       2702          0        202         20
  331      90         83       2995          0         60        163         10
  332     176         77       5595          0        120        189         10
  333      69         92       2542          0        120        291         10
  334     185         44         40          0         60        220         10
  335     183         60       1659          0        210        281         10
  336      73         81         86        312        150        293         20
  337     102         75       2796          0        210        287         10
  338      75         90       3133       1153        390        472         20
  339     142        124       3269          0        120        281         10
  340      15         54         12        107        180        278         20
  341      31         40       6651       4849        150        222         20
  342     107         93       2516        758        360        430         20
  343     163         29       4002          0        150        229         10
  344      57         26         62         59        120        216         20
  345      45         78        146          0         90        165         10
  346      87         81        949          0        360        471         10
  347      33        155       6212          0        390        519         10
  348     176         47       5280          0         90        196         10
  349      31         13       1844        847        120        221         20
  350      55         65        330       1770        120        285         20
  351      52         46       4320       2221        120        249         20
  352     106         65       3641       1748        150        251         20
  353      65         86         98          0        150        229         10
  354      80        139        255          0         90        196         10
  355      60         37       1380          0        120        233         10
  356      90         16       1667       4478         30        198         20
  357      78         10        112          0        120        199         10
  358      45         54       3180       6006         30        108         20
  359     141         45       1895          0        120        261         10
  360     119         55         96       1895         90        199         20
  361     166         83       2535        376          0        189         20
  362      48         46       3295       5889          0        146         20
  363     143         31        112          0        300        434         10
  364      55        102       1082          0         30        173         10
  365      59         54       4886       3022          0        163         20
  366     140        128       1927       1818         90        188         20
  367     113         37         38       1293          0        132         20
  368     144         86       6707       6109        120        228         20
  369     119         33        108         80        150        220         20
  370     147         38       1937         50         90        223         20
  371     137        145        199      11844        120        246         20
  372      73         55         20      11550        120        292         20
  373     115         64         92          0        150        252         10
  374     170        139       2300          0        180        263         10
  375     179         67        382       1583         60        193         20
  376      48        151       1789         40        330        460         20
  377      36         20        110        718          0        176         20
  378     172         39       6060          0          0        177         10
  379      43        122       6257          0         30        164         10
  380      53         65        434         10          0        103         20
  381      34         98        474         23         60        133         20
  382     130         68       1514          0          0        140         10
  383     160        118       6111       1029         90        224         20
  384     129         89         81         14         30        162         20
  385     152        146        505          0         90        231         10
  386     169         35       1862        106          0        162         20
  387     132         62       4261          0          0        136         10
  388     101         55       4728          0        420        528         10
  389     176         46       2784        182         90        183         20
  390      81         18      11287       2416        120        228         20
  391      69         24       3234        160        120        282         20
  392      81         11       1613          0        120        234         10
  393      29        131       3180          0        180        290         10
  394     106         96       8663        587         30        141         20
  395      58         21       1892          0          0        135         10
  396      24        114       1755          0          0        144         10
  397     123         54        288         45         60        232         20
  398      66         86       3604          0         90        173         10
  399      74         63       2340       8107        120        225         20
  400      76         31        364          0        330        409         10
