400_146

CUSTOMER  VEHICLE
NUMBER	  NUMBER     CAPACITY    DispatchingCost
    400     500          40000       100

CUSTOMER
CUST NO.  XCOORD.   YCOORD.   DDEMAND   PDEMAND   READY TIME  DUE TIME   SERVICE TIME

    0      41         23          0          0          0        960          0
    1     135        130        651       5137        120        260         20
    2     111         41        306       2191        120        230         20
    3      73        157       5588        126         90        171         20
    4      15         81       1625          0        180        276         10
    5      53         61       4698        108          0         90         20
    6     133        123      11040         38        120        225         20
    7      89         57        445          0        120        277         10
    8      31        106        686          0         30        169         10
    9     135         29       4413       2159         30        143         20
   10     148         32      10754       1881         30        164         20
   11     123         52        720          0        180        240         10
   12     196         74       1716       1860        120        211         20
   13      74         63        354          0        210        277         10
   14     137         49       8190       1015          0        145         20
   15     100         23        730          0          0        133         10
   16       0          8       5321        105        120        223         20
   17      41         79        367        539        120        283         20
   18     109         29       6576       2690          0        161         20
   19     105         79       1959          0        180        242         10
   20      20         39       2089       5003        150        253         20
   21      17         36       1330         14          0         99         20
   22     139         66       7243       6474        300        410         20
   23     149         29       8095          0          0        151         10
   24      56         10        115       1992          0        135         20
   25     112         75       5947          0        390        471         10
   26     198         67         52          0          0        199         10
   27      18         22        690        281        150        232         20
   28     141         58       4199       2130        360        473         20
   29     118         45       1597        289         30        129         20
   30      48         83       2181       2064        120        233         20
   31     179         61       8000          0         60        197         10
   32     109         65       1160       1863         90        253         20
   33     126         73       5113          0         30        168         10
   34     172         39        150       2010         60        168         20
   35      42        125       1366          0        390        531         10
   36      16          6       2550          0          0         86         10
   37      47        129       1464         56         30        161         20
   38      71        107        655          0          0        133         10
   39      94        103       1518        686        120        260         20
   40      62        151         60          0        180        264         10
   41     146        130       1611          0        180        278         10
   42     118        100        337          0         60        214         10
   43      76         87       6305          0        450        525         10
   44      29         35        280          0          0        128         10
   45     148        114        581          0        210        286         10
   46     187         93        703          0        120        225         10
   47      69         22        101          0          0        143         10
   48      95         68        202          0          0        164         10
   49     181         68       1149          0         90        185         10
   50     104         39        228          0          0        130         10
   51      33        137       1169          9        150        263         20
   52     148         30       5837       1870         90        163         20
   53      91         35       4009         41          0        172         20
   54     167        103      14692        308        150        214         20
   55      78          7       1210        450         30        145         20
   56      62        135       1240       2938         90        228         20
   57     156        115       1299        588        120        296         20
   58      76         16         16         49        120        234         20
   59     148        126       1719          0          0        199         10
   60      23        118       6397          0         60        201         10
   61      97         46       1528        525          0         99         20
   62     122         40         14          0        150        289         10
   63     198         85        594          0        120        288         10
   64     132        121        147          0        150        259         10
   65     148         94      12593       2407        150        227         20
   66      48        138        127          0        120        233         10
   67     120        129       7679       6372        180        276         20
   68      85         71        338          0          0        149         10
   69      25        117      14638        287          0        134         20
   70     113         71       5854       3098        300        427         20
   71     198         86       2360       2542         30        214         20
   72      57         94       1994          0        390        490         10
   73     140         94        300          0          0        162         10
   74     100         84        150          0        180        254         10
   75      60         60        208        908        120        192         20
   76     115         81       2084          0          0        142         10
   77      80         70       1403          0        120        221         10
   78     154         76       5420          0        180        283         10
   79      82         85       2110          0         90        197         10
   80     186         72       2562          0        450        526         10
   81     148         47       1791       3160        150        259         20
   82     185        103       2736       5906        210        287         20
   83     147         38       1937         50         90        223         20
   84     132         44        200         62        120        196         20
   85     101        111       4531       2816        120        277         20
   86     194         94        300          0          0        216         10
   87      96         81       6831          0        120        198         10
   88     130         68       1514          0          0        140         10
   89      99        108       6709          0          0        142         10
   90      73         65       1739       4416        120        231         20
   91      76         78       7643          0         90        229         10
   92     130        122       9733          0        150        257         10
   93      36         20       2287        292        120        282         20
   94      46        113       3136          0         60        219         10
   95      73        113        524       3301        180        286         20
   96      33         64       4213        333        300        410         20
   97      10        117       1817          0          0        149         10
   98     140        133       2253          0         60        196         10
   99      69         21       2988         37        120        196         20
  100      25         52       2409          0        120        276         10
  101      74        119        540          0        150        227         10
  102     183         60       1659          0        210        281         10
  103      46         46        105          0        150        275         10
  104     144         18        498        686        120        218         20
  105     170         82       4985          0        120        219         10
  106      55         91       4855          0        120        235         10
  107      57        145         64          0         60        221         10
  108      91         84       3872          0         60        158         10
  109      66         71        920          0        210        274         10
  110      41        145        831          0        120        245         10
  111     182        107         65        399          0        206         20
  112      65         88       3389          0        360        517         10
  113      68         73       4524       5873        120        191         20
  114     183         89         24          0        180        297         10
  115     188         66         84          0         30        196         10
  116      38         96        576        433        180        244         20
  117     109         98       2338       2432        120        246         20
  118     141        142       8313          0          0        206         10
  119      21          7       1038          0         90        189         10
  120      29        130       1851       2076         30        160         20
  121      34        127       8560          0        300        454         10
  122      21         78       3399          0         60        163         10
  123     169        147       1975       1611         60        223         20
  124      80        139        255          0         90        196         10
  125     111         85       2903          0        120        279         10
  126      51        101       1585       4770        120        188         20
  127      83        141         70         23        120        233         20
  128      35         63       2025          0          0        138         10
  129       2         22       6503          0          0        136         10
  130      57        144       1183       1365        390        517         20
  131     197         58       2012          0          0        192         10
  132      95         87       2218       4579         60        171         20
  133      76         31        364          0        330        409         10
  134     122         30       1332        207         30        154         20
  135     121         45        684          0          0        118         10
  136     126         72       7182          0        390        537         10
  137     151         92        543       7575          0        168         20
  138      70         51       7914         34        300        437         20
  139      52         46       4320       2221        120        249         20
  140     192         92       1307          0        120        217         10
  141     161         36      14657        343        390        502         20
  142     195         84       2484          0         60        218         10
  143     118         86         13          0        360        498         10
  144      46        116        290          0        180        280         10
  145      98         69       2480        219         60        174         20
  146      40        133         27         87        120        217         20
  147      72         86       1687       1497        180        254         20
  148      88         13         60       1333          0        126         20
  149      27         46        210         59        120        204         20
  150     105         41       4551       1073          0        169         20
  151     120         97         25          0         60        171         10
  152     145        114       8961          0        420        494         10
  153       8         46       1713          0        180        266         10
  154      90         47       2146          0        120        281         10
  155      68         21       3467          0        120        254         10
  156      62         76       3624        766        150        236         20
  157      11         17        198       1008         30        133         20
  158      82         15      13910          0        120        283         10
  159      82         92       4707       1260        300        440         20
  160     146         33        127          0         60        232         10
  161     150         67        227          0          0        155         10
  162     147         57       1502       7667        360        522         20
  163      66        109       4511          0        420        525         10
  164      36        106        805       1798        120        231         20
  165     144         54       1767       3023          0        147         20
  166      93         94       1154        595         60        127         20
  167      51        115        567       3605         30        192         20
  168     167        147       1644       1841        150        216         20
  169     191        100       3104          0        150        215         10
  170     114         77       2484          0        180        260         10
  171     125        103        101       1261         90        233         20
  172      61         63        183          0         30        140         10
  173      88         41       1275          0        120        221         10
  174       3         94       4474          0        330        402         10
  175     107         77       3716          0          0        153         10
  176      64         71        840       3155        300        416         20
  177      44         86         37          0          0         99         10
  178     177         47       2378        271        450        516         20
  179     116         43        480       1500          0        129         20
  180      17         49       1940         15        120        213         20
  181     106        103         56        943         90        166         20
  182      92         35       2586       1748        120        229         20
  183     109        122        320          0         30        205         10
  184      38         24       4771       7888          0        169         20
  185      69         90       1998          0         30        196         10
  186     105        152        367          0         30        179         10
  187     125         88         46       2162        300        441         20
  188     169        146       7197          0        360        435         10
  189      21         24       1893        322          0         66         20
  190      52         92        577          0        180        285         10
  191      99         64       1879          0         90        176         10
  192      59         54      11876          0        390        459         10
  193      74         92         36          0        120        249         10
  194     188         95        130        385          0        214         20
  195      43         16        992       1009        120        292         20
  196      62         45       1457       1225        300        410         20
  197      64        119        381        180          0        148         20
  198     168        109       2850      11299        180        286         20
  199      51        114       3536       5974         60        194         20
  200     159         83        515        152        120        299         20
  201      13        119       2319          0         60        227         10
  202     177        110       2025          0        120        261         10
  203     158         33        775       1136          0        160         20
  204     121        142       1553          0        120        205         10
  205      81         81        604          0          0        135         10
  206      69        134       1305          0        180        259         10
  207     139        104       1682          0        300        407         10
  208      47        133       4963          0         60        232         10
  209      26        126       3808       1708        180        277         20
  210     171         66       1122       7730         30        191         20
  211      40         86       6622       8378        450        525         20
  212      66         63        237        665          0        160         20
  213      60         10       2247          0          0         93         10
  214      42         23       4798          0         30        113         10
  215     121         85        191        147        360        438         20
  216      78         17       2692        337        390        461         20
  217     106         68        277       1874          0        123         20
  218     119         33        108         80        150        220         20
  219     176        111       6331          0        150        293         10
  220     135        121        169          0         30        182         10
  221      78         98       1310       2948         60        153         20
  222     111         83        937          0        420        533         10
  223      79         16      14945         55          0        154         20
  224      88         63       2453         17         30        116         20
  225     100        116       1850         13         30        194         20
  226      48        154         21        455         90        217         20
  227     107         70       6738          0        360        463         10
  228      49         84       1083          0         60        138         10
  229      24         59       3281          0        120        220         10
  230      25         47        260          0        120        197         10
  231      95        146       1549          0         90        195         10
  232       7         21        633          0          0        121         10
  233      15         37       1254       5746        120        257         20
  234      15         52        136       2360        150        242         20
  235     176         70       1430        164        120        192         20
  236      77         20       1976       8108          0        167         20
  237     128         71         92          0        120        292         10
  238     130         59       1572        688        120        212         20
  239      53         21       1800          0          0        105         10
  240     146        112       3512          0         90        178         10
  241     158        128         27       1673         60        235         20
  242      64        132        137          0         60        224         10
  243     174         54       1034          0        180        264         10
  244     106         82       1914          0        120        193         10
  245      67         87       3590          0         90        258         10
  246     151         77       4561       1854         90        228         20
  247     130         44        237          0        120        229         10
  248      45         49        112          0        120        275         10
  249     103        128       4840       1094        120        294         20
  250     151        120       2582          0        300        443         10
  251     199         87       1536        511        450        538         20
  252     160         77       1715          0          0        183         10
  253      85        135        377          0        120        220         10
  254     134        130      15000          0         90        191         10
  255      38         68       7844        348          0        107         20
  256      47        141        257          0        300        408         10
  257      19         98       5993          0        330        470         10
  258      22        149       4698         82         30        175         20
  259      35         97        196          0         90        170         10
  260     127         52        301          0         30        156         10
  261      39         96        594          0        390        498         10
  262     138        146         31          0         90        208         10
  263      61         30       2067       6210          0         72         20
  264     117        152        102       6373        210        283         20
  265     123        124       6744          0        330        442         10
  266      29         24       6196       8804          0         66         20
  267     103        127       4593       2410         60        157         20
  268      48         56       1950          0          0        162         10
  269     172        108         11       7575        120        286         20
  270      44         48       1146        110        390        471         20
  271      30        106       3753          0        150        219         10
  272      26        142       2365         31         30        168         20
  273      32         74        960       1273        120        220         20
  274      74         20       5221       6408        120        229         20
  275      74        121        458          0         60        167         10
  276     118         67       2780          0          0        168         10
  277      86         76        670          0          0        120         10
  278      80         64        665         95          0         97         20
  279      97         37        103       2795         30        196         20
  280     122         59        641          0         30        183         10
  281      57         29       1752          0        120        228         10
  282      11         19       5746        781        300        400         20
  283      63         48         62      13911         30        155         20
  284     126        106        997        107         90        173         20
  285     181         76        134        217        120        247         20
  286     117         79       4099        671        330        475         20
  287      17         89       1415          0         60        191         10
  288     162        118       2536          0        120        284         10
  289      92         88       2076         67         90        250         20
  290      66        152       3277         72          0        161         20
  291       5        116       2632          0         60        225         10
  292     101         81        196          0         60        224         10
  293      22         77      15000          0         30        200         10
  294      73         92       5409        719         60        236         20
  295      11         34        715       1709          0        163         20
  296     100         73         96          0        150        256         10
  297     173         95       4225       6623         90        201         20
  298      21         40       3810          0          0        140         10
  299      28         45       4270          0          0        110         10
  300      70         72       2975          0        120        253         10
  301      33        131       1500          0        120        250         10
  302      82        107       2525        182         60        195         20
  303     151         22       3910          0          0        168         10
  304      78         84       1819         76         90        260         20
  305       6         12         30        210          0         73         20
  306     154         39       2164          0          0        164         10
  307      22         15         90          0         30        174         10
  308       7         28       1609          0        180        298         10
  309      85         76       2490       5313        120        185         20
  310     173         87       5332          0        300        410         10
  311      18         37       1460        890        120        218         20
  312     127         37       5281        270          0        138         20
  313      82         12       2968          0          0        175         10
  314      22        151        380          0         60        177         10
  315     123         66       1816          0        330        410         10
  316     162         96         16          0         90        220         10
  317     125         79       1293       1492        300        410         20
  318      64         12       1443          0          0        143         10
  319     109         94       1512       2434         60        186         20
  320     103         95       5044       8107          0        150         20
  321     134        122        950          0        120        295         10
  322     137         17        493       2819        300        460         20
  323     160        118         65       1669         60        227         20
  324      45        147       1805        111        120        191         20
  325      68         94       4472       1951        120        198         20
  326      20        145         87          0         90        241         10
  327     174         93       1500         15        150        250         20
  328      56         19       4992       2542          0        140         20
  329      95         84       3079          0         90        213         10
  330     152         87        973         97         90        170         20
  331      97        113      10426         61         30        166         20
  332     150         20       3561          0        120        197         10
  333      60        151       1891          0        210        281         10
  334      60         13        324          0          0        103         10
  335      71        131        146        655         90        198         20
  336       7         33        300       6210          0        137         20
  337      30        155       1745       2364        120        269         20
  338      78         74        443          0         60        140         10
  339      86         81       2042          0        300        442         10
  340      99         37        108       1210        120        283         20
  341      69         51       7005       1959        120        239         20
  342     138         56       1926          0        180        273         10
  343     100         19        427       5297        120        227         20
  344      59         81        835          0        120        188         10
  345      86         56       1879          0         90        194         10
  346     134         89        282        197        360        437         20
  347     138        128       1884          0         30        182         10
  348     137         70        260       5735          0        151         20
  349      70        119       3059          0          0        148         10
  350     113         48       2963        624        300        410         20
  351      68         86        211       5088         60        201         20
  352      90         16       8545       2763        330        491         20
  353      78         65        960       4741         60        203         20
  354     101        117       2024         28          0        151         20
  355     111         65       3524       6652        360        492         20
  356      36         87       9982         43         30        165         20
  357     163        118       2063       4998         60        186         20
  358     119         98         19          0        120        243         10
  359      93         68       2354         34         60        217         20
  360     164         45        514          0         30        193         10
  361      79          7       4270       2827        120        280         20
  362      95         66        265          0          0        149         10
  363      69         24       3234        160        120        282         20
  364     146         40       1068       5200        120        237         20
  365      38        113        470       2221         60        207         20
  366      19         13       1044          0          0         64         10
  367      23        100         30         36          0        126         20
  368     167         94        888       5693          0        185         20
  369      84         75         36       4537        360        525         20
  370     151        143        783         35        150        291         20
  371      88         72      14867        133        150        244         20
  372     126        132       1749       1716         60        228         20
  373      45        116        336       7032         90        264         20
  374     151         49        118       1291        180        247         20
  375       6         49       4040          0        120        231         10
  376     133        102       3993          0         30        171         10
  377      94        118       1771          0         60        192         10
  378     123         53        829       9903        180        246         20
  379      34         33       6923          0          0         76         10
  380     120         85         96          0        180        297         10
  381      89         79        987         92         60        167         20
  382      52        152       1744          0        120        206         10
  383     193         92       2155       4270          0        207         20
  384      68          2        198        181          0        115         20
  385      87         93         35          0          0        128         10
  386      41         74         87          0         90        169         10
  387     117         35        497       2383          0        120         20
  388      39         48       2016        286        300        401         20
  389     131         44       2513        428        150        226         20
  390      52          0        487          0        120        228         10
  391      31          4       4408         12        330        490         20
  392     142         28      14988         12        150        244         20
  393     158         30         30          0        330        494         10
  394      29        110         55        432         60        199         20
  395      78          6       6345       6106        120        248         20
  396      81          8        254         86          0         85         20
  397     171        104        123          0         60        225         10
  398      92         70       5901          0        180        280         10
  399      34         79       2759          0         90        263         10
  400      99         57        924          0        450        525         10
