400_150

CUSTOMER  VEHICLE
NUMBER	  NUMBER     CAPACITY    DispatchingCost
    400     500          40000       100

CUSTOMER
CUST NO.  XCOORD.   YCOORD.   DDEMAND   PDEMAND   READY TIME  DUE TIME   SERVICE TIME

    0      41         23          0          0          0        960          0
    1      29        130        127          0        120        295         10
    2     107         98         82       5359         60        193         20
    3      35         26         19          0        120        224         10
    4       5         14       4792          0         30        102         10
    5      72         86       1687       1497        180        254         20
    6      15         81       3726       2012          0        103         20
    7      65        134        847        877        120        230         20
    8      41         70        684          0          0        172         10
    9     100         14       1850          0        120        263         10
   10     148         33       4248          0        450        511         10
   11     108         29       6317          0        420        527         10
   12     101         85        431       3769        420        521         20
   13      12         15       1272          0         90        189         10
   14     106         66         82       1254         30        183         20
   15     103         96         20       1989        150        281         20
   16     117         42       1478        505          0        131         20
   17      79          7       4270       2827        120        280         20
   18      26          9         90        686        120        243         20
   19      57        145        402          0         60        234         10
   20      23        100         30         36          0        126         20
   21     133        102       3993          0         30        171         10
   22      70         64        104       5643        300        427         20
   23     179         61       8000          0         60        197         10
   24      46        125       1175      13825          0        153         20
   25      57         72        155          0        300        408         10
   26      97         36       1434          0        300        410         10
   27      34         33         57          0         30        165         10
   28     172        113         47          0         60        231         10
   29     141         58       4199       2130        360        473         20
   30      67         61         30          0          0        127         10
   31     113        121        221         44        180        251         20
   32     106         65       3641       1748        150        251         20
   33     120         85         96          0        180        297         10
   34      66        109       1110          0        180        246         10
   35      49         84       1083          0         60        138         10
   36       0          8       9866          0        120        278         10
   37       8         43       2143          0        120        262         10
   38      15         10       2020          0         90        184         10
   39      84         75         36       4537        360        525         20
   40      11         34       5652       3785          0         79         20
   41      47        125       4866       6351         30        156         20
   42     136         69       1344        232        330        472         20
   43     158        128         27       1673         60        235         20
   44      17        126         84          0         30        150         10
   45     135         26       3579       2020         60        186         20
   46     122         66       2433          0          0        148         10
   47      71         81       9982         59         60        128         20
   48     123         72      10147          0        300        412         10
   49     107         70        222          0         60        140         10
   50     190         58        120          0          0        204         10
   51       9        114        525          0         30        190         10
   52     131         17        190          0          0        154         10
   53     130         44         30          0         60        234         10
   54     122        109       1098       3238        180        286         20
   55      81         18        225         22          0         89         20
   56      48        151       1789         40        330        460         20
   57     100         84       2429          0          0        123         10
   58      16         35       5990          0          0        168         10
   59      73         81       3084          0         30        141         10
   60     196         74       1716       1860        120        211         20
   61      29         68         18          0         90        218         10
   62     163         99        102          0        120        257         10
   63      57         91        197       3956        390        532         20
   64      33        131       2198        336        150        232         20
   65     161        117        282          0        120        219         10
   66     126        106        997        107         90        173         20
   67      33        155       6212          0        390        519         10
   68      91         95       1257       6161         30        123         20
   69      88         16        204          0          0        101         10
   70     128         97        756       7047        330        403         20
   71      76         59       1014          0         60        225         10
   72      44         49       7334          0        360        431         10
   73     191         51         74       3792          0        205         20
   74      46        113       3136          0         60        219         10
   75      69          1       3049          0        120        237         10
   76      83         85       4875          0         30        133         10
   77      53         57        538         68          0         75         20
   78      30         42      11298          0        150        212         10
   79      34         79       2759          0         90        263         10
   80      78          6       2902       1882        120        196         20
   81     186         73         74          0         60        190         10
   82     160         74         49       1329        180        288         20
   83     130         90       3094          0          0        154         10
   84     152        104       5417       1989          0        172         20
   85     101        111       4531       2816        120        277         20
   86      96         68       1183        233         30        191         20
   87      51         98        407       8859          0        107         20
   88     131         18      11000        112        120        193         20
   89      66        119       1551          0        150        227         10
   90     152         75       1838       1919        120        224         20
   91      39          4       6177        873        330        456         20
   92     164         60       2060       2199        150        230         20
   93      85         45        142          0          0         96         10
   94     126         73       3303        487         60        234         20
   95     131         32       5051        306          0        134         20
   96     104         68        144         74          0        133         20
   97     111         35       3046        350        300        441         20
   98      60        134         15          0        120        190         10
   99      34         65       3800          0        420        522         10
  100      34         68        320          0        120        232         10
  101      12         45       2192          0         60        133         10
  102     181         42       4565       2636          0        180         20
  103     112         37       2469          0        150        290         10
  104     132         27         14          0         90        192         10
  105      60        118       7904       5162         60        141         20
  106      23         93       3399          0         60        129         10
  107     130         68        149          0         30        156         10
  108     170         82       1975       9336         90        250         20
  109      56        103       1715          0         60        191         10
  110      34         98        474         23         60        133         20
  111     136         72       1950         36        120        293         20
  112      88         67        619          0         90        216         10
  113      71        129      12904         84          0        154         20
  114     140        133       2253          0         60        196         10
  115     132        144       4836        131        300        401         20
  116       6         26       3038       1970          0         96         20
  117     168         49       2348      12652         90        168         20
  118     103        128       4840       1094        120        294         20
  119     122        139        424         47         90        186         20
  120     108        137        182       1571        180        286         20
  121      33         20        720          0          0        168         10
  122      26        142       2377       1745        180        252         20
  123      22         91        197          0        180        281         10
  124     189         85       1869       1825          0        199         20
  125      22        149       4211          0        450        521         10
  126      93        152        603      14397         90        182         20
  127      73         83         28          0          0        139         10
  128     144        128        172        300        300        396         20
  129      39         48       2016        286        300        401         20
  130     119         15       4175       4102         30        159         20
  131      85         10       3602       3479        150        245         20
  132      39        107       3078       1042          0        129         20
  133     155         88         83        748         90        186         20
  134      59         54      11876          0        390        459         10
  135      51        115         15       6725         60        187         20
  136      48         74       3945          0          0        110         10
  137     116         85        152          0         60        141         10
  138      25         72       2345       2128        150        294         20
  139     166         83       2535        376          0        189         20
  140      35         97        196          0         90        170         10
  141      13         38         27       1613         30         98         20
  142      40        149       1451       3623          0        182         20
  143      97         84       3915       6296         90        249         20
  144      54         96       4930          0          0        112         10
  145      43        122         40          0         90        165         10
  146     145         69         44          0         30        143         10
  147      70         72       2975          0        120        253         10
  148      12         55       3909         68        120        256         20
  149     131        104       1308       1932         60        165         20
  150     112         75       5947          0        390        471         10
  151     150         70       3899        511        300        469         20
  152      25        117      14638        287          0        134         20
  153      90         47      14522          0          0        106         10
  154     123         66       1816          0        330        410         10
  155     137        143        188          0         60        189         10
  156      18        126       1733          0         90        260         10
  157      76         44        234       1582        120        250         20
  158      57          0       4103        156        120        247         20
  159       6         12         30        210          0         73         20
  160      83         86         89          0         90        182         10
  161     134        130      15000          0         90        191         10
  162      69         21         28          0        150        280         10
  163      59         48       8964          0        120        190         10
  164      27         84       1142       3496          0        125         20
  165      74         93        290          0          0        111         10
  166     140        109         60          0         90        199         10
  167     134         89        282        197        360        437         20
  168     105         68        177        145         30        143         20
  169      62        151         60          0        180        264         10
  170     162        117       3616          0        210        281         10
  171      69         90       3243          0        390        495         10
  172     146         56       1613          0         60        174         10
  173      86         81       2386       1256        120        232         20
  174     109         94       1274       1998        120        200         20
  175      51         80         35          0         90        216         10
  176      30         73       2255        840        150        287         20
  177     132         61         15          0        120        265         10
  178     176         71       2581         20         60        184         20
  179      67         39        178      13912        120        188         20
  180      70         51       7914         34        300        437         20
  181     153        148       3786          0         60        219         10
  182     128         56       2475          0         90        243         10
  183      30         36        468       2067        390        494         20
  184     154         31        178       7866        180        251         20
  185     186         72         91       2136         60        206         20
  186      77        132       1221          0         30        200         10
  187     101         81         40        319        120        263         20
  188      89         80       6860          0         30        142         10
  189      32         83         84        564          0        134         20
  190     187         93        703          0        120        225         10
  191      11         48       9418        749          0        125         20
  192     194         97        122          0          0        214         10
  193      84         85         81          0        120        253         10
  194     153        115       1744         97        120        275         20
  195     150         76        910         20         30        187         20
  196      87        101       5050        279          0        135         20
  197      53         21       1800          0          0        105         10
  198      24         59       3281          0        120        220         10
  199     121        142       1553          0        120        205         10
  200      89         36         11        504          0         79         20
  201     188         95       2958          0        120        232         10
  202      33        113       1782         96        210        285         20
  203     115         83       7608          0         60        160         10
  204     160         66        364        237        300        393         20
  205     191         97       4636          0          0        204         10
  206      74         85       1708          0          0        124         10
  207      10        116       1261          0          0        149         10
  208     110        134         18          0        120        254         10
  209     111         70       5395       2706         90        173         20
  210      68         73       4524       5873        120        191         20
  211     181         68       1149          0         90        185         10
  212     153        122      15000          0        210        288         10
  213     119         98         19          0        120        243         10
  214     141        142       8313          0          0        206         10
  215     108         42       1538       3504        120        271         20
  216     131         83        315       1751         90        220         20
  217      90         29        600          0        120        192         10
  218      44         78       1873       4411        420        519         20
  219     100         23        584          0        120        222         10
  220     100        101        290          0         90        253         10
  221     169         76       4559         30        150        249         20
  222      25        114       1651          0        150        221         10
  223     191        100       3104          0        150        215         10
  224      93         50         90          0         30        199         10
  225      87        113       6124          0        120        229         10
  226      99        108       6709          0          0        142         10
  227      82         72       2382        526         30        199         20
  228     120        124       1602          0         90        183         10
  229     144         18       1092      13908         60        147         20
  230     106         59       4453          0         90        161         10
  231     111         65       3524       6652        360        492         20
  232      92         35       2586       1748        120        229         20
  233      32        112        584          0         30        174         10
  234     177         74         50        113         60        200         20
  235     176         70       1430        164        120        192         20
  236     134         33        760          0        360        429         10
  237      63         90       2683          0        180        251         10
  238     151         77         87          0          0        160         10
  239      95         90       1636          0        150        272         10
  240      88        103       3713          0        180        260         10
  241     135         78       1444       5113        120        224         20
  242      38        113        470       2221         60        207         20
  243      20         21        920       1159        120        285         20
  244     138        146         31          0         90        208         10
  245     117        100         13          0         30        160         10
  246      32         56        683          0         30        189         10
  247     109         64       2257       7680         60        153         20
  248      21         78      12793       2207        120        225         20
  249      95         91       1841       1378          0        166         20
  250       8         46        910        960          0         93         20
  251      76         78       1637       4697         30        108         20
  252     108         46         98          0        120        202         10
  253      57         94        752          0         90        164         10
  254      82         56       2214          0          0         86         10
  255      86         80        127        211         30        172         20
  256      30        154        476        309        360        461         20
  257     140        104        856        542        150        230         20
  258     158         73        166          0          0        174         10
  259     188         66         84          0         30        196         10
  260     144         54       1767       3023          0        147         20
  261     108        105       3878          0        210        279         10
  262      68         96       2516        394         60        134         20
  263      19         52       1360          0          0        166         10
  264      88         87         35       5653        180        289         20
  265      53         65         70          0         60        199         10
  266     170        137         53          0         60        216         10
  267       4         23       1989          0        150        244         10
  268      71         19         17        443          0        140         20
  269     181         76        134        217        120        247         20
  270     148         46         70          0         30        160         10
  271      61         76       6572          0         30        164         10
  272      67         87       1522        122        120        225         20
  273      83        141         70         23        120        233         20
  274      92         65        223          0         30        202         10
  275     158         33        775       1136          0        160         20
  276      51        101       1613       3528        150        226         20
  277     101        120       1250          0        360        469         10
  278      30        155       1745       2364        120        269         20
  279      52         63       3542          0          0         77         10
  280      69         24       3371          0          0        172         10
  281      15          3        841       1915         30        187         20
  282      55        102         15          0          0        129         10
  283      28         75        589          0        390        496         10
  284      35        124       2695          0        120        189         10
  285      91         72        141          0        120        291         10
  286     116         75         63       5651         30        135         20
  287     155         74        180          0          0        170         10
  288     136        148         64          0        210        279         10
  289     148        116        105          0        120        216         10
  290     183         89        248          0          0        193         10
  291     121        147       1605          0        150        260         10
  292     161         36      14657        343        390        502         20
  293     173         56        817       2138        120        258         20
  294      85         61       8938          0        330        460         10
  295      88        106       5334          0        420        526         10
  296      88         54       1037       7180          0        101         20
  297     143         87        250          0         90        252         10
  298     168        109       3646          0         60        190         10
  299      39         96        594          0        390        498         10
  300     112         20        189          0        120        281         10
  301      35        109       2377          0        120        202         10
  302     119         45         22          0          0        141         10
  303      34        136       6807        100          0        156         20
  304     183        102       2558        334        120        228         20
  305      66         63        237        665          0        160         20
  306     120        103      13520        261        120        229         20
  307      40         86       2078       5659        120        295         20
  308     164         73       5735          0         60        200         10
  309     154         38        139          0         90        257         10
  310     151        123       1225          0        120        221         10
  311      35         63       2025          0          0        138         10
  312      49         43       6547          0          0         81         10
  313     139        107       4140        182         60        172         20
  314     108         35         26          0        120        288         10
  315      34        137       5813         74        300        434         20
  316      27         24       3402       1828          0        136         20
  317     113         71       2990          0        180        265         10
  318     124        136        994          0         60        188         10
  319      45         79       1104          0        150        227         10
  320      29        110       1016         30         60        157         20
  321      29        108        466         91         30        135         20
  322     149         94        165        502        180        259         20
  323     114         49       2303          0        150        228         10
  324     158         75       5351       9649        390        455         20
  325      28         14       1745       1926        120        265         20
  326     151        143        783         35        150        291         20
  327     133         89       1772       7207        390        457         20
  328     167        147       1644       1841        150        216         20
  329      80         46       5532          0          0        136         10
  330      52         62       1715       3401          0        108         20
  331      62         67       2332          0        360        441         10
  332      15         54         12        107        180        278         20
  333     174         54       1034          0        180        264         10
  334      96         36         74          0        120        220         10
  335     113         37         38       1293          0        132         20
  336      63        150       1004       1465        120        232         20
  337      10         51        613        348        120        259         20
  338     134         73        233        192          0        162         20
  339     114         19         67          0         30        138         10
  340      82          7        160       5421        360        526         20
  341      82          9      11160        222          0        127         20
  342      46         52       4362        227          0         80         20
  343      38         31       2308      12692        300        399         20
  344     177         48        264          0        120        283         10
  345      59        106       1712          0          0        136         10
  346      70         55       4856        199        120        229         20
  347     164         70       1545          0        120        195         10
  348     119         11       1680          0          0        131         10
  349     100        116       1850         13         30        194         20
  350      94         69        107          0        150        254         10
  351      25         50       7260       2850        120        236         20
  352      10        117       1817          0          0        149         10
  353      61         30       2067       6210          0         72         20
  354      42        127       2066      12934        120        248         20
  355     102         27       6474       2134          0         95         20
  356     135        121       2524      12476        210        294         20
  357      31        142       5368       2559        390        470         20
  358      37         14        894          0        120        259         10
  359     146         33        127          0         60        232         10
  360     148         92      15000          0        120        186         10
  361      98         69       1568          0        120        256         10
  362      80         48        173       3613        120        194         20
  363      31        101       1764         43        390        459         20
  364      62         46       1630       2155        300        397         20
  365      69         92       2542          0        120        291         10
  366      44         47        202       1940          0         74         20
  367     152        110       1356          0         90        230         10
  368       5         36       1095          0          0        143         10
  369     123         63       1669       1523         30        186         20
  370     169         35       1862        106          0        162         20
  371     143         66         95       1872         60        148         20
  372     160         92        750       2077         60        218         20
  373      98        122       2566          0        120        290         10
  374      55        104        169       1793         30        190         20
  375      78         98       1310       2948         60        153         20
  376      32         41        255        177        150        275         20
  377      15         37       1254       5746        120        257         20
  378      17         18         15        664          0        102         20
  379      21         23       4100       1571          0        108         20
  380      85        135        480       1379         90        228         20
  381     198         85       1522        586        120        259         20
  382     141        103         49       1836          0        171         20
  383     171         80      14914         86        120        198         20
  384      94         62       3090          0        150        231         10
  385      90         74       1490          0          0        111         10
  386      53         61       7335        178          0         76         20
  387     177        112        280        193          0        200         20
  388      65        100       1629       8279        120        220         20
  389     192         62         41       2702          0        202         20
  390     133         37      13294       1706          0        127         20
  391      38         68       7844        348          0        107         20
  392      29         31        135          0          0         88         10
  393      84         56        147       1751          0        135         20
  394     126        133       1838          0        330        431         10
  395      52         10         94         97        120        287         20
  396      15         41       2076          0        120        262         10
  397     195         99       3484       2738        120        232         20
  398      37        123       1210          0         30        163         10
  399      86        102        615       2112        150        285         20
  400      53        120      13142       1858          0        170         20
