400_154

CUSTOMER  VEHICLE
NUMBER	  NUMBER     CAPACITY    DispatchingCost
    400     500          40000       100

CUSTOMER
CUST NO.  XCOORD.   YCOORD.   DDEMAND   PDEMAND   READY TIME  DUE TIME   SERVICE TIME

    0      41         23          0          0          0        960          0
    1      72         99       1519       3868        180        290         20
    2     185         98       2153          0         30        214         10
    3       8         46        910        960          0         93         20
    4      10        117       1817          0          0        149         10
    5     120         62        394        119          0        147         20
    6     132         36       1052          0        120        198         10
    7     194         65         76          0        180        284         10
    8     138        128       1884          0         30        182         10
    9      11         33       4619          0         30        108         10
   10      95         91       1841       1378          0        166         20
   11     147         57       1502       7667        360        522         20
   12     162        118       1709          0          0        199         10
   13      23        118        170          0          0        141         10
   14     139        104       1682          0        300        407         10
   15      34        106        384        417          0        148         20
   16      64         12       2020          0          0         84         10
   17     102         49       4353       1293        150        286         20
   18      23         10        399       2968        360        432         20
   19     120        103      13520        261        120        229         20
   20      48          5       1638       4183        450        526         20
   21      50         64       2911          0          0        109         10
   22     115         31       1754          0        120        245         10
   23     161         63       1848          0         90        223         10
   24      66         63        237        665          0        160         20
   25      52        130       1940       1003         60        164         20
   26     139         66       1790          0        150        219         10
   27      38         68       7844        348          0        107         20
   28     172         39       6060          0          0        177         10
   29     131         44        310          0        120        188         10
   30      21          7       1773       4886        120        222         20
   31     102        100       1673          0        120        249         10
   32     190         58        120          0          0        204         10
   33      83         74       1537          0         60        231         10
   34     116         75         63       5651         30        135         20
   35      60        148        713       1749         30        182         20
   36     132         33       6846       1613        360        460         20
   37       4         23        236        920        120        223         20
   38     117        145       1686          0        180        294         10
   39     106         68       3813          0        360        514         10
   40     187         93      13543       1457        300        436         20
   41     138         56        108       7691        120        185         20
   42      76         44        296        171        120        283         20
   43      87         93         77          0        120        281         10
   44     137        145        199      11844        120        246         20
   45      53        120      13142       1858          0        170         20
   46     145        124       2437          0        150        252         10
   47      20         39       2089       5003        150        253         20
   48     100         19        427       5297        120        227         20
   49       7        114       1255          0         60        173         10
   50      47        137         33          0        120        298         10
   51     146         88      10696          0         30        163         10
   52     121         66       2282       3179        150        259         20
   53     120         86         94          0        330        491         10
   54     104         91         86          0         60        220         10
   55      83        141       1653          0        150        252         10
   56     115         61         14          0         60        166         10
   57      48         54       2908          0          0         67         10
   58      33         70         85          0          0        121         10
   59     116         43       3860          0        120        198         10
   60      61         49       1613       5466        120        195         20
   61      44         51        349          0          0         72         10
   62      22         77      15000          0         30        200         10
   63      33        131       2198        336        150        232         20
   64      24        114       1755          0          0        144         10
   65      95         38        433          0          0        100         10
   66     115        114        674          0         30        168         10
   67      95         90        390       1647        120        235         20
   68     119         33       1577       2214        120        277         20
   69      72          3       5874       5907        120        259         20
   70      13         84        171       3282        360        473         20
   71     118         67       2780          0          0        168         10
   72      25        155       3138          0        120        252         10
   73     104         68         23       1460        120        292         20
   74      85         83       6623          0          0        111         10
   75     131         18      11000        112        120        193         20
   76      16         62       4458          0          0        103         10
   77     141         58       4199       2130        360        473         20
   78      76         94        866          0         30        131         10
   79      88         13         60       1333          0        126         20
   80      75         90       3133       1153        390        472         20
   81     111         85       3239         34        120        268         20
   82     148         33       4248          0        450        511         10
   83     147        113       1183        841        300        440         20
   84     108        151      15000          0        300        395         10
   85      89         84         46       1461         60        169         20
   86      37        123        451       2447        300        410         20
   87     116         65       2686         62          0        140         20
   88      80         93        138       2224        120        205         20
   89      60         13       2205          0        120        205         10
   90      82          9      11160        222          0        127         20
   91      45         61       1970        147        120        198         20
   92     133        102         73          0        120        285         10
   93      29         68       1074          0         60        197         10
   94      73         55      14262          0        120        289         10
   95      67         80        420          0        150        258         10
   96      60         43       2267       1205        120        255         20
   97     179         48        908        433          0        183         20
   98      21         98       3613       6345        120        220         20
   99      83         85       4875          0         30        133         10
  100     160         66        364        237        300        393         20
  101     186        107       1747          0          0        221         10
  102      49        131       3327          0          0        159         10
  103      33        137      14137          0        390        460         10
  104     103         96        112       9040        150        289         20
  105     188         66         98       2542        210        288         20
  106     122        139        175          0        150        254         10
  107      27         73       2173          0          0        100         10
  108     129         89         34          0         30        169         10
  109      74        119        540          0        150        227         10
  110     155        145        396          0         30        204         10
  111     122         83        129        346         30        144         20
  112      21         78       3399          0         60        163         10
  113     102         27         33       2085          0         98         20
  114     179         61       3315         98        180        262         20
  115     111         65       3524       6652        360        492         20
  116     120         85        615        452         90        220         20
  117     114         27      13557       1443          0        122         20
  118     138        146       1104          0         60        195         10
  119     108         21       1251       1015          0        118         20
  120      91         70        763          0        120        218         10
  121     142        131       1682          0        120        180         10
  122     135         26       3579       2020         60        186         20
  123      32         83       1242       5845        120        219         20
  124      39          4       6177        873        330        456         20
  125     121         73         21          0        300        459         10
  126      26        126       9670       1506        330        457         20
  127      29         81       1158          0         30        160         10
  128     100        116       1072          0          0        158         10
  129     132         93       5072          0         90        212         10
  130      62         17        162       2237        300        435         20
  131      75         55       2917        363        120        281         20
  132      67         96       1792         81          0        128         20
  133     161         87       2738          0        120        226         10
  134      99        113        134          0         60        156         10
  135      62         67       2332          0        360        441         10
  136     172         77        358          0         60        193         10
  137      35        124       2695          0        120        189         10
  138      71         19         17        443          0        140         20
  139     152         87        973         97         90        170         20
  140     185         44         40          0         60        220         10
  141      89         57        156         83         60        141         20
  142     197         58       2012          0          0        192         10
  143      24        100       4040          0        150        250         10
  144      40        112       1854          0        390        460         10
  145     155         74       1604       7172        180        274         20
  146      80         46       5532          0          0        136         10
  147      47        141        257          0        300        408         10
  148     123         66       1816          0        330        410         10
  149     146        141         94       2659         60        199         20
  150      88         54      11096          0         30        109         10
  151     148         92       1711          0          0        173         10
  152     154         76        274          0         60        234         10
  153      73         65       1739       4416        120        231         20
  154      44         71        164        504        150        225         20
  155     198         67       1886          0         30        195         10
  156      48        129       2502        151          0        169         20
  157      22        146       5088          0        180        266         10
  158      86        102        615       2112        150        285         20
  159      57         94        752          0         90        164         10
  160      64         40        280          0          0         77         10
  161     133        142      15000          0        330        473         10
  162     115         96       3726          0         60        145         10
  163       7          4       1847        908        120        253         20
  164     135         59       1010          0          0        151         10
  165      32         43        822       2524        120        255         20
  166     112         74        350          0         60        182         10
  167     140        133       2253          0         60        196         10
  168     106         59       4453          0         90        161         10
  169     151        109        891          0         60        201         10
  170      23        141        982          0          0        156         10
  171     103        124        181          0        180        286         10
  172     173         56        817       2138        120        258         20
  173     148         94       7866          0        450        539         10
  174      43         16       3023        129        120        231         20
  175     179         72       1473        197         90        224         20
  176     177        110       2025          0        120        261         10
  177     111         54       3504          0          0        113         10
  178     131         51       2121          0        120        236         10
  179      30         43       2209          0        120        293         10
  180     128         71         92          0        120        292         10
  181       7         32         33       3879        120        195         20
  182      29        135        888          0        210        287         10
  183     194         94       1959          0        360        456         10
  184     132         56       3585          0        120        215         10
  185      93         68       2354         34         60        217         20
  186     114         19         67          0         30        138         10
  187      96         87       1842        147        450        527         20
  188      40        155        117          0          0        176         10
  189      81          4      15000          0          0        139         10
  190      55         16        739          0        360        507         10
  191     179         67         70       3422        180        263         20
  192      40         67       9378          0          0         95         10
  193      45         54       3180       6006         30        108         20
  194      89         80       6860          0         30        142         10
  195      56         64        170       5400         60        195         20
  196     121        120        603      14397         90        164         20
  197      42        127       6038       8962        360        528         20
  198     105         41       2559          0        120        277         10
  199     135        130        651       5137        120        260         20
  200      53         61       4698        108          0         90         20
  201     175        124       9326          0          0        214         10
  202     176         59        200       2283        150        254         20
  203     111         35       2054       2821          0        141         20
  204      62        135       1240       2938         90        228         20
  205     117         42      12636          0        120        188         10
  206     152         75       1838       1919        120        224         20
  207      34        149        924          0         30        163         10
  208     195         59       1733          0         30        202         10
  209     112        136      14399        334        390        523         20
  210     106         81       2116          0          0        128         10
  211     195         84         17          0          0        215         10
  212      45         79       1104          0        150        227         10
  213      96         68       1183        233         30        191         20
  214     123         54        288         45         60        232         20
  215     107         98         82       5359         60        193         20
  216      33         69         72          0          0        128         10
  217     120        116        786          0         90        184         10
  218      67         39        178      13912        120        188         20
  219      12         55       1489          0        330        424         10
  220      86         99         17        389         30        138         20
  221      31         40       1222          0          0        143         10
  222      67        115        280       8547         60        199         20
  223     123         47       8172          0        360        470         10
  224     133         37      13294       1706          0        127         20
  225     145         38         40          0         30        156         10
  226      65         32       1190        196          0         74         20
  227     162        146       2028          0        120        228         10
  228     140        109      11467        576        120        248         20
  229     119         98         19          0        120        243         10
  230     141         45       1895          0        120        261         10
  231     119         64      13401          0        360        459         10
  232      53         57        538         68          0         75         20
  233      94         94       1502          0          0        139         10
  234      24        109       1096        166        390        459         20
  235      91         35       4009         41          0        172         20
  236      17         36        524          0          0        104         10
  237     129        122       2424          0         60        187         10
  238      25         50       7260       2850        120        236         20
  239      17        119      13931       1069         90        263         20
  240      78          8       4580          0        330        430         10
  241     186         83       3419       8738         60        216         20
  242     176        112       3983       1777         60        201         20
  243      15          3        401         98        120        222         20
  244      73         81       3528          0          0        108         10
  245     185         56        943       2538        300        477         20
  246      31         13       1844        847        120        221         20
  247      90         74       1490          0          0        111         10
  248     132         27        922          0          0        140         10
  249      56        102        780         34        420        502         20
  250      47         96        920          0        210        283         10
  251      45         49        112          0        120        275         10
  252      19        124       6407        627        120        283         20
  253     110         69       7646         29        300        400         20
  254     109         75       1710        193         30        155         20
  255     121         71       4982          0        360        530         10
  256     180         58        107          0         90        264         10
  257      26        142       2365         31         30        168         20
  258      94        118       2191          0        180        250         10
  259     139         33      12751          0        330        491         10
  260     154         27        443          0        300        426         10
  261      70        126        143          0         60        170         10
  262      56        103        362         37          0        132         20
  263      95         66         55        102        180        287         20
  264     113        121        221         44        180        251         20
  265      88         41       1275          0        120        221         10
  266      92        120       2713          0        150        226         10
  267     100         53        137       1460          0        110         20
  268      13         87       1330          0          0        122         10
  269      29         11       8445          0        390        470         10
  270      22         91        197          0        180        281         10
  271      32         74        960       1273        120        220         20
  272      16        122       1708          0         30        145         10
  273      77         44       4410          0          0        128         10
  274     115         90        276          0        120        259         10
  275      77         55        280       1511          0        110         20
  276      79         16        706       6211        360        441         20
  277      55        116      10997        108         30        131         20
  278     113         37         38       1293          0        132         20
  279     125        102        145          0         60        221         10
  280      91         95       1931        924         30        144         20
  281      17         49       1940         15        120        213         20
  282     126         72       7182          0        390        537         10
  283      93         50        710      14290          0         98         20
  284     152         91        170          0        120        197         10
  285     160         23        108        270        120        203         20
  286      70         51        396          0         60        228         10
  287      91        122        228          0         60        190         10
  288     126         89       1026         57         60        218         20
  289     177         48        264          0        120        283         10
  290     121         45        684          0          0        118         10
  291      46         18        392          0          0        105         10
  292      28         74        178          0         30        198         10
  293      68         96         65          0        150        242         10
  294      61         30       2067       6210          0         72         20
  295       6         26       3038       1970          0         96         20
  296      43        122       6257          0         30        164         10
  297      50         93        396          0        150        258         10
  298      18         22       2684          0          0        102         10
  299      73        157        383          0        300        456         10
  300      92         88       2076         67         90        250         20
  301      57        153       7500        437        120        231         20
  302     160         37       2511          0         60        153         10
  303      57         91        748          0        120        257         10
  304      48         47       2496       5873        210        279         20
  305     127        122         14          0        120        266         10
  306     138         37      14957         43        120        277         20
  307      59         48         38         80          0         95         20
  308     137         49        173          0          0        158         10
  309     179        114       2024        197         60        211         20
  310      12         15         29          0          0         97         10
  311     125         79       1293       1492        300        410         20
  312     152        146       1043          0         90        200         10
  313     121        147       6372       1923        150        256         20
  314      13          8       2823          0          0        149         10
  315       1         19        633          0        120        225         10
  316      78          7       1210        450         30        145         20
  317     182         66      10279          0        150        225         10
  318     151        107      12718         82        330        454         20
  319      26        113        236       4829          0        128         20
  320     159         75       7375          0        330        468         10
  321     112         47       4377          0        120        200         10
  322     192         92        889       1774         90        205         20
  323      99         80       8000          0          0        164         10
  324      35         63       2025          0          0        138         10
  325      29        108        306       1816        180        277         20
  326       3         94       8935         24         30        143         20
  327      86        140        100       4343          0        176         20
  328     139         25       1956          0          0        176         10
  329     153        148       3786          0         60        219         10
  330     118        100       3564          0        360        465         10
  331     183         89         24          0        180        297         10
  332     137         37       1924          0          0        147         10
  333     108         46         98          0        120        202         10
  334      81         11       1757          0        330        456         10
  335      49        148       1504       1889          0        167         20
  336     122         66       7045        313         90        224         20
  337     113         71       5854       3098        300        427         20
  338      88         87       9970          0        180        279         10
  339     137         70       3093        941          0        175         20
  340      49         84       1083          0         60        138         10
  341     132         44         36          0          0        139         10
  342     132        144       4836        131        300        401         20
  343     171         74        200          0        120        283         10
  344      15         10        239          0         30        168         10
  345     160         77         26       3784          0        164         20
  346      68         95       1511          0          0        119         10
  347      81         18        225         22          0         89         20
  348     129         75        220          0        330        427         10
  349       5        116       2268          0        360        520         10
  350      19          8       4343          0          0         69         10
  351     100         78        250       3370        120        280         20
  352      42        125       1366          0        390        531         10
  353      76         68        612        406        210        281         20
  354     113         48       2963        624        300        410         20
  355      54        130       4493        879        180        286         20
  356     150         81       1824       1361          0        156         20
  357      83         25       2025         40          0        157         20
  358      35        109       2089          0        120        225         10
  359     106         54         12          0        120        243         10
  360      40         86       6622       8378        450        525         20
  361      59         14       2558         67        120        248         20
  362      21         40         48          0        120        196         10
  363     115         60        742          0         90        220         10
  364     187         54       3502          0          0        189         10
  365     104        109       1628        251        180        294         20
  366     109         65       1160       1863         90        253         20
  367      46         46         22      11398        120        216         20
  368      30        106         40      11057        180        280         20
  369      50          1        768        190        120        235         20
  370      51         80         35          0         90        216         10
  371      26        127       4093          0         90        224         10
  372     127         37       5281        270          0        138         20
  373      71        107        655          0          0        133         10
  374     100         67       6851         56         30        135         20
  375     141        103         49       1836          0        171         20
  376     123         62       1825          0        300        403         10
  377      91         84        464          0          0        127         10
  378      22        151       8726          0          0        183         10
  379      19         52        984       5904         30        129         20
  380      48         56       1950          0          0        162         10
  381      20        116       2331      12669        120        252         20
  382     126         36         51        569        120        254         20
  383      56        114        226       2021         60        151         20
  384      76         76        191          0         60        220         10
  385      73        123        133       1185          0        166         20
  386      73         92       5409        719         60        236         20
  387      83         64        104         25        120        287         20
  388      52         28        291       1842          0        103         20
  389      93        152       6160          0         30        195         10
  390     160         78        270          0        120        188         10
  391      37         72       6072       2024        150        287         20
  392      29         31        135          0          0         88         10
  393     179        107      12420        142        120        206         20
  394      96         82       1738          0          0        137         10
  395      39         33        673        169        420        497         20
  396      96        118        579       5307        180        297         20
  397     121        129       2805       1791        180        279         20
  398     145        114       8961          0        420        494         10
  399     109         51       1301        299        300        459         20
  400      29        130        127          0        120        295         10
