400_165

CUSTOMER  VEHICLE
NUMBER	  NUMBER     CAPACITY    DispatchingCost
    400     500          40000       100

CUSTOMER
CUST NO.  XCOORD.   YCOORD.   DDEMAND   PDEMAND   READY TIME  DUE TIME   SERVICE TIME

    0      41         23          0          0          0        960          0
    1      31        142       5368       2559        390        470         20
    2       5        116       2632          0         60        225         10
    3      35         97        196          0         90        170         10
    4      96         68       2354          0          0        127         10
    5     141         30        886          0         60        212         10
    6      76         76        191          0         60        220         10
    7     171         80      14914         86        120        198         20
    8      25         52       2409          0        120        276         10
    9      96         79       1186       1959         60        167         20
   10      78          7       1618          0         30        115         10
   11     168         49       2697       2025          0        168         20
   12     127        105       1265          0         30        192         10
   13     194         72       2010       1000        180        292         20
   14      87         63       4966       2305        300        432         20
   15     161         35       5373          0        360        441         10
   16      83         25        442       3136         30        159         20
   17      25        155       4785          0        390        528         10
   18      70        119       1500          0          0        165         10
   19     100         14       1850          0        120        263         10
   20      25        114       1651          0        150        221         10
   21     137         49       5760          0        450        529         10
   22     160         37         33       2088        120        246         20
   23      68         86       1828          0        120        194         10
   24     166         83         90       2569          0        183         20
   25      11         47       5680          0         30        205         10
   26      61         30       2067       6210          0         72         20
   27     105         41       4551       1073          0        169         20
   28     146        130       1611          0        180        278         10
   29      38         68      15000          0        120        255         10
   30      31          7       1702         87        120        292         20
   31      82         12       2968          0          0        175         10
   32     107         70       6738          0        360        463         10
   33     129        122       2424          0         60        187         10
   34      26          9        681          0        120        261         10
   35      36         79         86        212        450        517         20
   36     156        115       1299        588        120        296         20
   37     176        113         45          0        120        275         10
   38      40        133         27         87        120        217         20
   39      81         66        124          0         60        166         10
   40     135         26       2810       1097        390        452         20
   41      82          8        280          0          0        133         10
   42      82         99        454       5804        180        275         20
   43     116         65       2686         62          0        140         20
   44      91         72        141          0        120        291         10
   45      76         78       1637       4697         30        108         20
   46      53        120        132        741         60        159         20
   47     181         73       1888          0         30        192         10
   48      95         68        202          0          0        164         10
   49     117        145       2555       2247        180        282         20
   50      12         15       1272          0         90        189         10
   51     116         43        480       1500          0        129         20
   52     157         96       1116        621         90        230         20
   53      62         56         40        248        120        258         20
   54      23         93       3399          0         60        129         10
   55     132         44         36          0          0        139         10
   56      80         93       2005         32        120        197         20
   57     112         75         74          0        300        435         10
   58      60         49       5316          0          0         81         10
   59      90        124        108        137        210        285         20
   60     121        143       4376          0        330        471         10
   61      80         64        414          0          0         99         10
   62      37        123       1210          0         30        163         10
   63      63         90       2683          0        180        251         10
   64     141         58       4199       2130        360        473         20
   65     140        104        856        542        150        230         20
   66     183         61       6107          0        450        519         10
   67       8         81        232         34        120        191         20
   68     118         67       2780          0          0        168         10
   69     120        117       1615       1636          0        157         20
   70     111         85       2903          0        120        279         10
   71      15         10        239          0         30        168         10
   72      33        137       1169          9        150        263         20
   73      15         37         90       6257        180        253         20
   74      48        151       1789         40        330        460         20
   75     142        102       3349          0        450        528         10
   76     167         47       2447       1752        330        440         20
   77      28         14        537          0        120        194         10
   78       7         21        633          0          0        121         10
   79     179         67        382       1583         60        193         20
   80     177         48        264          0        120        283         10
   81      45        147       1805        111        120        191         20
   82     119         15       4175       4102         30        159         20
   83     120         78       5296          0        360        458         10
   84      32        100       2565          0        150        222         10
   85     135         37        820          0        120        284         10
   86      73         81       3528          0          0        108         10
   87     134         73        233        192          0        162         20
   88      52         92        577          0        180        285         10
   89      47        133       4963          0         60        232         10
   90      94         69        107          0        150        254         10
   91      43        129       1640          0         60        141         10
   92      72         99         83       1750        120        274         20
   93     133        100       3751       1524        390        527         20
   94     188         79        566        126          0        216         20
   95      84         85        648          0          0        141         10
   96      89         84         46       1461         60        169         20
   97      37         14        902          0          0         76         10
   98      76        127      10466       2582        120        187         20
   99      79        119        519        759         60        165         20
  100      30        106       3753          0        150        219         10
  101      36        106         73          0         60        140         10
  102      57        145        202       3076          0        168         20
  103     153         27        132       1985        120        191         20
  104     141        103       2428          0          0        171         10
  105       5         36       1095          0          0        143         10
  106      85        128       6740       2399        120        299         20
  107      72         86       1687       1497        180        254         20
  108      76         59       2958          0          0         97         10
  109     168        139       3851          0        120        259         10
  110     148         92      15000          0        120        186         10
  111      55        102       1082          0         30        173         10
  112      74         63       2340       8107        120        225         20
  113     117        100         13          0         30        160         10
  114       9         49         10       1737        120        191         20
  115     192         88         85          0        180        287         10
  116      78         87         56       1532        120        278         20
  117     122         66       2433          0          0        148         10
  118     133         89       1772       7207        390        457         20
  119     141         45       1895          0        120        261         10
  120     146        129       4764       1829         90        203         20
  121      16         81       2208          0         30        190         10
  122      29         35        280          0          0        128         10
  123     177         47       2378        271        450        516         20
  124      42         14       2710          0         90        230         10
  125     149         94        165        502        180        259         20
  126      35          8       1992       2702        120        286         20
  127      62         67       2332          0        360        441         10
  128     109        122        320          0         30        205         10
  129      86         56       7609       7391          0        132         20
  130      13        119       2319          0         60        227         10
  131      69         22        101          0          0        143         10
  132      29         11       2827          0        120        261         10
  133     131         89       1708          0         30        159         10
  134     114         19         67          0         30        138         10
  135     172        113       2392          0         30        196         10
  136     107         85       1526       8945        120        232         20
  137     151         82         39          0        150        259         10
  138      47         62        621       3243        120        279         20
  139      19         90        912          0        180        252         10
  140      27         84       1142       3496          0        125         20
  141     100         85       1769          0         90        199         10
  142      36        146        280       3622         60        189         20
  143      46         18        392          0          0        105         10
  144      95         66        265          0          0        149         10
  145      58         21        451          0          0        174         10
  146     101        120       1250          0        360        469         10
  147      25         55       1492          0        120        282         10
  148      33        131       2198        336        150        232         20
  149     198         86        192          0         60        212         10
  150      13         12       1157       1527          0        129         20
  151      27        110        745       1298        120        193         20
  152     105        126         36          0        120        200         10
  153      80         48        173       3613        120        194         20
  154     186         72       2562          0        450        526         10
  155      62         45       3063          0        120        200         10
  156     123         54      12556          0        150        238         10
  157      55         65       4554          0         30        168         10
  158     163        118       2063       4998         60        186         20
  159     151        123       1225          0        120        221         10
  160      21         23        210          0          0        167         10
  161     102         27       6474       2134          0         95         20
  162      13         38         27       1613         30         98         20
  163     194         94       2936       6345         60        217         20
  164      51        101       1613       3528        150        226         20
  165     132        121       1538       2076         90        185         20
  166     106         81       2116          0          0        128         10
  167      57        153        299         30        360        455         20
  168      70         51        396          0         60        228         10
  169      19         52        984       5904         30        129         20
  170      77          6        503          0        120        228         10
  171      87        130       3686          0         60        158         10
  172     174         67        189         91        120        201         20
  173      95         82       2682          0        120        265         10
  174      96         86        212        673        120        288         20
  175       3         90       6679       2977          0        141         20
  176      55         67        252         43          0        112         20
  177      10         15        283          0        120        283         10
  178      22        151       8726          0          0        183         10
  179      94         94       1502          0          0        139         10
  180      52          0       1860          0          0         98         10
  181      78         43       1788          0        420        504         10
  182      36         20        110        718          0        176         20
  183      57         26         62         59        120        216         20
  184      48         83       2181       2064        120        233         20
  185     113         71       2990          0        180        265         10
  186     176         59        200       2283        150        254         20
  187      88        127       1988        553         60        149         20
  188     107         77       3716          0          0        153         10
  189      85         76       2490       5313        120        185         20
  190       0          8       5321        105        120        223         20
  191     160         78        606       1253        180        250         20
  192      47        125        734          0          0        161         10
  193     191         97       4636          0          0        204         10
  194      56         64       1200          0          0         84         10
  195      64         71        840       3155        300        416         20
  196      68          2        198        181          0        115         20
  197      39        139        147         13          0        163         20
  198      71        129         13        101        120        184         20
  199     131         18      11000        112        120        193         20
  200     183        102       2558        334        120        228         20
  201     143         31        112          0        300        434         10
  202     129         89         34          0         30        169         10
  203      34         63       2827          0        300        400         10
  204     127         93       3266          0         30        163         10
  205     100        101      10151       2654         60        201         20
  206      65         74       1081       6938        150        218         20
  207      96         81       6831          0        120        198         10
  208      88        103       3713          0        180        260         10
  209     137        143       3153       5087        180        292         20
  210      27        127       1363       1951         60        162         20
  211     153        146       2403       1306        390        533         20
  212      64         44       1758       7409          0        122         20
  213      66         71       7810       7190          0        103         20
  214      14        122       9250          0         90        232         10
  215       0         90       7975       4343        360        506         20
  216     110         92        300          0          0        159         10
  217     194         80       1352          0          0        205         10
  218     107         61        197          0         90        251         10
  219     166         88       5588          0         30        195         10
  220     151         77         87          0          0        160         10
  221     131        104       6827          0        330        469         10
  222      34         33         57          0         30        165         10
  223     154        131      10211       4789        180        289         20
  224      15         52       4024        235          0        169         20
  225     161         87       2738          0        120        226         10
  226     158         75       1639       1839         60        206         20
  227      52         61         60          0          0        111         10
  228     136         69       1344        232        330        472         20
  229      70         55       3033       1094          0        112         20
  230      49        148       1504       1889          0        167         20
  231       6         12       1818          0         30         97         10
  232      23        118        170          0          0        141         10
  233      95         38      10533          0        300        398         10
  234     111         35       3046        350        300        441         20
  235     110         49      13648          0          0        111         10
  236      93         68       2493          0         30        147         10
  237      51        115        567       3605         30        192         20
  238       1         19        633          0        120        225         10
  239     117         97       9680          0        360        462         10
  240     147        113       1183        841        300        440         20
  241     130         90        233          0         60        204         10
  242     109         64      14768        232         30        131         20
  243     106         10       1623          0         30        165         10
  244     120        129        108          0        150        252         10
  245      86         52       1157          0         90        251         10
  246     167         94         86          0        120        186         10
  247     111         54       3504          0          0        113         10
  248     172         77      11057       1016        300        402         20
  249     102         67       1641         27         60        152         20
  250     130        122       4586       1802        360        521         20
  251      85         71        857       3492         30        142         20
  252     111         25        700       1224          0        120         20
  253      61        103       2360       8296        180        274         20
  254     115         60        742          0         90        220         10
  255      77        120         22          0         90        230         10
  256      29        130       1851       2076         30        160         20
  257      16          6       2550          0          0         86         10
  258     146         40       1068       5200        120        237         20
  259      93         50        710      14290          0         98         20
  260      82         72       2382        526         30        199         20
  261     127         52        301          0         30        156         10
  262     117        146        498          0        180        249         10
  263     142         35        252          0        180        260         10
  264      17         18         15        664          0        102         20
  265     169         76       4559         30        150        249         20
  266     138        106       3816       2415         90        163         20
  267     159        127       2388       2516         60        201         20
  268      91         84       3872          0         60        158         10
  269     173         95       4225       6623         90        201         20
  270      47        137        248        413        150        245         20
  271     109         94       1512       2434         60        186         20
  272      87         69        696       8189        150        256         20
  273      25        117       5161       1943        330        486         20
  274      39         96        594          0        390        498         10
  275      29         38       2338        449          0        138         20
  276     168         75       7179       1173         90        236         20
  277     186         73       2487        847         90        194         20
  278      86         67        120          0          0        159         10
  279      74         20       5221       6408        120        229         20
  280     122         83       2054          0        180        253         10
  281     108         46        128          0        150        249         10
  282     105         79       1959          0        180        242         10
  283      80         70       2014          0        120        276         10
  284      32        112        584          0         30        174         10
  285     159         43       5669       1990        360        466         20
  286      38         24       4771       7888          0        169         20
  287     132         93       5072          0         90        212         10
  288     126        111       1629       9241        150        251         20
  289      97         58      13022       1978        330        415         20
  290      21         12      15000          0          0        142         10
  291      50         64       1747       2222         90        160         20
  292     114         80       1772       2472         60        224         20
  293     107        138        758       4478        120        286         20
  294      88         71         70       1644        420        487         20
  295     163        140       3726          0        120        251         10
  296      32         43       3449          0        120        261         10
  297      63         48       1520       2363        120        255         20
  298     117         35        497       2383          0        120         20
  299      81        134       1348         82         60        155         20
  300      34         49         84         22          0         96         20
  301     174         54       1034          0        180        264         10
  302      44        133        690        106        150        216         20
  303      19         98       5993          0        330        470         10
  304     147         22       3684          0        300        434         10
  305      74        119        540          0        150        227         10
  306     111         67       3489        829        120        236         20
  307     185         59       3400       5639        120        206         20
  308      20        116        977        107        150        222         20
  309     172        108        183          0         30        202         10
  310     103         95       5044       8107          0        150         20
  311      55        116       3785          0        150        257         10
  312     109         98       2338       2432        120        246         20
  313     131         32       2471          0        300        432         10
  314     111         83        937          0        420        533         10
  315     147         38       1937         50         90        223         20
  316      11         19       6393          0        120        230         10
  317      91         35       4009         41          0        172         20
  318      89         57        445          0        120        277         10
  319      39         33        673        169        420        497         20
  320     123         66       1816          0        330        410         10
  321      79         16        706       6211        360        441         20
  322     190         58        154       2544         30        204         20
  323      11         33       4619          0         30        108         10
  324      17         36       1330         14          0         99         20
  325      85        102       2066        249         60        202         20
  326      36         87       9982         43         30        165         20
  327      13         26      14853        147        360        463         20
  328     134        130       2799       3850        120        274         20
  329      82         56       2214          0          0         86         10
  330      52         62       1715       3401          0        108         20
  331     116         49       3116       4606         30        172         20
  332      67         91       2857       4092         30        203         20
  333      33        113       1782         96        210        285         20
  334      57         94        752          0         90        164         10
  335     148        126       1719          0          0        199         10
  336     158         73       3051          0        360        466         10
  337     101         85        106        287         60        232         20
  338      74        142       2500          0         30        161         10
  339      55         91       4855          0        120        235         10
  340      48        138        127          0        120        233         10
  341     142         29      10671        395        300        403         20
  342      59         85        631       4636        360        488         20
  343      57        142       9688         26         90        170         20
  344     132         69        268        345         30        186         20
  345     106         68        277       1874          0        123         20
  346     101        111        110          0          0        143         10
  347     150         81         97        351        180        289         20
  348      55         47       1590       1646         30        158         20
  349      30        155         18       6217          0        169         20
  350       7        117        610        100         60        189         20
  351      86         80        127        211         30        172         20
  352      97         36       9156       2225          0        165         20
  353      31         13       1210       3648        180        277         20
  354      69          1        665       4247          0        134         20
  355      28        139       2579          0         60        155         10
  356     149         29       8095          0          0        151         10
  357      40         86       2078       5659        120        295         20
  358      95        146       1549          0         90        195         10
  359      53         17         58          0        120        222         10
  360     152         91       3809       2159          0        175         20
  361     171         74        200          0        120        283         10
  362     131         51       1750          0         90        263         10
  363     168        109       3646          0         60        190         10
  364     120        149       3823       1756        300        392         20
  365     131         83        315       1751         90        220         20
  366     100         53        137       1460          0        110         20
  367     117         42       1478        505          0        131         20
  368      66        109       4511          0        420        525         10
  369      60        118       7904       5162         60        141         20
  370     120         85       3926          0         30        157         10
  371     150         70       3899        511        300        469         20
  372      12         98       1233          0         90        246         10
  373     102        120       3112          0        210        291         10
  374     174         66         54       2020         90        226         20
  375     186        106       9756          0        120        221         10
  376      99        144       1870        142         60        171         20
  377     192         64      11845          0        420        535         10
  378      59        106       1712          0          0        136         10
  379      90         83       2995          0         60        163         10
  380      22         15         90          0         30        174         10
  381      23        100         30         36          0        126         20
  382     138         99       1838          0        150        245         10
  383      10         48         25         20        120        230         20
  384     103        128       4840       1094        120        294         20
  385      29         24       3492        215        300        427         20
  386     123         72      10147          0        300        412         10
  387     142        124        720         23        120        254         20
  388      48         74       3945          0          0        110         10
  389     125         88         46       2162        300        441         20
  390     129         75        220          0        330        427         10
  391     146         56       1613          0         60        174         10
  392      71         19         17        443          0        140         20
  393     160         33       2819          0        420        533         10
  394      93         94        631       7181         60        138         20
  395      47        129        150       1117         60        151         20
  396     106         66        294          0        180        275         10
  397     120         33       1841       1896        150        222         20
  398     115         61         14          0         60        166         10
  399     161         95        238         61        120        215         20
  400     106        103         56        943         90        166         20
