400_63

CUSTOMER  VEHICLE
NUMBER	  NUMBER     CAPACITY    DispatchingCost
    400     500          40000       100

CUSTOMER
CUST NO.  XCOORD.   YCOORD.   DDEMAND   PDEMAND   READY TIME  DUE TIME   SERVICE TIME

    0      41         23          0          0          0        960          0
    1     167        147       1644       1841        150        216         20
    2      45        126      13180          0         90        167         10
    3     139         91       2344       1685        150        245         20
    4     137         49       8190       1015          0        145         20
    5     134         73       1174       5745         30        143         20
    6     121         91        476          0        150        263         10
    7     141         70        269         12        330        458         20
    8     104         68         23       1460        120        292         20
    9      28         10        181        583        120        276         20
   10     164         85        630       5376          0        171         20
   11      96        112         35          0         60        150         10
   12      74         85       1708          0          0        124         10
   13      34         67       2009        514          0         86         20
   14      44         51        240       1297        120        291         20
   15     183         89         24          0        180        297         10
   16      97         36       1434          0        300        410         10
   17     155         74        180          0          0        170         10
   18     103         96       1321        433         90        195         20
   19     135         59       1010          0          0        151         10
   20     113         48       5758          0          0        122         10
   21     120        109         22       1769         60        170         20
   22      50        123        657          0        150        296         10
   23      69          1        665       4247          0        134         20
   24      57         72        155          0        300        408         10
   25      88         63       2453         17         30        116         20
   26     114         19         67          0         30        138         10
   27      77          6        503          0        120        228         10
   28       0         90       7975       4343        360        506         20
   29     110         21        806          0        330        464         10
   30     176         77       5595          0        120        189         10
   31      11         48       8280       1094         90        192         20
   32     163         22       5394         85          0        176         20
   33     118        100        337          0         60        214         10
   34      86         52       1738          0          0        130         10
   35      11         17        198       1008         30        133         20
   36      82         72       8065          0        120        265         10
   37      75         90       5745          0        150        217         10
   38     108         18        373       1719          0        141         20
   39       7          4       1847        908        120        253         20
   40      68         73         36          0        150        251         10
   41     183        102       2558        334        120        228         20
   42      66        152       3277         72          0        161         20
   43     139         70       1661          0        150        255         10
   44      20        119         90          0        180        249         10
   45     146        141         94       2659         60        199         20
   46     169         49       5959          0        180        287         10
   47     164         45        514          0         30        193         10
   48     185         44        233        984        150        256         20
   49      92         35       2586       1748        120        229         20
   50      85         75        110          0          0        115         10
   51       6         12       1818          0         30         97         10
   52     177         74         50        113         60        200         20
   53       8         43       2143          0        120        262         10
   54     121         85        191        147        360        438         20
   55      88         41       1275          0        120        221         10
   56      81          8        254         86          0         85         20
   57     116         83        550       1777         30        197         20
   58      91         72        141          0        120        291         10
   59     144        128        172        300        300        396         20
   60     106         55       4592          0        120        293         10
   61     108         38       1775          0         30        193         10
   62      45        116       4319        893          0        140         20
   63     170         82       1975       9336         90        250         20
   64     160         92        750       2077         60        218         20
   65      89         60       1136          0        420        513         10
   66     126        106        997        107         90        173         20
   67      73         89       1815       1071        210        282         20
   68     111         35       2054       2821          0        141         20
   69     151        143         28          0         60        195         10
   70      21         78       3399          0         60        163         10
   71      82         99        454       5804        180        275         20
   72      86         67        991          0          0         96         10
   73     109         94       1274       1998        120        200         20
   74      60        148        713       1749         30        182         20
   75     112        138      14049        878         90        173         20
   76     177         48         15          0          0        183         10
   77     178        101        248          0         60        190         10
   78      29        110         55        432         60        199         20
   79     104        109       1628        251        180        294         20
   80       5         14       4792          0         30        102         10
   81     148         30       5837       1870         90        163         20
   82      48        129       2502        151          0        169         20
   83     170         36       1810         20         60        184         20
   84      48         47         97          0          0        132         10
   85     153         27       4494       1051          0        153         20
   86     120         86         94          0        330        491         10
   87      82          9      11160        222          0        127         20
   88     138         56        108       7691        120        185         20
   89     200         68       2480          0        120        293         10
   90      49        131       1598          0        120        186         10
   91      25         72         97       1414         60        171         20
   92     174        119       1642          0        120        243         10
   93      37         15       3805        746        420        522         20
   94     106         82       1914          0        120        193         10
   95     198         85        594          0        120        288         10
   96      66        119       1551          0        150        227         10
   97      29         31        135          0          0         88         10
   98     119        140       1919       4387        360        499         20
   99      63         48         62      13911         30        155         20
  100      14        122       9250          0         90        232         10
  101     130        148       1672          0        150        233         10
  102      89         84         46       1461         60        169         20
  103     195         59       1733          0         30        202         10
  104     173         97       6144       4815        150        254         20
  105      87        139         60          0         90        167         10
  106     117         63       4027       1999        120        279         20
  107      39        107       3078       1042          0        129         20
  108      82         90       2138       7578         30        154         20
  109       7         21        633          0          0        121         10
  110     192         88         85          0        180        287         10
  111     107         77       3438       2076        150        220         20
  112     112         37       4280          0          0        140         10
  113       0          8       9866          0        120        278         10
  114      36        106         73          0         60        140         10
  115     101        117        637       2111         60        233         20
  116      35         63       2025          0          0        138         10
  117      40        112      13471          0        120        186         10
  118     107         63        800       1174         90        243         20
  119      67         91       2857       4092         30        203         20
  120      82         92       4707       1260        300        440         20
  121      71         59       6086       1430        120        224         20
  122      59         81        835          0        120        188         10
  123     122         34       2224          0        120        223         10
  124      78         74        443          0         60        140         10
  125     122         83       4009          0         60        228         10
  126      34         49         84         22          0         96         20
  127      45         79       2851          0        120        212         10
  128     158         24       5374          0          0        166         10
  129      42        127       6038       8962        360        528         20
  130      79        101        403        306        120        259         20
  131     115         90       8548         88        150        286         20
  132      83         25        442       3136         30        159         20
  133      20         39       2089       5003        150        253         20
  134      10         48         25         20        120        230         20
  135     139        107        481          0        120        230         10
  136     150         27         93          0        150        227         10
  137      95        146       1549          0         90        195         10
  138     144         54       5306          0          0        146         10
  139     156        115       1299        588        120        296         20
  140     149         94        165        502        180        259         20
  141     149         34       1568       3152         90        254         20
  142      12         16        690          0        150        288         10
  143     106         59       4453          0         90        161         10
  144     117         56       8002        836        330        431         20
  145     127         52        301          0         30        156         10
  146      32        100        150       6079        150        220         20
  147     136         72       1950         36        120        293         20
  148     128         97        756       7047        330        403         20
  149     164        107       3396       1706        120        187         20
  150      32        115       6757       1941        390        527         20
  151      85         76      13438          0        300        434         10
  152      19          8       4343          0          0         69         10
  153      71        107       3481          0         30        188         10
  154      35         23        852        784        120        222         20
  155       7         32         14          0        120        230         10
  156      86         76        670          0          0        120         10
  157      34        136       1030          0          0        146         10
  158      88         72        795        661         60        187         20
  159      89         79        987         92         60        167         20
  160      47        125        734          0          0        161         10
  161      41         73        120          0         30        163         10
  162      59         54      11876          0        390        459         10
  163     117         35        497       2383          0        120         20
  164     158         71       3592        231          0        160         20
  165      38         68      15000          0        120        255         10
  166      20        116        977        107        150        222         20
  167     132         48       6880         18        120        228         20
  168      88         61        363          0        330        474         10
  169      85         61       3805        210         60        151         20
  170      80         46         21          0        120        224         10
  171     130        122       4586       1802        360        521         20
  172      49         88        400       1494        120        225         20
  173      85        102       2066        249         60        202         20
  174     159         75       5376       3804          0        175         20
  175     181         68       1149          0         90        185         10
  176      16        118       3419        191        120        232         20
  177     116         49      14757          0        300        440         10
  178     146         40         17          0        180        247         10
  179      12         45       2192          0         60        133         10
  180     154         76        333       2490         60        226         20
  181     119         11       2041          0          0        132         10
  182     117        100         13          0         30        160         10
  183      47        133       4963          0         60        232         10
  184      10         51        117          0        150        296         10
  185       8         11       1860        996         60        162         20
  186     114         48       4493          0        330        462         10
  187     173         62         44       5374        180        285         20
  188     190         58       1529          0          0        199         10
  189      44         78       1873       4411        420        519         20
  190      83         99         78          0         30        137         10
  191      79          7       2256          0        120        196         10
  192      35         97        196          0         90        170         10
  193      75         34        661          0          0         72         10
  194     148         23       5155          0        450        515         10
  195      94         69        107          0        150        254         10
  196      51        101       1613       3528        150        226         20
  197     143        102       8871       6129        120        259         20
  198     101         81         40        319        120        263         20
  199      30         45        198          0        120        233         10
  200     166         28      11551        984         30        194         20
  201      52         63       2572          0         90        232         10
  202     139         66       7243       6474        300        410         20
  203      98         69       1568          0        120        256         10
  204     183         60       1659          0        210        281         10
  205     183         79         57          0         60        220         10
  206     146        132       6216          0        180        260         10
  207      27         22       1614       1875        330        400         20
  208      87         53       8945          0        360        525         10
  209      78         65         89          0        120        287         10
  210     155         90       2119          0        120        258         10
  211      93         68       2220          0        120        273         10
  212     176        111       1654          0         90        220         10
  213      82         15        133          0        120        254         10
  214     109        122         23       6880        120        190         20
  215      47        141        257          0        300        408         10
  216     132         44        200         62        120        196         20
  217     159         43       5669       1990        360        466         20
  218     185         59       3400       5639        120        206         20
  219     111         83        937          0        420        533         10
  220      74         95       1290        123         30        163         20
  221      77         44       4410          0          0        128         10
  222      67         96       9040          0        120        249         10
  223     123         66       1816          0        330        410         10
  224     155         24         30          0        120        262         10
  225      24         59       3281          0        120        220         10
  226      28         34         85          0          0        132         10
  227      82          7        160       5421        360        526         20
  228      65         32       1190        196          0         74         20
  229     119         15       2659          0        420        480         10
  230     131         89         49          0        120        184         10
  231     142        102       4128       3302         60        184         20
  232     184         71       5419       1364         60        201         20
  233      48        151       1789         40        330        460         20
  234      77        120         22          0         90        230         10
  235      40         67       1644          0        450        523         10
  236      82         85       2110          0         90        197         10
  237      13         12       1157       1527          0        129         20
  238      13         87       2832          0          0        124         10
  239      26        121       3377          0          0        143         10
  240     118         45       1597        289         30        129         20
  241     136        148         58          0         90        228         10
  242     180         58        107          0         90        264         10
  243      20         21        920       1159        120        285         20
  244      15         37         90       6257        180        253         20
  245      74        121        458          0         60        167         10
  246      44         47        202       1940          0         74         20
  247     150         49      15000          0         30        198         10
  248      74        119         60          0        120        261         10
  249      99         56       4284          0         60        165         10
  250     144         86       6707       6109        120        228         20
  251      81         56        315          0        120        199         10
  252     102         75       2796          0        210        287         10
  253     144         18        498        686        120        218         20
  254     130         52       2295          0        390        472         10
  255     119         45       1008        697          0        129         20
  256      16          6        552       5947        120        219         20
  257      24        100       4040          0        150        250         10
  258     113         71       5854       3098        300        427         20
  259     138        146         31          0         90        208         10
  260     175        124       9326          0          0        214         10
  261     122        109       1098       3238        180        286         20
  262     115         31      12292         35        120        289         20
  263       6         26        103        338         30        167         20
  264     104         81       4870        938         90        260         20
  265      34         79       1777       1839        300        412         20
  266      53         17         58          0        120        222         10
  267      69         24       3371          0          0        172         10
  268       7        114       1255          0         60        173         10
  269      23        110        406          0        300        412         10
  270     132        151         46          0         30        204         10
  271      22        129       1601       1207        120        250         20
  272     110         49         60       2379         90        245         20
  273     112         47        105         93        180        265         20
  274      88        127       4289          0         30        203         10
  275     160        127        157          0        300        440         10
  276       7         33       2495        190          0         98         20
  277     154         25         16        113        120        191         20
  278     150         79         92        301         60        226         20
  279     148         92       1711          0          0        173         10
  280      27         46       1424          0          0         86         10
  281     110        134         18          0        120        254         10
  282      64         44       1799       6800        120        218         20
  283      99        113        202          0          0        153         10
  284      15         42       5014       1889        330        436         20
  285     132         61        202       6386          0        142         20
  286      12         15       1272          0         90        189         10
  287      77         63         68       4814         60        167         20
  288      57         94        752          0         90        164         10
  289     133        102       3993          0         30        171         10
  290     106        103         17          0         60        194         10
  291      89         57        445          0        120        277         10
  292      69         21       2988         37        120        196         20
  293     115         96       3288          0        150        214         10
  294     180         65        672         19        150        279         20
  295     197         70         83          0         60        208         10
  296     100        116       1850         13         30        194         20
  297      26        127       4093          0         90        224         10
  298      62        154         13       2433        210        296         20
  299      23          9       1198          0          0        109         10
  300      21          7       7043        123          0        161         20
  301     149        141         90          0         60        199         10
  302      67         61         30          0          0        127         10
  303      95         84       3079          0         90        213         10
  304      17         89       1542         38        120        289         20
  305     127         37         54         92         30        159         20
  306      26         73       6403         37        300        478         20
  307     123         53        438       5972         30        192         20
  308     116         43       3860          0        120        198         10
  309      59         85        631       4636        360        488         20
  310     119         33       1577       2214        120        277         20
  311       7         97       4446       3145         90        255         20
  312     142        124       3269          0        120        281         10
  313     112        136      14399        334        390        523         20
  314      66        135       2116          0         90        200         10
  315      27         73       2173          0          0        100         10
  316     102        100       1673          0        120        249         10
  317      42        125       1366          0        390        531         10
  318     108         35       1516        169        120        214         20
  319      93        152       6160          0         30        195         10
  320     126        132       1749       1716         60        228         20
  321     131         32       2471          0        300        432         10
  322     126         72       7182          0        390        537         10
  323     132         27        922          0          0        140         10
  324     114         49       2303          0        150        228         10
  325     160         77         26       3784          0        164         20
  326      46         18        392          0          0        105         10
  327     170         81       3004      10698         60        191         20
  328      70         55       4856        199        120        229         20
  329     168        140        643          0        360        454         10
  330     185         98       2153          0         30        214         10
  331      79        131        170          0         30        158         10
  332     138        128       1884          0         30        182         10
  333      37        100       1221       2447        330        467         20
  334     146         88        105          0         60        223         10
  335      10        116       1261          0          0        149         10
  336      82         74        556          0         90        164         10
  337      75         55       2917        363        120        281         20
  338      55         11        984          0        360        470         10
  339     120         33       9977          0        390        496         10
  340      85         10       3602       3479        150        245         20
  341      75        130        263          0         60        165         10
  342      68         95       1511          0          0        119         10
  343      25         47        260          0        120        197         10
  344     162         63        310       3296        390        526         20
  345     123         52        138          0        210        273         10
  346     132         93       5072          0         90        212         10
  347     192         92        889       1774         90        205         20
  348     121         66         27       1505         30        129         20
  349     154         31        178       7866        180        251         20
  350      76         68        612        406        210        281         20
  351      96         68       2354          0          0        127         10
  352      41         70        684          0          0        172         10
  353     137        103       1733          0         30        170         10
  354      31         13       1210       3648        180        277         20
  355     148         94       7866          0        450        539         10
  356     186         74      10924          0        300        457         10
  357      20        145         87          0         90        241         10
  358      92         52       2272         40        120        236         20
  359     194         60       6296        390         60        206         20
  360     153        115       1624          0          0        184         10
  361     111         54         13        436          0        168         20
  362     131         83        315       1751         90        220         20
  363     122        128       3545       1686        300        399         20
  364     115         81       2084          0          0        142         10
  365     114         80       1772       2472         60        224         20
  366     139         18         43       2453        120        190         20
  367       2         22       6503          0          0        136         10
  368     124         96        178       1901          0        175         20
  369     152         87        973         97         90        170         20
  370      25        114        338         84         60        226         20
  371      38         32       1886          0        420        520         10
  372      63        150         15       1030        330        403         20
  373      47         96        920          0        210        283         10
  374      74         66       2215          0        120        250         10
  375     119         64      13401          0        360        459         10
  376      34        149        924          0         30        163         10
  377     149        136       1418       5946        120        280         20
  378      70         72       2362        180          0        108         20
  379      26          9         90        686        120        243         20
  380     122         66       3521          0         90        246         10
  381      72         39        586         23          0        140         20
  382      64         67       1506        393          0        131         20
  383      22        151       8726          0          0        183         10
  384      31        101       5872          0        120        217         10
  385     103         95       5044       8107          0        150         20
  386      61         30       2067       6210          0         72         20
  387     156         67         12       7501         90        203         20
  388     107         85       1526       8945        120        232         20
  389     160        117         82        290         30        183         20
  390     162        104        601       1506        120        279         20
  391      28         14        537          0        120        194         10
  392      83         85       4875          0         30        133         10
  393      36         87       9982         43         30        165         20
  394      76         16       1247          0        120        222         10
  395     148        128       1544       1286         30        200         20
  396     158         33        775       1136          0        160         20
  397     160        101       2010          0          0        176         10
  398      86        102        615       2112        150        285         20
  399     148         46         70          0         30        160         10
  400      17        126         84          0         30        150         10
