400_177

CUSTOMER  VEHICLE
NUMBER	  NUMBER     CAPACITY    DispatchingCost
    400     500          40000       100

CUSTOMER
CUST NO.  XCOORD.   YCOORD.   DDEMAND   PDEMAND   READY TIME  DUE TIME   SERVICE TIME

    0      41         23          0          0          0        960          0
    1     140         66         72        298          0        154         20
    2      34         63       2827          0        300        400         10
    3      21          7        812          0         90        164         10
    4      16        122       1708          0         30        145         10
    5      65         57       1104          0          0         75         10
    6      67         91       2857       4092         30        203         20
    7      18         22       2684          0          0        102         10
    8     147         22       3151       5907         60        181         20
    9     136         72       5681        483        360        525         20
   10      86         77       1708        227        330        399         20
   11      11         47       5680          0         30        205         10
   12      17        119        170       2379        150        279         20
   13     163         99        102          0        120        257         10
   14       8         10        216       2069        150        286         20
   15      59        106       8684          0         60        231         10
   16     176        112         90       6575         90        255         20
   17     168        147       1759       3420        120        230         20
   18     136         69       1344        232        330        472         20
   19     149         94        165        502        180        259         20
   20      78         84       1819         76         90        260         20
   21      21         78      12793       2207        120        225         20
   22      55        104        169       1793         30        190         20
   23     160         74       8312          0         60        171         10
   24      82          9        483          0        120        247         10
   25      46        116        290          0        180        280         10
   26     112         75         24       2024          0        129         20
   27      35         97        196          0         90        170         10
   28     118         67       2780          0          0        168         10
   29      94        103       1518        686        120        260         20
   30      72         92       1613          0        150        298         10
   31      66        136       1576        686         60        191         20
   32      54        104        194      14806        120        186         20
   33      90        119       4742          0        120        256         10
   34     122        109         11          0         30        166         10
   35      87        140       5361          0        210        279         10
   36      22         99       2008          0         30        122         10
   37      13         26      14853        147        360        463         20
   38       8         11       6388          0        120        201         10
   39      58         86         21       9756        150        289         20
   40      40         67       9378          0          0         95         10
   41     101         81        196          0         60        224         10
   42     152        146       1043          0         90        200         10
   43      87        101       5050        279          0        135         20
   44      34        127       5945          0        120        254         10
   45     146        141         94       2659         60        199         20
   46      55        102         15          0          0        129         10
   47     186         89       2076          0        120        260         10
   48     148        114        581          0        210        286         10
   49     150         79      12923          0        210        287         10
   50     174         66         54       2020         90        226         20
   51     108         21       1251       1015          0        118         20
   52     179         61       8000          0         60        197         10
   53      54        117         53       5147        120        235         20
   54     122        128       3545       1686        300        399         20
   55     134         33        760          0        360        429         10
   56      19         90        912          0        180        252         10
   57     172         77      11057       1016        300        402         20
   58     112         78        108       1511        120        216         20
   59     174         93       1500         15        150        250         20
   60     194         72       2010       1000        180        292         20
   61      23        102        617       2432        390        464         20
   62      97         58      13022       1978        330        415         20
   63     107         77       3716          0          0        153         10
   64     176         59        200       2283        150        254         20
   65      52          0         76          0          0         73         10
   66      44         71       3765         96        150        249         20
   67      94         62       3090          0        150        231         10
   68     143         66         95       1872         60        148         20
   69      86        135      15000          0          0        164         10
   70      61         49       1613       5466        120        195         20
   71      98         69       1568          0        120        256         10
   72      33        137      14137          0        390        460         10
   73      88        127       4289          0         30        203         10
   74     179         67         70       3422        180        263         20
   75     148         23       5155          0        450        515         10
   76      96         82       1738          0          0        137         10
   77      85         83       6623          0          0        111         10
   78     115         31      12292         35        120        289         20
   79     106         68       3813          0        360        514         10
   80      34        122        556          0          0        129         10
   81     121        129       2805       1791        180        279         20
   82     154         31        879        338        120        246         20
   83     142         91       6861          0         90        256         10
   84      82         90       1382      13618         60        201         20
   85      48          5       1638       4183        450        526         20
   86     125         51       2157          0        120        281         10
   87     114         48       4493          0        330        462         10
   88      34        124         90         22         30        146         20
   89      60        148        713       1749         30        182         20
   90      35         49         56        259        300        410         20
   91      20         21       2489       2006        210        291         20
   92     172         43        183          0         90        186         10
   93     118         45       1597        289         30        129         20
   94     195         99       3484       2738        120        232         20
   95     111         85       2903          0        120        279         10
   96      79        130       3610          0         90        248         10
   97      28        120       8107          0         60        174         10
   98     126         66        123          0         90        222         10
   99       8         43       2143          0        120        262         10
  100      54          2       7666          0         30        110         10
  101     132         36       1052          0        120        198         10
  102     145         69         44          0         30        143         10
  103      96         66       7052          0        150        258         10
  104      50         85       1874          0         60        198         10
  105     125         79       1293       1492        300        410         20
  106      34        137       5813         74        300        434         20
  107      69         22        101          0          0        143         10
  108     132         93       5072          0         90        212         10
  109      71         59       6086       1430        120        224         20
  110     190         58        154       2544         30        204         20
  111     101         20        428       1271        120        184         20
  112      57         70       3068          0        120        217         10
  113     150         27         93          0        150        227         10
  114      81          4      15000          0          0        139         10
  115     162        118       2536          0        120        284         10
  116      81         81        604          0          0        135         10
  117     134        130       2799       3850        120        274         20
  118      35         26         19          0        120        224         10
  119      68         73      10273       4727          0        101         20
  120     192         62         41       2702          0        202         20
  121      76         56         43       5681         30        174         20
  122     170        139       2300          0        180        263         10
  123     131        104       1858          0        150        263         10
  124     114         56       1924          0        150        277         10
  125     158        128       2022          0        210        278         10
  126      77         55        280       1511          0        110         20
  127     174         67        189         91        120        201         20
  128     195         84       2484          0         60        218         10
  129      22        129       1601       1207        120        250         20
  130     163         22        272        788        120        243         20
  131      69         45       1895       8738          0        109         20
  132      57         26         62         59        120        216         20
  133     103         56       4371       2547        300        475         20
  134     146        129       4764       1829         90        203         20
  135      81        134       4190        363          0        165         20
  136      90         29        600          0        120        192         10
  137      99        113        134          0         60        156         10
  138     183         89         24          0        180        297         10
  139      25         47        468       1890        120        235         20
  140     151         77       4561       1854         90        228         20
  141      46        125       1175      13825          0        153         20
  142     110        128        480          0         30        173         10
  143     132         43       7489          0          0        166         10
  144      96         68       1630          0          0        108         10
  145      69        134       1305          0        180        259         10
  146      89         79        987         92         60        167         20
  147      57        145         64          0         60        221         10
  148      26        126       9670       1506        330        457         20
  149     129        122       1595       1221        210        279         20
  150     117         63       4027       1999        120        279         20
  151     131         83        299          0         60        155         10
  152     104         70        513       4698         60        165         20
  153     130         44         30          0         60        234         10
  154     133        142      15000          0        330        473         10
  155     198         93       5805          0        360        531         10
  156     105         79         25       2090        150        290         20
  157      76         68        612        406        210        281         20
  158     179         48        908        433          0        183         20
  159     161         63       1848          0         90        223         10
  160     138        128       1884          0         30        182         10
  161     194         82       2787       2387         30        203         20
  162      64         90         81          0        360        493         10
  163      41         70         30       1036        120        248         20
  164     157         59         52          0         90        166         10
  165      48        138        563          0        180        260         10
  166     109        122        320          0         30        205         10
  167      73         81        256          0          0        157         10
  168     176        126       5559          0          0        216         10
  169      16         10       2201         31          0        130         20
  170     101         85        237       1403        120        254         20
  171      14        122       2794       5189          0        137         20
  172     117        146         75       4866        120        193         20
  173     143         87       1059          0        120        296         10
  174     146         56        260          0         30        161         10
  175      91         65        268          0         90        204         10
  176     112        112       8742          0        420        526         10
  177     137         37       2291          0          0        132         10
  178     112         20       8802          0        360        539         10
  179     111         41        306       2191        120        230         20
  180     122         30       1750         48        120        247         20
  181      39         48       1791       1043          0        125         20
  182      69         51       4815       3808          0        119         20
  183     146         33        127          0         60        232         10
  184      82         74        556          0         90        164         10
  185      57         94       1994          0        390        490         10
  186      77         44       4410          0          0        128         10
  187      47        137         33          0        120        298         10
  188     158         24       5374          0          0        166         10
  189      69         21         28          0        150        280         10
  190     105         41       2559          0        120        277         10
  191     116         49      14757          0        300        440         10
  192      82         12        151          0          0         97         10
  193      60         43       2267       1205        120        255         20
  194     102         47       4076          0        120        199         10
  195      42         52       1802          0          0        145         10
  196     168         49       2348      12652         90        168         20
  197      56         80        470          0         90        225         10
  198     158         73        166          0          0        174         10
  199      68         94       2410        333         60        164         20
  200      52         63       2572          0         90        232         10
  201      70         64        104       5643        300        427         20
  202     115         83       7608          0         60        160         10
  203     186         73       2487        847         90        194         20
  204       0          8       5321        105        120        223         20
  205      89         60       1136          0        420        513         10
  206     119         55         96       1895         90        199         20
  207      97        144       8517        605        420        494         20
  208     126         36         51        569        120        254         20
  209     144         18       1092      13908         60        147         20
  210      48         56       1950          0          0        162         10
  211     160         56        553        465          0        177         20
  212     134         34        299        201          0        142         20
  213      74         85       1708          0          0        124         10
  214     167         47       2384          0         60        205         10
  215      29         81       1158          0         30        160         10
  216      52         28        291       1842          0        103         20
  217      51        114       3536       5974         60        194         20
  218       6         49       4040          0        120        231         10
  219     158         74       1454       1418          0        176         20
  220      85         10       3602       3479        150        245         20
  221      80         11       1799          0        360        524         10
  222     166         28       2289       1712        180        263         20
  223     111         35       2054       2821          0        141         20
  224      45        116       4319        893          0        140         20
  225     117        100       6469       8004          0        157         20
  226     104         81       4870        938         90        260         20
  227      92         70       5901          0        180        280         10
  228     113         71       2990          0        180        265         10
  229     123         47       8172          0        360        470         10
  230     115        114       2497       2138        150        280         20
  231      28        122        563          0          0        135         10
  232      32        112       1854          0        120        208         10
  233     168        139       3851          0        120        259         10
  234      88         72      14867        133        150        244         20
  235     161         95       5649          0         90        199         10
  236     122        146        344        287        300        451         20
  237      89         36         11        504          0         79         20
  238     148        126       1520          0         60        194         10
  239      81         18        225         22          0         89         20
  240     110         69       1453        121         60        230         20
  241      89         84         46       1461         60        169         20
  242       5        113       1464      10147         90        248         20
  243      36        146        280       3622         60        189         20
  244      26          9        681          0        120        261         10
  245      48        129       2461          0          0        177         10
  246     170        118       1758          0        390        454         10
  247     131         44       2513        428        150        226         20
  248     141        103       2428          0          0        171         10
  249      99         80       8000          0          0        164         10
  250     169        147         10          0         60        217         10
  251     180         65        672         19        150        279         20
  252     131        123       4519          0         60        194         10
  253      64         44       1869          0          0        133         10
  254     100         53      13506          0        120        254         10
  255      12         30       6037       8963          0        103         20
  256      29        131       3180          0        180        290         10
  257     153        146       2403       1306        390        533         20
  258      76         94        866          0         30        131         10
  259      82         92       4707       1260        300        440         20
  260      85         52         67          0        120        248         10
  261      10         51        613        348        120        259         20
  262      52         62       1715       3401          0        108         20
  263     139         70       9240       2162         30        201         20
  264     132         69         13        433         90        230         20
  265     114         49        628       1895          0        131         20
  266     133         37         13       1030          0        146         20
  267     198         85       1522        586        120        259         20
  268     173         62         44       5374        180        285         20
  269     137         49        501          0          0        157         10
  270      11         34        715       1709          0        163         20
  271     117         97       9680          0        360        462         10
  272     121         49       3096        618        150        220         20
  273     153         75       5845         36          0        170         20
  274      22         44       4416          0        360        458         10
  275      18         37         47         17        120        254         20
  276      95         18        146       1667         30        129         20
  277     106         84       3643          0        150        289         10
  278      78          6       6345       6106        120        248         20
  279     140         47       5638          0        330        494         10
  280     126        132       1749       1716         60        228         20
  281     106         55       4592          0        120        293         10
  282     159         43       5669       1990        360        466         20
  283     132         44        200         62        120        196         20
  284     178         62       1822          0        390        529         10
  285      10        117       1920         10         60        148         20
  286      86         76        236        288         90        231         20
  287      25        114       1651          0        150        221         10
  288      30         43         37          0        120        253         10
  289     155         27        325          0         60        164         10
  290      95         38      10533          0        300        398         10
  291      38         31       1285       1542        120        279         20
  292      89         80       6860          0         30        142         10
  293     160         92        750       2077         60        218         20
  294      63        150         15       1030        330        403         20
  295     106         82       1920       3037          0        161         20
  296      56        114        587       1940          0        136         20
  297      63         90        106         72        150        283         20
  298      76        127       4385          0        330        405         10
  299      57        153       7500        437        120        231         20
  300      65         32       1190        196          0         74         20
  301      77        120         22          0         90        230         10
  302     197         87         32        127         60        203         20
  303     160         23        108        270        120        203         20
  304     150         53         54          0         90        230         10
  305     109         51       1301        299        300        459         20
  306     156         67         12       7501         90        203         20
  307     185         98       2153          0         30        214         10
  308     102        120       1840          0         90        252         10
  309     103         96         36          0         90        165         10
  310      73         96        423          0        120        197         10
  311      36         20       2287        292        120        282         20
  312     109         29        608       3418        120        223         20
  313      31         40       6651       4849        150        222         20
  314      52         61       1464       1944          0        101         20
  315     176         70       1430        164        120        192         20
  316      53        120        132        741         60        159         20
  317      20        116        977        107        150        222         20
  318     134        122        950          0        120        295         10
  319      15         36       1121          0        210        276         10
  320      78         98        462       2331         90        237         20
  321      27         76        563       7334          0        108         20
  322     195         59        736          0         60        200         10
  323      80        113       2250       2029         60        191         20
  324     186         72       2562          0        450        526         10
  325     112         36         57          0        120        266         10
  326      90         83       2995          0         60        163         10
  327      77          6       2198          0          0        100         10
  328      22         77      15000          0         30        200         10
  329      64         40        280          0          0         77         10
  330     101         97         17         91          0        133         20
  331      95         84       3947          0        210        271         10
  332     115         60        742          0         90        220         10
  333      88         67         86          0          0         98         10
  334      53        153         46          0         90        175         10
  335      88         54       1037       7180          0        101         20
  336      47         51       1248          0        120        202         10
  337      22         92         22        356          0        118         20
  338     164         76         51        577        180        251         20
  339     108         18      11093        260        330        468         20
  340     175         62        476          0         90        181         10
  341     130        148       1672          0        150        233         10
  342      45         79       1104          0        150        227         10
  343      91         95       1257       6161         30        123         20
  344     152        110       1356          0         90        230         10
  345      38        113        470       2221         60        207         20
  346     188         95       1525         75        150        291         20
  347     118        100        337          0         60        214         10
  348     146         40       1068       5200        120        237         20
  349      32         74        960       1273        120        220         20
  350      49         88        400       1494        120        225         20
  351     133        102       3993          0         30        171         10
  352      82         72       2382        526         30        199         20
  353     116         85         40          0        330        498         10
  354      65         12        287          0          0         72         10
  355     137        103       1733          0         30        170         10
  356     171         66        210       5151         30        180         20
  357     151        123       9812       5188        360        535         20
  358      39         52         90          0          0        107         10
  359      20         98       2460         49         30        206         20
  360      60         10       1505          0          0        177         10
  361      71         91        672        305          0        125         20
  362      43        122         40          0         90        165         10
  363      17         18       3480          0          0        104         10
  364      54        130         76       1859         60        165         20
  365     140        104        856        542        150        230         20
  366      97         24        618        175          0        144         20
  367      99         45        936      14064        120        198         20
  368      45         54       3180       6006         30        108         20
  369      30         54       1177        525        120        290         20
  370      41        145       7246       3055        120        258         20
  371      15        118      14294          0        210        277         10
  372      31         13       1844        847        120        221         20
  373      53         65         70          0         60        199         10
  374     186         83       3419       8738         60        216         20
  375      77        132       2764          0        120        257         10
  376     109         98       2338       2432        120        246         20
  377     100         19       9275       4376        420        523         20
  378      33        131       1500          0        120        250         10
  379      69         92       2542          0        120        291         10
  380     135         51         64       4551          0        135         20
  381     142        136       8188        204         60        190         20
  382      90         28       4659          0          0        102         10
  383      24         59       4918          0        390        502         10
  384      12         15       1272          0         90        189         10
  385     122         83        129        346         30        144         20
  386      67        115        280       8547         60        199         20
  387      14         34        456          0        120        280         10
  388     151         82       1594        107         30        185         20
  389     173        111       1961          0        120        216         10
  390     130        122       4586       1802        360        521         20
  391      75        156        323         11         90        235         20
  392     126        106         31       1157          0        159         20
  393      60        122       4717          0          0        139         10
  394      33         69       8738          0        120        271         10
  395     103        128       4840       1094        120        294         20
  396     144        128        172        300        300        396         20
  397      60         37       1380          0        120        233         10
  398     103        127        110        439         60        169         20
  399      41         73       1594          0          0         97         10
  400     169        111       1118       3641        120        248         20
