400_188

CUSTOMER  VEHICLE
NUMBER	  NUMBER     CAPACITY    DispatchingCost
    400     500          40000       100

CUSTOMER
CUST NO.  XCOORD.   YCOORD.   DDEMAND   PDEMAND   READY TIME  DUE TIME   SERVICE TIME

    0      41         23          0          0          0        960          0
    1      28        122        563          0          0        135         10
    2     176         47       5280          0         90        196         10
    3     106         68        277       1874          0        123         20
    4     154         39       1879          0        300        404         10
    5      71        107       3481          0         30        188         10
    6      37         15      15000          0          0         77         10
    7     109         65       1160       1863         90        253         20
    8      93        152       6160          0         30        195         10
    9     143         31        112          0        300        434         10
   10     128         72      13201       1799        210        287         20
   11     153         75       5845         36          0        170         20
   12      60         64       1366       6937        120        254         20
   13     123         63       1669       1523         30        186         20
   14     119         45       1008        697          0        129         20
   15     138        146       1104          0         60        195         10
   16     187         93        703          0        120        225         10
   17      76        127       4385          0        330        405         10
   18      94         62       3090          0        150        231         10
   19      86        135      15000          0          0        164         10
   20     145         71       8935       1819        330        466         20
   21       3         94       4474          0        330        402         10
   22      17        119      13931       1069         90        263         20
   23     137         49       8190       1015          0        145         20
   24     108         18      11093        260        330        468         20
   25      83         25        442       3136         30        159         20
   26      44         86         37          0          0         99         10
   27     169        111       1118       3641        120        248         20
   28      73         43       1570          0        120        199         10
   29      47        137         33          0        120        298         10
   30      77        132       1221          0         30        200         10
   31     118         86         13          0        360        498         10
   32      33         64       1687       1516        120        268         20
   33      28         14       1745       1926        120        265         20
   34     135         59       1010          0          0        151         10
   35      80         11       1799          0        360        524         10
   36     132         48        526         24          0        134         20
   37     116         43        480       1500          0        129         20
   38      82         72       2382        526         30        199         20
   39      15          3        401         98        120        222         20
   40      33        113        106       7832        120        190         20
   41      62         67       2332          0        360        441         10
   42      94         94       1502          0          0        139         10
   43     150         49      15000          0         30        198         10
   44      91         70        763          0        120        218         10
   45      86         86        422       2620          0        133         20
   46     113         64       5953          0          0        142         10
   47     109         75       5146          0         60        170         10
   48     126         73       3303        487         60        234         20
   49      49         84       1083          0         60        138         10
   50     179         48        908        433          0        183         20
   51      88        103       3713          0        180        260         10
   52     101         97         17         91          0        133         20
   53      50         80        673       1629        300        404         20
   54      85         76        465          0        150        278         10
   55      39        107        542       9983          0        161         20
   56     121        147       6372       1923        150        256         20
   57      11         17        198       1008         30        133         20
   58      10        116         86       1521         60        226         20
   59     168         96         60        818          0        194         20
   60     161         36      14657        343        390        502         20
   61     123         72        941       1885         60        196         20
   62      61          1        456        424        120        278         20
   63     130         68       1514          0          0        140         10
   64     138         99       1838          0        150        245         10
   65     143        102       8871       6129        120        259         20
   66     191        100        149        279        120        285         20
   67       1         17         29       1669         60        230         20
   68      41         74         87          0         90        169         10
   69     124         79         74          0        120        250         10
   70     173         87       5332          0        300        410         10
   71     172         43        620        280         30        178         20
   72       0         21        474         54          0        167         20
   73     120         62        394        119          0        147         20
   74     106         66        294          0        180        275         10
   75     161         63       1848          0         90        223         10
   76     183        102       1149         22        120        248         20
   77     193         91       2004          0          0        211         10
   78     121        129       1491          0         90        263         10
   79      90         16       1667       4478         30        198         20
   80     131        104       1308       1932         60        165         20
   81      57         91        215          0        120        253         10
   82      27         22       1614       1875        330        400         20
   83      66         63        418          0        150        221         10
   84     101        111        110          0          0        143         10
   85      86         56       7609       7391          0        132         20
   86      30        155       1745       2364        120        269         20
   87      45         79       2851          0        120        212         10
   88     167        103      14692        308        150        214         20
   89      77         63       6727        423          0        101         20
   90     117         56       7730       2583          0        135         20
   91       7         28       1609          0        180        298         10
   92      76         94        866          0         30        131         10
   93     151         82         39          0        150        259         10
   94     146         92         82         74        180        250         20
   95      99        113        202          0          0        153         10
   96      28         74        252          0         90        172         10
   97      67         87       1522        122        120        225         20
   98     101        117       2024         28          0        151         20
   99      96         81       1570          0          0        130         10
  100      50         85      15000          0          0        125         10
  101     102        120       1840          0         90        252         10
  102     142         29      10671        395        300        403         20
  103      46         52        105          0          0        172         10
  104     115         83       1898          0         60        185         10
  105      69         45       1895       8738          0        109         20
  106      27         46        210         59        120        204         20
  107      60        148       1697       5044         30        189         20
  108      85         75        110          0          0        115         10
  109      57         94       5245        902         30        136         20
  110      31          4       4408         12        330        490         20
  111      33        137      14137          0        390        460         10
  112      44        101       1242          0         30        183         10
  113     147         94       1976          0        120        251         10
  114      13         12       1157       1527          0        129         20
  115      23        118       6397          0         60        201         10
  116     152         87       2636          0         60        186         10
  117      76         76       5203         53          0        173         20
  118     194         94        300          0          0        216         10
  119     130        122       9733          0        150        257         10
  120      73         89       1815       1071        210        282         20
  121      56         49         44          0          0         94         10
  122      60         37       1380          0        120        233         10
  123     162        117       2284          0         60        219         10
  124     106         96        379       2490         90        198         20
  125      74         20        127          0          0         75         10
  126      68         86        211       5088         60        201         20
  127     109         29       6576       2690          0        161         20
  128     170        137       1498      13502         90        218         20
  129      95         68        202          0          0        164         10
  130     163         22       5394         85          0        176         20
  131      96         68       2354          0          0        127         10
  132     103         96         20       1989        150        281         20
  133      26        126       1513          0        360        522         10
  134     108         35       1516        169        120        214         20
  135      93         94        631       7181         60        138         20
  136      73        111        437      14563        330        453         20
  137     106         55       1939          0          0        108         10
  138      66        152       1090          0         60        227         10
  139     105         41       4551       1073          0        169         20
  140      79        122       2645          0         60        220         10
  141     131         32       2471          0        300        432         10
  142      84         78       2544          0         60        190         10
  143      57         29        170          0          0        129         10
  144      67         91       2857       4092         30        203         20
  145     176        111       1654          0         90        220         10
  146     105         68      10387        223        120        288         20
  147     119         64      13401          0        360        459         10
  148      25         50       7260       2850        120        236         20
  149     178         62       1822          0        390        529         10
  150      74         93        290          0          0        111         10
  151     136         69       1344        232        330        472         20
  152      23        100         30         36          0        126         20
  153      80          5         70          0        150        276         10
  154     156        115       1299        588        120        296         20
  155     164        107         48          0        180        280         10
  156     115         96      11435          0          0        160         10
  157     112         47       4377          0        120        200         10
  158     111         65       3524       6652        360        492         20
  159      91         55         90        839          0        158         20
  160     132         93       2419          0         90        231         10
  161      40         86       2078       5659        120        295         20
  162      30         54       1177        525        120        290         20
  163      12         98      14989         11        330        433         20
  164      57         45       1460          0        330        503         10
  165      13         38         27       1613         30         98         20
  166      97         86       4135      10865          0        154         20
  167     126        132       1749       1716         60        228         20
  168     141         30         31        277        120        232         20
  169     105         62         42          0         90        172         10
  170       6         26       3038       1970          0         96         20
  171      62         76       9568          0        300        429         10
  172      19         13        108          0         90        247         10
  173     137        103       1733          0         30        170         10
  174     117         42      12636          0        120        188         10
  175     170        139       2300          0        180        263         10
  176     160         66        364        237        300        393         20
  177     123         53        438       5972         30        192         20
  178     150         20       3561          0        120        197         10
  179      34        124       9338          0        120        284         10
  180      90        111       1208       9251         60        161         20
  181      82        107       2525        182         60        195         20
  182      83         64        104         25        120        287         20
  183      96        112        291          0         60        234         10
  184      35         49         56        259        300        410         20
  185     151        107      12718         82        330        454         20
  186     111         67      14177        823        120        256         20
  187      29         38         22          0         90        162         10
  188     109         64       3963          0        300        428         10
  189      58         88        422       1246        150        294         20
  190      79        101        403        306        120        259         20
  191      68         73       1260          0        150        261         10
  192     160        118         65       1669         60        227         20
  193      14        122       2794       5189          0        137         20
  194     140        104         98          0         90        171         10
  195      98         10       1801       7044        120        258         20
  196     166         83         90       2569          0        183         20
  197      86        102        531      14469        180        288         20
  198      56         64        170       5400         60        195         20
  199     111         41        503         55        150        291         20
  200      17         18       3480          0          0        104         10
  201     131         89         49          0        120        184         10
  202     151         22       3910          0          0        168         10
  203       8         11       6388          0        120        201         10
  204      97         37       1253         95         30        153         20
  205     116         65       2686         62          0        140         20
  206     123         59       6700       4619         30        204         20
  207     137         37       2291          0          0        132         10
  208      37         14        902          0          0         76         10
  209      44         48       1146        110        390        471         20
  210      57        145       2633          0         60        215         10
  211     147        113         39       2361        120        199         20
  212     171         66        210       5151         30        180         20
  213      79          7       2256          0        120        196         10
  214     135        136         22        397        120        289         20
  215      74        142       2500          0         30        161         10
  216      22        149       4698         82         30        175         20
  217     114         77       2484          0        180        260         10
  218      58         86       1700         43        120        201         20
  219      83         99        222          0         30        190         10
  220      76         16         16         49        120        234         20
  221     153        122      15000          0        210        288         10
  222      31        101       1764         43        390        459         20
  223     177         74       2400      11095        120        187         20
  224     101         77        314          0        300        398         10
  225     119         11       1680          0          0        131         10
  226      59         14       2558         67        120        248         20
  227      79         16         83          0          0         80         10
  228     170         81       3004      10698         60        191         20
  229     168        147       1759       3420        120        230         20
  230      73         81        256          0          0        157         10
  231      85         52         67          0        120        248         10
  232      53         65         70          0         60        199         10
  233     116         75         63       5651         30        135         20
  234      78         43       1788          0        420        504         10
  235       7        114         82       2419         60        193         20
  236     116         85         40          0        330        498         10
  237      44         71        164        504        150        225         20
  238      29        131       3180          0        180        290         10
  239     158         33       1537          0         90        160         10
  240     133         37         13       1030          0        146         20
  241     135         29       4413       2159         30        143         20
  242     130         46       1352       1010        180        275         20
  243     115         81       2084          0          0        142         10
  244     151        109        891          0         60        201         10
  245     186         83       3419       8738         60        216         20
  246      52         46       4320       2221        120        249         20
  247      97         24        618        175          0        144         20
  248      61         30         40          0        120        292         10
  249      62         56         21          0          0        155         10
  250      54         96         16          0        120        248         10
  251     138        128       2515       7408         90        256         20
  252      78         84       2387          0          0        148         10
  253      34         98       1429          0         90        220         10
  254     104         91         86          0         60        220         10
  255      68         94       2410        333         60        164         20
  256      65         88        745        299        150        232         20
  257     140        133       2253          0         60        196         10
  258     158         24       8394        614        120        284         20
  259      28         45       4270          0          0        110         10
  260     189        101        830          0        180        281         10
  261      99         45        936      14064        120        198         20
  262      51        115        567       3605         30        192         20
  263     122         65       7557         88        300        411         20
  264     160         56      13442       1558         90        220         20
  265      38         31       1285       1542        120        279         20
  266     102         72       2790      12210        210        280         20
  267     148        128       2169          0          0        198         10
  268     126        111       1629       9241        150        251         20
  269      26        113        129          0         30        191         10
  270      59        134        864          0        120        196         10
  271     179         61       3315         98        180        262         20
  272      34        136         68          0        120        204         10
  273      15         42       5014       1889        330        436         20
  274     174         99       2160        447          0        203         20
  275      83         74       1537          0         60        231         10
  276      78         98       1310       2948         60        153         20
  277      50        123        657          0        150        296         10
  278      19         98       5993          0        330        470         10
  279      64         90         81          0        360        493         10
  280      34         33       6923          0          0         76         10
  281      80        117       1938          0        150        247         10
  282      92         84       1989         56         60        146         20
  283     120         85        615        452         90        220         20
  284     143         87        250          0         90        252         10
  285      90        124         22          0        120        291         10
  286     139         70       9240       2162         30        201         20
  287      70        119       3059          0          0        148         10
  288     188         79        566        126          0        216         20
  289      78         87         56       1532        120        278         20
  290      99         56       8544          0          0        109         10
  291     122         83       1952          0        180        277         10
  292      95         24        380        190          0        143         20
  293     150         53       3160       1628        120        251         20
  294     183         60         96          0         60        181         10
  295      78         65         89          0        120        287         10
  296      67         94        266          0         30        128         10
  297      73        157       5588        126         90        171         20
  298     147         39       2024       2295         90        195         20
  299      30        117       1507          0         60        160         10
  300      42        127       2066      12934        120        248         20
  301     154         31        178       7866        180        251         20
  302     147         22       3684          0        300        434         10
  303      80        139        255          0         90        196         10
  304     158         73        166          0          0        174         10
  305     198         86       2360       2542         30        214         20
  306      60         10       2247          0          0         93         10
  307      57          0       4103        156        120        247         20
  308     116         94        824       1815         30        203         20
  309      29        101       2168         29         30        159         20
  310      55        104        169       1793         30        190         20
  311      16         81       2208          0         30        190         10
  312      45        126         61          0          0        154         10
  313     194         60      12139          0         60        228         10
  314      41         23          0          0          0        960          0
  315     132         62       4261          0          0        136         10
  316     199         60        253       1149        180        248         20
  317       7         18         66         20        150        265         20
  318      83         85       4875          0         30        133         10
  319     161         95        238         61        120        215         20
  320     122        109       1098       3238        180        286         20
  321       5         20       1230       6346        120        212         20
  322     132         44         36          0          0        139         10
  323     125        102         61          0          0        167         10
  324      28         10        181        583        120        276         20
  325      87        113       1519          0         90        169         10
  326      23        110        406          0        300        412         10
  327      36         87        913      10752        180        297         20
  328      44         49       2711          0        120        291         10
  329     153         48        280          0         90        171         10
  330     101         81         40        319        120        263         20
  331      30         42      11298          0        150        212         10
  332     150         79      12923          0        210        287         10
  333      31        106        686          0         30        169         10
  334      46        128       1153       1000        360        522         20
  335     176         52       2360          0        300        472         10
  336     111        131         82       1349        150        234         20
  337      27         84         33      14967         30        165         20
  338      51          1       1834       3239         30        141         20
  339      55        102       1082          0         30        173         10
  340     130         44        237          0        120        229         10
  341      17        126         84          0         30        150         10
  342      53        120        132        741         60        159         20
  343     144         18        498        686        120        218         20
  344      35         63       1931          0          0        100         10
  345      90         92         15          0        120        228         10
  346      54          2        181         31          0        110         20
  347     194         80       1352          0          0        205         10
  348     116         83        550       1777         30        197         20
  349      40        155        117          0          0        176         10
  350      29         81       1158          0         30        160         10
  351      90         83       2995          0         60        163         10
  352     151         49        118       1291        180        247         20
  353      77         20        347          0        150        286         10
  354      29         11       8445          0        390        470         10
  355     194         65         76          0        180        284         10
  356     132        121       1538       2076         90        185         20
  357      99        108       6709          0          0        142         10
  358     150        127       3450         58         90        181         20
  359      38         96       3676       2220        330        499         20
  360      98        122       2566          0        120        290         10
  361      39        156        179       3625          0        176         20
  362     139         66       1790          0        150        219         10
  363      51         98       5190       6318        180        266         20
  364     117         97        345          0         60        189         10
  365      69         92        351        290        390        492         20
  366      15         10       2020          0         90        184         10
  367      28         34      13589          0          0        135         10
  368     170         36       1810         20         60        184         20
  369     125         79       5792         22         30        167         20
  370      60         43       2267       1205        120        255         20
  371     108        151      15000          0        300        395         10
  372     162        118       1841          0        180        255         10
  373     148        126       1520          0         60        194         10
  374      27         73        330         57        120        289         20
  375     122         30       1332        207         30        154         20
  376     120        129       2763          0        180        256         10
  377     148         23        926          0          0        141         10
  378     170         82       4985          0        120        219         10
  379      86         99         17        389         30        138         20
  380     155        145        238          0         60        233         10
  381     191         51       3545          0          0        204         10
  382     174         66         54       2020         90        226         20
  383      86         80        127        211         30        172         20
  384     148         47       1068       9983          0        148         20
  385      21         23        210          0          0        167         10
  386     154         76       5420          0        180        283         10
  387      41         73       1594          0          0         97         10
  388     132         61        202       6386          0        142         20
  389     152        146        505          0         90        231         10
  390      52        130      15000          0         60        222         10
  391      61         31         55       1184        120        253         20
  392     115         60       1628       1011          0        127         20
  393      44         51        240       1297        120        291         20
  394     180         95         29          0        300        423         10
  395     102         87       2047        179        120        259         20
  396     178        101         14          0        180        250         10
  397      24         59       4918          0        390        502         10
  398     106        125        110          0        150        229         10
  399      22         44       4416          0        360        458         10
  400     183         79         57          0         60        220         10
