400_64

CUSTOMER  VEHICLE
NUMBER	  NUMBER     CAPACITY    DispatchingCost
    400     500          40000       100

CUSTOMER
CUST NO.  XCOORD.   YCOORD.   DDEMAND   PDEMAND   READY TIME  DUE TIME   SERVICE TIME

    0      41         23          0          0          0        960          0
    1      25        114        338         84         60        226         20
    2      71        107       3481          0         30        188         10
    3     170        139       2300          0        180        263         10
    4     198         86        192          0         60        212         10
    5     183         61       6107          0        450        519         10
    6     133        102       3993          0         30        171         10
    7      66        135       2116          0         90        200         10
    8       4         23        236        920        120        223         20
    9     160         77       1715          0          0        183         10
   10     159        127       2388       2516         60        201         20
   11     109         64       2257       7680         60        153         20
   12     126         89       1026         57         60        218         20
   13      59         48         38         80          0         95         20
   14     158         73       3051          0        360        466         10
   15      32        112       4944          0        360        513         10
   16     121         66       2147          0          0        167         10
   17      88         13         60       1333          0        126         20
   18     117        100       6469       8004          0        157         20
   19      59         54      11876          0        390        459         10
   20      10         44       9023       1791        390        461         20
   21     151         82         39          0        150        259         10
   22     131         32       5051        306          0        134         20
   23      71         91       5401       1945          0        140         20
   24     152         56       1331       1863        150        267         20
   25     174         54       2139          0          0        172         10
   26      90         16       1667       4478         30        198         20
   27     104         70        279       2024        120        183         20
   28     137         38       5135          0        210        280         10
   29      22        149       4698         82         30        175         20
   30      55        102       1082          0         30        173         10
   31     121        120       1864          0          0        166         10
   32     160        127        157          0        300        440         10
   33     132         48       6880         18        120        228         20
   34      38         96        576        433        180        244         20
   35     106         55       1939          0          0        108         10
   36     150         27         93          0        150        227         10
   37      21         12      15000          0          0        142         10
   38     138         37      14957         43        120        277         20
   39      66         71        920          0        210        274         10
   40     135        121        169          0         30        182         10
   41      48         47       2496       5873        210        279         20
   42     106         54        218        169        180        243         20
   43      34         79       2759          0         90        263         10
   44     158         33       1537          0         90        160         10
   45     109        122         23       6880        120        190         20
   46     122        109       1098       3238        180        286         20
   47      51        115        567       3605         30        192         20
   48      93         65        975          0        120        188         10
   49     111         35       2054       2821          0        141         20
   50      83         99        222          0         30        190         10
   51     164        107       3396       1706        120        187         20
   52     140         94        300          0          0        162         10
   53      25         52       5079       2017        180        287         20
   54     158         75       1639       1839         60        206         20
   55     119         94        388       2215         60        200         20
   56      33         70        712       2199         30        183         20
   57     140        133       2982      10695         60        203         20
   58      46         18       1403          0          0        159         10
   59     115         96       3726          0         60        145         10
   60      47         62        621       3243        120        279         20
   61      77          6        503          0        120        228         10
   62      21         80       1559        450        420        514         20
   63      55        104        169       1793         30        190         20
   64     148         30       1881       2382         90        218         20
   65      43         16       3023        129        120        231         20
   66      92         35       2586       1748        120        229         20
   67      34         61       7125          0        300        408         10
   68      51         80         35          0         90        216         10
   69     160         78        270          0        120        188         10
   70     151         22       3910          0          0        168         10
   71      15         41       2076          0        120        262         10
   72      52         10         94         97        120        287         20
   73     132         69        268        345         30        186         20
   74      27         73        330         57        120        289         20
   75      19         52       1360          0          0        166         10
   76     190         58       1529          0          0        199         10
   77      88        103       3713          0        180        260         10
   78     175        124         14        181        120        215         20
   79     175         51       1655          0          0        169         10
   80      39         48       1791       1043          0        125         20
   81      59         14       5199       2975        120        282         20
   82      22         91        197          0        180        281         10
   83      96         86       4827          9        120        256         20
   84      73        157       5588        126         90        171         20
   85     150         81       1824       1361          0        156         20
   86      29         38         22          0         90        162         10
   87     176        126       3465       1746         30        209         20
   88      22        101         82      14918         60        137         20
   89     134        130      15000          0         90        191         10
   90     124        136        994          0         60        188         10
   91      45         79       2851          0        120        212         10
   92     181         76        134        217        120        247         20
   93     147        113       1183        841        300        440         20
   94     146         88      10696          0         30        163         10
   95     173         62         44       5374        180        285         20
   96     181         73       1888          0         30        192         10
   97     122         77        442        345        120        188         20
   98     120        103      13520        261        120        229         20
   99      76         56         43       5681         30        174         20
  100     197         58       2012          0          0        192         10
  101      20         21       2489       2006        210        291         20
  102      99         56       4284          0         60        165         10
  103      84         78       2544          0         60        190         10
  104      10        116         86       1521         60        226         20
  105     152        146        250          0        390        470         10
  106      69         51       4815       3808          0        119         20
  107     102         75       3753          0         30        136         10
  108     115         81       2084          0          0        142         10
  109      23         35        164          0          0        164         10
  110     120         85         96          0        180        297         10
  111     183         89        248          0          0        193         10
  112      60         60       2066          0        120        196         10
  113     144         34       3247       1430          0        135         20
  114      79         16      14945         55          0        154         20
  115     100        116       1850         13         30        194         20
  116     154         31        178       7866        180        251         20
  117     153        148       3786          0         60        219         10
  118     148        114        581          0        210        286         10
  119     105         62         42          0         90        172         10
  120     176         59        200       2283        150        254         20
  121      47        125       4866       6351         30        156         20
  122      33        137       1169          9        150        263         20
  123      98         46      15000          0        120        277         10
  124     122         40        307       3485        120        198         20
  125     121         91      14100        900        180        286         20
  126      52         92       3688          0        150        259         10
  127      35         26       1192         21        120        234         20
  128      61         63        183          0         30        140         10
  129     112        112       8742          0        420        526         10
  130       8         11       1860        996         60        162         20
  131      35         23      11040        503        120        281         20
  132      62        151         60          0        180        264         10
  133     134        122       1104          0        150        279         10
  134      31        106        686          0         30        169         10
  135      21         98       3613       6345        120        220         20
  136       1         17         29       1669         60        230         20
  137     125        103        998       2362        150        279         20
  138       2         22       6503          0          0        136         10
  139     131         18      11000        112        120        193         20
  140      54          2       7666          0         30        110         10
  141      51        150         20        746          0        173         20
  142      74        142       2500          0         30        161         10
  143      66         63        237        665          0        160         20
  144      70         72       2975          0        120        253         10
  145      67         87       1522        122        120        225         20
  146      96        118        111          0         30        172         10
  147      62         56         21          0          0        155         10
  148     137         30        589         90          0        140         20
  149     159         75       5376       3804          0        175         20
  150     137        143        188          0         60        189         10
  151      11         34       5652       3785          0         79         20
  152     189         85       1869       1825          0        199         20
  153      50         85      15000          0          0        125         10
  154     126         73       5113          0         30        168         10
  155      53         69        817         90          0        143         20
  156     115         31      12292         35        120        289         20
  157     106         66         82       1254         30        183         20
  158      82         99        454       5804        180        275         20
  159     197         70       7034          0        210        296         10
  160     162        118       2536          0        120        284         10
  161     103         55       7407        148        120        197         20
  162     139         66       1790          0        150        219         10
  163     123         52        138          0        210        273         10
  164      92         61       1511          0        120        257         10
  165      60         37       1380          0        120        233         10
  166     133        100       2576          0        390        459         10
  167       6        114       1582          0         90        263         10
  168     163         99       6623         76          0        186         20
  169      46         52        105          0          0        172         10
  170      49         84       1083          0         60        138         10
  171      57         72        155          0        300        408         10
  172      33         20        720          0          0        168         10
  173      96        112         35          0         60        150         10
  174     100         23        584          0        120        222         10
  175     148        116        105          0        120        216         10
  176     111         83        937          0        420        533         10
  177      88         72        795        661         60        187         20
  178     152        110       6086         34        180        248         20
  179      21          7       1038          0         90        189         10
  180      74         85       1824       1068        360        443         20
  181     143        102       8871       6129        120        259         20
  182      92         88       2076         67         90        250         20
  183     123         67       3124       2437         60        203         20
  184      65        100       1629       8279        120        220         20
  185      71         19       3406        567          0         66         20
  186     146         56        260          0         30        161         10
  187     118         86         13          0        360        498         10
  188      95         84       3079          0         90        213         10
  189      77         44       4579       3422        120        285         20
  190     151         49        118       1291        180        247         20
  191     119         55       1464          0         30        165         10
  192     148         32        768       1958        150        278         20
  193      59        106       8684          0         60        231         10
  194      35        150        232          0         90        206         10
  195      90        111       1208       9251         60        161         20
  196     179         67         70       3422        180        263         20
  197     153         75       5845         36          0        170         20
  198      14        122       9250          0         90        232         10
  199      32        115       6757       1941        390        527         20
  200     127        122       7628          0        120        278         10
  201      53         45       1570          0          0        107         10
  202     168        109       3646          0         60        190         10
  203      37         72       6072       2024        150        287         20
  204      15         81       3726       2012          0        103         20
  205      70        125      13341       1659         30        196         20
  206     108         21       1251       1015          0        118         20
  207      70         76         19      11041          0        104         20
  208      41        145        831          0        120        245         10
  209      80        113       2250       2029         60        191         20
  210      71        131        146        655         90        198         20
  211     162         63        310       3296        390        526         20
  212      53         37       1685        404        360        499         20
  213      32         43        822       2524        120        255         20
  214     121         81       1570          0         90        223         10
  215     150        131       1010          0        180        250         10
  216      19         13        108          0         90        247         10
  217      26          9        681          0        120        261         10
  218     121        129       1783          0        420        536         10
  219     157         59         52          0         90        166         10
  220     161         35       5373          0        360        441         10
  221     139        104        363       3213        120        213         20
  222      56         19       4992       2542          0        140         20
  223      78         32       3212          0          0        116         10
  224     101         97       3191          0         30        197         10
  225      30         43         37          0        120        253         10
  226      46        116        290          0        180        280         10
  227     150         70       3899        511        300        469         20
  228      27         22       1614       1875        330        400         20
  229      45         78        146          0         90        165         10
  230     118         45       1597        289         30        129         20
  231     142        131       1723        563        330        459         20
  232      64        119        103      14897         60        155         20
  233      23        100         30         36          0        126         20
  234      34         49         84         22          0         96         20
  235      60        148        713       1749         30        182         20
  236     100         67       6851         56         30        135         20
  237      69         92       2542          0        120        291         10
  238      85         10       3602       3479        150        245         20
  239     110         49         60       2379         90        245         20
  240      85         83        263          0          0        127         10
  241     106         96        379       2490         90        198         20
  242     131         44       2513        428        150        226         20
  243      60         49       1543         90         30        166         20
  244     146        132       4255          0         60        217         10
  245      74        140        108          0        150        277         10
  246      93         68        831         85        150        222         20
  247      33         69       8738          0        120        271         10
  248     131         17        190          0          0        154         10
  249      44         78       1873       4411        420        519         20
  250      82          8        280          0          0        133         10
  251      82         12       2968          0          0        175         10
  252      16          6       2550          0          0         86         10
  253     150         46      10588          0         60        199         10
  254       8         46       1713          0        180        266         10
  255      50        123        657          0        150        296         10
  256      31        101       5872          0        120        217         10
  257     150        140         35          0        120        296         10
  258       5         20       1230       6346        120        212         20
  259      27        127       6599          0        300        414         10
  260     160         56      13442       1558         90        220         20
  261      53        153         46          0         90        175         10
  262      91         12       8584          0        300        465         10
  263     116         83        365          0        120        227         10
  264       6         12         30        210          0         73         20
  265      57         29        170          0          0        129         10
  266      40        133       1587       5873         60        158         20
  267      70        119       3059          0          0        148         10
  268      58          2        324          0         30        200         10
  269      13         12       1157       1527          0        129         20
  270     169         76       4559         30        150        249         20
  271       6         26       3038       1970          0         96         20
  272      76         16         16         49        120        234         20
  273     195         99       3484       2738        120        232         20
  274     120        129        100       8516        210        289         20
  275     101         85        106        287         60        232         20
  276     127        133        733          0          0        181         10
  277      57         91        748          0        120        257         10
  278     116         65       2686         62          0        140         20
  279     194         80       1352          0          0        205         10
  280      98        116       1524      11435        120        224         20
  281     144         18       1092      13908         60        147         20
  282      17        119        170       2379        150        279         20
  283      52         61       1464       1944          0        101         20
  284      77         20        347          0        150        286         10
  285     179         61       3315         98        180        262         20
  286      85         46      13520          0          0        164         10
  287      43        136      12933          0        390        500         10
  288      68         95         50        538          0        122         20
  289      51         98       5190       6318        180        266         20
  290      35          8       1992       2702        120        286         20
  291       4         16       2745      12255        150        230         20
  292     122         66       7045        313         90        224         20
  293     138        146       1104          0         60        195         10
  294      49         88        400       1494        120        225         20
  295      81         81       6248       2011          0        134         20
  296      54         96         16          0        120        248         10
  297      74         93        290          0          0        111         10
  298     109         75       1710        193         30        155         20
  299      57         94       5245        902         30        136         20
  300      45        116       4319        893          0        140         20
  301      26        126       1513          0        360        522         10
  302     114         19         67          0         30        138         10
  303     130         59        339       1307        180        294         20
  304     100        101      10151       2654         60        201         20
  305     115         90        276          0        120        259         10
  306     151        123       1225          0        120        221         10
  307      56        103        362         37          0        132         20
  308     100         14        396          0        120        255         10
  309     106         84       3643          0        150        289         10
  310      21         78       3399          0         60        163         10
  311      25        155       3138          0        120        252         10
  312     101        117       2024         28          0        151         20
  313     177         47       2378        271        450        516         20
  314      52         28        291       1842          0        103         20
  315      86         52       1157          0         90        251         10
  316     103         96        112       9040        150        289         20
  317      81          8       1427          0          0        127         10
  318     139         70       1661          0        150        255         10
  319      30         38         14       9754        120        254         20
  320     125        102         61          0          0        167         10
  321     194         60       6296        390         60        206         20
  322     140         66         72        298          0        154         20
  323      76         76        191          0         60        220         10
  324      53         70        502          0         60        153         10
  325      78         65         89          0        120        287         10
  326      14         34        456          0        120        280         10
  327      55         67       2489          0        150        227         10
  328     126        111       1629       9241        150        251         20
  329      21         23       4100       1571          0        108         20
  330      46        125        253         17         60        155         20
  331     160        136       1923          0        360        466         10
  332     105         41       4551       1073          0        169         20
  333     114         77         11        615         30        170         20
  334      34        149       2036          0         60        235         10
  335     176         70       1430        164        120        192         20
  336     127        105       1265          0         30        192         10
  337      47         51       1248          0        120        202         10
  338     182        107         65        399          0        206         20
  339      54        130       4493        879        180        286         20
  340     160         66        364        237        300        393         20
  341      82         15        133          0        120        254         10
  342     109         94       1512       2434         60        186         20
  343      63        111        378          0         90        262         10
  344      64        137       1077       1708        360        530         20
  345       7        116        147       1749        120        281         20
  346      49         47        679          0        120        189         10
  347     173         97       6144       4815        150        254         20
  348       7        117         16      10588         60        175         20
  349      90         29         45          0         90        186         10
  350      45         49        112          0        120        275         10
  351      78         84       2387          0          0        148         10
  352      58         86         21       9756        150        289         20
  353     173         85       4842        248         60        183         20
  354      51          1       1834       3239         30        141         20
  355      31         40      14776        224        120        187         20
  356     120         97         25          0         60        171         10
  357      64         12       1443          0          0        143         10
  358      86         67       6081          0        420        528         10
  359      52         62       1715       3401          0        108         20
  360     197         87        781       2435        300        467         20
  361      78          7       1210        450         30        145         20
  362     148         23        926          0          0        141         10
  363     103         95         75      10994         90        222         20
  364      70         46       3340          0        300        461         10
  365      39         27       6210          0        120        192         10
  366     135         78       1444       5113        120        224         20
  367      94         62       3090          0        150        231         10
  368     148         92       1711          0          0        173         10
  369     155         90       2119          0        120        258         10
  370     134         55       1993       3211        150        296         20
  371      41         74         87          0         90        169         10
  372     150         49         57       2075          0        162         20
  373      78          6       2902       1882        120        196         20
  374     110        135       7052       7572        300        400         20
  375     146         40         17          0        180        247         10
  376       0          8       2947         34        180        294         20
  377     176         47       5280          0         90        196         10
  378      77        120       1854       2136          0        144         20
  379      54        117       2175      12825        150        292         20
  380      70         55        181          0          0        147         10
  381      60        118       7904       5162         60        141         20
  382     192         92       5136          0        120        296         10
  383     132         61         15          0        120        265         10
  384      16         10      10906       4094         30        169         20
  385      53         65        288        392        120        249         20
  386     170         82       4985          0        120        219         10
  387     100         78        126          0        120        193         10
  388     163         65       2020          0          0        177         10
  389      77         42        512          0        120        271         10
  390      29        101       2168         29         30        159         20
  391     168        147       1759       3420        120        230         20
  392      85         58        441          0          0        166         10
  393      48        154         21        455         90        217         20
  394     183         79         57          0         60        220         10
  395      44         71        164        504        150        225         20
  396     164         45        514          0         30        193         10
  397      28         74        178          0         30        198         10
  398     188         83      14970         30         30        210         20
  399      79        122       2645          0         60        220         10
  400      92        120       2713          0        150        226         10
