400_209

CUSTOMER  VEHICLE
NUMBER	  NUMBER     CAPACITY    DispatchingCost
    400     500          40000       100

CUSTOMER
CUST NO.  XCOORD.   YCOORD.   DDEMAND   PDEMAND   READY TIME  DUE TIME   SERVICE TIME

    0      41         23          0          0          0        960          0
    1      68         21       3467          0        120        254         10
    2       2         22       6503          0          0        136         10
    3      55        102         15          0          0        129         10
    4      34         61       7125          0        300        408         10
    5      41         73       1594          0          0         97         10
    6     151         49       6368          0          0        160         10
    7      28        139       2579          0         60        155         10
    8      82         56        213          0          0        102         10
    9     109         51       1301        299        300        459         20
   10     153        148         43      14957         60        217         20
   11      82         92       4707       1260        300        440         20
   12     119         45         22          0          0        141         10
   13     160        127        157          0        300        440         10
   14      45         54       1677          0        120        294         10
   15     176         46       2784        182         90        183         20
   16      60        122       4717          0          0        139         10
   17     111         35       3046        350        300        441         20
   18      41         23       1777          0        120        288         10
   19     176         77         39          0         60        200         10
   20      73         55         20      11550        120        292         20
   21     135         29       4413       2159         30        143         20
   22     105         68      10387        223        120        288         20
   23      26        142       2365         31         30        168         20
   24       2         17       1772          0         30        156         10
   25      36         87        913      10752        180        297         20
   26      32         56        683          0         30        189         10
   27     158         33        775       1136          0        160         20
   28      44         86         37          0          0         99         10
   29     109         75       5146          0         60        170         10
   30     170         65      14449          0         30        177         10
   31     113         48       5758          0          0        122         10
   32     168        109       3646          0         60        190         10
   33      21         23       4100       1571          0        108         20
   34     158         75       1639       1839         60        206         20
   35      71        129         13        101        120        184         20
   36     132         27         14          0         90        192         10
   37     120         97         25          0         60        171         10
   38      78          8       4580          0        330        430         10
   39      53         61       4698        108          0         90         20
   40     155         55        178          0        150        248         10
   41      85         71        857       3492         30        142         20
   42      30        106         40      11057        180        280         20
   43      34         74       2410          0        120        186         10
   44     151        107      12718         82        330        454         20
   45      65         82       2552          0         90        170         10
   46      21         41       7170          0          0        102         10
   47     164         85        630       5376          0        171         20
   48     185        103       2736       5906        210        287         20
   49     186        107       2703       5379         90        246         20
   50      21          7       1773       4886        120        222         20
   51       7          4       1847        908        120        253         20
   52     161         95        238         61        120        215         20
   53      52        152       3862          0        180        245         10
   54     103        128       4840       1094        120        294         20
   55      30        155       1745       2364        120        269         20
   56     180         65       1322          0         90        232         10
   57     120        124       6209          0         60        223         10
   58     155         24         30          0        120        262         10
   59      62         56         21          0          0        155         10
   60     155         90       2119          0        120        258         10
   61     111         25       1110          0        120        236         10
   62     104         81       5116       4558        120        202         20
   63      16         10      10906       4094         30        169         20
   64      36         79         86        212        450        517         20
   65      76         78         13       5049        180        287         20
   66      97         46       1528        525          0         99         20
   67      96         86        212        673        120        288         20
   68      11         33       4619          0         30        108         10
   69     181         73       1888          0         30        192         10
   70     108        137        258          0         60        225         10
   71     179         61       3315         98        180        262         20
   72     139         91       2344       1685        150        245         20
   73      29        131       1225       2550        300        396         20
   74     125         79       5792         22         30        167         20
   75      95         91       1841       1378          0        166         20
   76      59         64        610         25        120        289         20
   77     176        111       6331          0        150        293         10
   78     152        110       1356          0         90        230         10
   79      49         47         31        747          0        101         20
   80     182        107         65        399          0        206         20
   81      40         30       1495          0          0        124         10
   82     168         96         60        818          0        194         20
   83      96         82         90       3809         90        189         20
   84      42         52       1802          0          0        145         10
   85      73         81       1936         35        150        261         20
   86      22         99       2276          0         60        134         10
   87      30         38       1519        107         90        253         20
   88     112         47       4377          0        120        200         10
   89      16        118       7875       2080        390        525         20
   90     142         19       5356          0        330        423         10
   91      59         81        835          0        120        188         10
   92      50         93        804       2139          0        105         20
   93      30         42      11298          0        150        212         10
   94      68         95       1511          0          0        119         10
   95      79        101        403        306        120        259         20
   96      88         72        795        661         60        187         20
   97      86         52       1738          0          0        130         10
   98     163         99       6623         76          0        186         20
   99      72         92       2616        234          0        161         20
  100      70         55       1251       5736        330        499         20
  101     133        100       3751       1524        390        527         20
  102      77         63         68       4814         60        167         20
  103      23        100         30         36          0        126         20
  104     107         63        800       1174         90        243         20
  105      99         56       4284          0         60        165         10
  106      53         38       1377        666        450        529         20
  107      45        147         86       1572         60        228         20
  108     120         62        394        119          0        147         20
  109     101        117       2024         28          0        151         20
  110     108         46        128          0        150        249         10
  111      83         25       2025         40          0        157         20
  112     174         66         54       2020         90        226         20
  113      77         44       4410          0          0        128         10
  114     127        105       2583          0         90        247         10
  115       7         21        230        615        150        248         20
  116      42         73        305          0        120        233         10
  117      97         84        101          0        120        278         10
  118     117         97        345          0         60        189         10
  119      55         91        348       2453        180        289         20
  120      69         51       7005       1959        120        239         20
  121      29         38       2338        449          0        138         20
  122      64         12       2020          0          0         84         10
  123      53        103       1890          0          0        159         10
  124     104         70        279       2024        120        183         20
  125     163        118       1518        345        150        220         20
  126     153        134        116       1745         90        221         20
  127     148         94       7866          0        450        539         10
  128      78         32       3212          0          0        116         10
  129     144         54       1767       3023          0        147         20
  130      94        103       1518        686        120        260         20
  131     186         83         22       9806          0        202         20
  132     166         88      10500          0          0        197         10
  133      28         74        252          0         90        172         10
  134     116         83        365          0        120        227         10
  135     158         73        166          0          0        174         10
  136      90         47      14522          0          0        106         10
  137     125         51       2157          0        120        281         10
  138     110         49         60       2379         90        245         20
  139      93        152       6160          0         30        195         10
  140      38         96        576        433        180        244         20
  141     175        124       9326          0          0        214         10
  142     140         94        300          0          0        162         10
  143      73        113        524       3301        180        286         20
  144      58          2        272        167        120        198         20
  145      31         76       1982          0          0        164         10
  146      34        149       2036          0         60        235         10
  147      42         14       1514          0          0        159         10
  148      63         20        614          0        120        226         10
  149      57         94       5245        902         30        136         20
  150      55        104        169       1793         30        190         20
  151       5         14       4792          0         30        102         10
  152     120         78         82         76         60        144         20
  153     161         35       5373          0        360        441         10
  154      20         98       2460         49         30        206         20
  155     131        104       1308       1932         60        165         20
  156      94         69        107          0        150        254         10
  157     128         56       2475          0         90        243         10
  158     141        142       8313          0          0        206         10
  159     154        105       2750         12        180        285         20
  160      45         49       5376       2860          0        133         20
  161      91         95       1257       6161         30        123         20
  162      82         12        151          0          0         97         10
  163      98        122       2150          0        330        463         10
  164     151        143        783         35        150        291         20
  165      17         89       1542         38        120        289         20
  166     110        119       4225          0        180        249         10
  167     154         31        178       7866        180        251         20
  168      74         93        290          0          0        111         10
  169     151         77      13526       1474        120        190         20
  170      13        119       2319          0         60        227         10
  171     177         74       2400      11095        120        187         20
  172      33        137      14137          0        390        460         10
  173     122         40        307       3485        120        198         20
  174      34        127       8560          0        300        454         10
  175     194         94        300          0          0        216         10
  176      22        101         82      14918         60        137         20
  177      60         49       1543         90         30        166         20
  178      54        104        126        152        120        258         20
  179     136        148         64          0        210        279         10
  180     124         96       1879          0          0        162         10
  181     115         64       2545          0        150        292         10
  182     170         36       1810         20         60        184         20
  183      58         88        422       1246        150        294         20
  184     162        118       2536          0        120        284         10
  185      41        145        831          0        120        245         10
  186      30         45      12886          0        420        492         10
  187     189         85       1869       1825          0        199         20
  188     115         61        170          0         60        190         10
  189      49        148        772          0          0        161         10
  190     116         85        152          0         60        141         10
  191     127         37       5281        270          0        138         20
  192     106         65       3641       1748        150        251         20
  193     200         68       2480          0        120        293         10
  194       8         10         42       8254        150        292         20
  195     167         94         86          0        120        186         10
  196      87        113       1519          0         90        169         10
  197      56         80        470          0         90        225         10
  198      66         86       3604          0         90        173         10
  199      57        145      13910          0         60        190         10
  200     133         52       4356          0         60        130         10
  201     100         65       3415          0          0        128         10
  202     150         20       3561          0        120        197         10
  203     120        116        786          0         90        184         10
  204     111         83        937          0        420        533         10
  205      80         46        735        107          0        168         20
  206      41         70         30       1036        120        248         20
  207      35         26         19          0        120        224         10
  208     173         62         44       5374        180        285         20
  209      15         81       1625          0        180        276         10
  210     106         68       3813          0        360        514         10
  211      49         88       1526       1790         90        228         20
  212      53         78        416       1636        420        493         20
  213      62        154       5309          0        180        273         10
  214     133         37      13294       1706          0        127         20
  215     115         60        742          0         90        220         10
  216      42         16       2135          0        120        252         10
  217     151        123       1225          0        120        221         10
  218     146        129        181       1118         30        189         20
  219     152        104       5417       1989          0        172         20
  220     117         56       8002        836        330        431         20
  221     150         46       3578       1196         30        162         20
  222      23        118       6397          0         60        201         10
  223     161         63       1848          0         90        223         10
  224     161         87       2738          0        120        226         10
  225      54         96         16          0        120        248         10
  226     163        111       2219       7051        210        277         20
  227     133        142      15000          0        330        473         10
  228       4         23        236        920        120        223         20
  229     106         85        844          0         60        169         10
  230      35        109       2377          0        120        202         10
  231      81         18        225         22          0         89         20
  232      90         83       2995          0         60        163         10
  233     106         54         12          0        120        243         10
  234      92         84       1940       2028        420        522         20
  235      39          4       6177        873        330        456         20
  236      95         87       2218       4579         60        171         20
  237      80         64        665         95          0         97         20
  238      95         24         60       2219          0        153         20
  239     198         79       1205          0         90        203         10
  240      89         80       6860          0         30        142         10
  241     121         71       2620       5274          0        126         20
  242     148        116       3610          0        300        445         10
  243     146         33       2113          0        150        246         10
  244      89         84         46       1461         60        169         20
  245     148         30       1881       2382         90        218         20
  246     102        120       3112          0        210        291         10
  247      69         24       3234        160        120        282         20
  248      68         73      10273       4727          0        101         20
  249     125        102        145          0         60        221         10
  250      76         44        296        171        120        283         20
  251      27         73        330         57        120        289         20
  252     142         35        252          0        180        260         10
  253     188         83       2334          0         90        204         10
  254     102         67       1641         27         60        152         20
  255     155         35         78          0         30        161         10
  256     122         83       2054          0        180        253         10
  257      10         15       1552          0          0        100         10
  258      60        118       7904       5162         60        141         20
  259      43         16        992       1009        120        292         20
  260      31         40       1222          0          0        143         10
  261      46         18        392          0          0        105         10
  262     117        145       1686          0        180        294         10
  263     110        128        480          0         30        173         10
  264     110        135       7052       7572        300        400         20
  265     154         25         16        113        120        191         20
  266      11         19       5746        781        300        400         20
  267     106         82       1914          0        120        193         10
  268     119         55        124       5274          0        136         20
  269     102         75       3753          0         30        136         10
  270       5         20       1230       6346        120        212         20
  271      36         20        110        718          0        176         20
  272     120         33       1841       1896        150        222         20
  273     104         91       1115        109         90        161         20
  274      36        143       1200          0         60        213         10
  275     114         80        646          0        150        224         10
  276      42        107         23       3646         90        236         20
  277      69         92        351        290        390        492         20
  278      32        112       1555       1924        120        220         20
  279     142         29      10671        395        300        403         20
  280      74        142       2887          0         60        193         10
  281      39         27       6210          0        120        192         10
  282      69         21         28          0        150        280         10
  283      95         68        202          0          0        164         10
  284       4         16       2745      12255        150        230         20
  285      47        133      11397          0        120        249         10
  286      70        126       1688       1036        330        497         20
  287     159         43       5669       1990        360        466         20
  288      87          8        240          0        120        260         10
  289      33         64       4213        333        300        410         20
  290      57         37         14          0        150        219         10
  291     185         59       3400       5639        120        206         20
  292     181         76       6564       2216          0        192         20
  293      88         67        619          0         90        216         10
  294     151        120       5130        484          0        198         20
  295      69         22       7888       3483          0         63         20
  296     123         67       3124       2437         60        203         20
  297     144         86       6707       6109        120        228         20
  298      69         45       1895       8738          0        109         20
  299       8         46        910        960          0         93         20
  300      31        101       5872          0        120        217         10
  301     172         77        358          0         60        193         10
  302      74        120       4007          0        420        502         10
  303      66        109       4511          0        420        525         10
  304     115        114       1889          0        120        206         10
  305      46         50        234       4176        120        284         20
  306      97        113      10426         61         30        166         20
  307      99        108       6709          0          0        142         10
  308      48         47         97          0          0        132         10
  309     126        106        997        107         90        173         20
  310      29        108        306       1816        180        277         20
  311      75        156        695       5746         60        199         20
  312     153         48        280          0         90        171         10
  313     155         27        325          0         60        164         10
  314       7         97         54         17          0        171         20
  315     192         92       5136          0        120        296         10
  316      82         15        133          0        120        254         10
  317      17         36        524          0          0        104         10
  318      84         66        450          0        180        273         10
  319     120        149       3823       1756        300        392         20
  320      36         72       2498        527        300        437         20
  321      98         69       1568          0        120        256         10
  322      50         85      15000          0          0        125         10
  323      91        122        228          0         60        190         10
  324     183         60       1659          0        210        281         10
  325     140         38        155        448         90        262         20
  326     135         26       3579       2020         60        186         20
  327      27        110        745       1298        120        193         20
  328     112         74        347          0          0        138         10
  329       7         28         13          0         30        187         10
  330      56         10        887      14113        120        216         20
  331      88        106       5334          0        420        526         10
  332      91         73        314          0        420        530         10
  333     135        121       2524      12476        210        294         20
  334     140        133       2253          0         60        196         10
  335       5        116       2268          0        360        520         10
  336      66        117      10176        845          0        175         20
  337      40         29        860          0        120        283         10
  338     100        101      10151       2654         60        201         20
  339      13         38         27       1613         30         98         20
  340       6         12       1818          0         30         97         10
  341      76          4       4633       8065          0         76         20
  342     100         29       3137        668          0        114         20
  343      81          8       1000        363        300        394         20
  344      65         88       3389          0        360        517         10
  345      86        102        615       2112        150        285         20
  346      69         90       1998          0         30        196         10
  347      84         78       2544          0         60        190         10
  348      76        127       4385          0        330        405         10
  349     105         62         42          0         90        172         10
  350      19         13        108          0         90        247         10
  351      73        123         13       8002         60        151         20
  352     130         59       1572        688        120        212         20
  353     169        111        290          0        150        221         10
  354      76         76       5203         53          0        173         20
  355     173         95       4225       6623         90        201         20
  356     149         29       8095          0          0        151         10
  357     135         51        172         41        120        247         20
  358      22        146       1463       3399        120        285         20
  359     158         71        370          0          0        169         10
  360     142         28      14988         12        150        244         20
  361      73         65       1739       4416        120        231         20
  362      17         21        194       1014         30        154         20
  363     174        119       2449       2204        120        215         20
  364      29         68       1074          0         60        197         10
  365     154         76        274          0         60        234         10
  366     160         66        364        237        300        393         20
  367     137        143        188          0         60        189         10
  368     109         29        608       3418        120        223         20
  369     131        123        786       5873         30        190         20
  370      90         73         89          0          0        134         10
  371       0         21        474         54          0        167         20
  372      57         45        202        137        120        186         20
  373      44         51        240       1297        120        291         20
  374      56         19       4992       2542          0        140         20
  375     135        130       4812          0        120        230         10
  376       1         25         21       2013         30        188         20
  377     126        132       1749       1716         60        228         20
  378      61        103       2360       8296        180        274         20
  379      49         84       1083          0         60        138         10
  380     101         81         40        319        120        263         20
  381      81          4      15000          0          0        139         10
  382      84         85        648          0          0        141         10
  383       6        114       1582          0         90        263         10
  384      99         54       2078          0          0        135         10
  385      15         10        239          0         30        168         10
  386     137         37       2291          0          0        132         10
  387      16          6       2550          0          0         86         10
  388      37         15       3805        746        420        522         20
  389     109         94        292          0         30        172         10
  390      86         80        127        211         30        172         20
  391     103         55         62          0          0        142         10
  392     100         73         96          0        150        256         10
  393     100         67      12718          0          0        141         10
  394      65         86         98          0        150        229         10
  395      25         55       1492          0        120        282         10
  396      64        137       1077       1708        360        530         20
  397      40        155        128         35        180        254         20
  398     162        117       3616          0        210        281         10
  399     138        128       2515       7408         90        256         20
  400      62         45       3063          0        120        200         10
