400_212

CUSTOMER  VEHICLE
NUMBER	  NUMBER     CAPACITY    DispatchingCost
    400     500          40000       100

CUSTOMER
CUST NO.  XCOORD.   YCOORD.   DDEMAND   PDEMAND   READY TIME  DUE TIME   SERVICE TIME

    0      41         23          0          0          0        960          0
    1      65        100       1999       2382         60        161         20
    2     192         92        889       1774         90        205         20
    3     171         74        200          0        120        283         10
    4     131        123       4519          0         60        194         10
    5     130        148       1951          0        330        432         10
    6     193         91       2004          0          0        211         10
    7     148        126       1520          0         60        194         10
    8     162         63        310       3296        390        526         20
    9      18         22        690        281        150        232         20
   10     117         63       4027       1999        120        279         20
   11      34         74       2410          0        120        186         10
   12      83         25        442       3136         30        159         20
   13      78         74        443          0         60        140         10
   14      31         76       1011        179        330        426         20
   15      27         73        330         57        120        289         20
   16      55        116      10997        108         30        131         20
   17      78         10       8007          0        120        252         10
   18      61         49       1523          0        150        242         10
   19      62        154         13       2433        210        296         20
   20     109         64       2257       7680         60        153         20
   21      45         49       5376       2860          0        133         20
   22      57        142       9688         26         90        170         20
   23      38        141        250       1250         60        199         20
   24     139         33      12128       2872        120        282         20
   25     138         37      14957         43        120        277         20
   26     181         42       4565       2636          0        180         20
   27       0          8       9866          0        120        278         10
   28      55        102       1082          0         30        173         10
   29      88         67        619          0         90        216         10
   30     148         30       1881       2382         90        218         20
   31      69         21       2988         37        120        196         20
   32      48         83       1995      13005          0         99         20
   33      26        121       3377          0          0        143         10
   34      91         84        464          0          0        127         10
   35      81         23      15000          0        330        401         10
   36      41         73         30          0        300        443         10
   37      28         81       4333          0         30        135         10
   38      31        107        326       1156         30        201         20
   39     132         44        200         62        120        196         20
   40      30         42       1110          0        120        220         10
   41     127         93       3266          0         30        163         10
   42      42         14       1514          0          0        159         10
   43      35         63       1931          0          0        100         10
   44      39         48       2016        286        300        401         20
   45     145         38         40          0         30        156         10
   46     153        115       1624          0          0        184         10
   47     109         94        292          0         30        172         10
   48       5         36       1095          0          0        143         10
   49      51         80         62          0        150        227         10
   50     163         65       2020          0          0        177         10
   51      90         28       4659          0          0        102         10
   52     169         82        150         17        120        225         20
   53      24        114        503          0        300        405         10
   54      67         91       2857       4092         30        203         20
   55     110         92        300          0          0        159         10
   56     131         51       1750          0         90        263         10
   57     159         43       5669       1990        360        466         20
   58      78         87         56       1532        120        278         20
   59      25         52       2409          0        120        276         10
   60     115         31      12292         35        120        289         20
   61      86        140        100       4343          0        176         20
   62      57         94        752          0         90        164         10
   63      96         68       1183        233         30        191         20
   64      85         10       3602       3479        150        245         20
   65      60        118       7904       5162         60        141         20
   66     147         39       2024       2295         90        195         20
   67      46        113        442          0          0        171         10
   68     103         96         20       1989        150        281         20
   69      39         52         90          0          0        107         10
   70      36        143       1200          0         60        213         10
   71      48         74       3945          0          0        110         10
   72      44         71       3765         96        150        249         20
   73      29         11       8445          0        390        470         10
   74     149        141        222       6827        180        297         20
   75      85         45        667          0        120        203         10
   76      47        133       4963          0         60        232         10
   77      42         73        305          0        120        233         10
   78      80         48        156          0          0        141         10
   79      11         33       2028          0        120        246         10
   80     116         85        152          0         60        141         10
   81      65         57       1104          0          0         75         10
   82      55         47       1285        100        390        490         20
   83     106         85        844          0         60        169         10
   84      75         55         74          0        120        232         10
   85      52         62       1715       3401          0        108         20
   86     142        124        720         23        120        254         20
   87     179         72         30         54         60        190         20
   88      46         52       4362        227          0         80         20
   89     103         55         62          0          0        142         10
   90     164         60       2060       2199        150        230         20
   91     141        103         49       1836          0        171         20
   92      15         36       1121          0        210        276         10
   93      68         94       4472       1951        120        198         20
   94     143        102       8871       6129        120        259         20
   95     154         31        879        338        120        246         20
   96     186        106       9756          0        120        221         10
   97      35        150        232          0         90        206         10
   98     111        131       1290          0          0        180         10
   99     136        148         64          0        210        279         10
  100      58          2        272        167        120        198         20
  101      26        142       2377       1745        180        252         20
  102     144         54       1767       3023          0        147         20
  103      73         92       5409        719         60        236         20
  104      56        102        780         34        420        502         20
  105     111         35       4771       2527        360        476         20
  106      67         94        266          0         30        128         10
  107      95         82       2682          0        120        265         10
  108      85         52         67          0        120        248         10
  109     100         29       3137        668          0        114         20
  110      66         86       3604          0         90        173         10
  111      91         70        147        589          0        143         20
  112     197         70       7034          0        210        296         10
  113     139         91       2344       1685        150        245         20
  114      28         74        252          0         90        172         10
  115      34         63       2827          0        300        400         10
  116      89         80        448       1710        120        230         20
  117      15         37       1254       5746        120        257         20
  118      23         10        399       2968        360        432         20
  119      23          9       1198          0          0        109         10
  120     160         77       1715          0          0        183         10
  121     153        148       3786          0         60        219         10
  122     172        108        183          0         30        202         10
  123     131         83        315       1751         90        220         20
  124       7         97         54         17          0        171         20
  125     141         30         31        277        120        232         20
  126      40        149       1451       3623          0        182         20
  127      52         63       2572          0         90        232         10
  128       8         81        232         34        120        191         20
  129     120         85       3926          0         30        157         10
  130     119         33       1577       2214        120        277         20
  131      87         81        949          0        360        471         10
  132     164         73        887        104        150        229         20
  133     122         65       7557         88        300        411         20
  134     105         62         42          0         90        172         10
  135      34         79       2759          0         90        263         10
  136      89         56       1257          0         30        139         10
  137     155         55        452       9990         30        184         20
  138      77         44       4410          0          0        128         10
  139     159         75       7375          0        330        468         10
  140      35         23        852        784        120        222         20
  141       9         44        287          0        390        467         10
  142     120        109         22       1769         60        170         20
  143      61         30         40          0        120        292         10
  144      34        122        556          0          0        129         10
  145      97         24        618        175          0        144         20
  146      97         36       1434          0        300        410         10
  147     168        140        643          0        360        454         10
  148      28         72       6093        365        120        196         20
  149     107         77       3716          0          0        153         10
  150      27        110        745       1298        120        193         20
  151     114         27      13557       1443          0        122         20
  152     168        147       2530        147          0        222         20
  153     112        136      14399        334        390        523         20
  154     109         65      15000          0          0        118         10
  155      86         56       7609       7391          0        132         20
  156     173         62         44       5374        180        285         20
  157     104         91       5658          0         90        225         10
  158      62        151         60          0        180        264         10
  159      90        119       1869       9807        360        431         20
  160      47         96       5906          0         90        190         10
  161     169        146       7197          0        360        435         10
  162      73         56         10          0          0        134         10
  163      87        101         84        149         60        127         20
  164     145        124        149          0          0        191         10
  165      52          0       1860          0          0         98         10
  166     138        128       1884          0         30        182         10
  167       4         23       1989          0        150        244         10
  168      50         85      15000          0          0        125         10
  169      96         66       7052          0        150        258         10
  170      34         98       1429          0         90        220         10
  171      81        139        847          0         90        196         10
  172     112         78        108       1511        120        216         20
  173      31          4       2093          0        120        275         10
  174     190         58        120          0          0        204         10
  175      93         68        831         85        150        222         20
  176     152        110       6086         34        180        248         20
  177     178        101        248          0         60        190         10
  178     131        104       1858          0        150        263         10
  179     108         18        373       1719          0        141         20
  180     172        113         47          0         60        231         10
  181      63         48       1520       2363        120        255         20
  182     129        122       1595       1221        210        279         20
  183      32        100        150       6079        150        220         20
  184      49         84       1083          0         60        138         10
  185     107         63       3716       4355         30        185         20
  186     116         94        181          0        120        203         10
  187     106         81         47          0        150        218         10
  188      82         92        564          0         60        228         10
  189     111         70       2613       8002        120        181         20
  190     106        143       1942          0         60        181         10
  191       8         10         42       8254        150        292         20
  192     117        145       2555       2247        180        282         20
  193      59         48       8964          0        120        190         10
  194     105         41       4551       1073          0        169         20
  195       7         33        300       6210          0        137         20
  196     115         61        170          0         60        190         10
  197     113        121        221         44        180        251         20
  198     137        143       3153       5087        180        292         20
  199     135         26       3579       2020         60        186         20
  200      52        130      15000          0         60        222         10
  201      45         78        146          0         90        165         10
  202      23        118       6397          0         60        201         10
  203     141         70        269         12        330        458         20
  204     121        143       4376          0        330        471         10
  205      21         23       4100       1571          0        108         20
  206     178         62       2706          0         30        195         10
  207      77         42       7692       2905        360        445         20
  208      17        126         84          0         30        150         10
  209     123         54      12556          0        150        238         10
  210      22        129       4578          0        210        292         10
  211     150         49      15000          0         30        198         10
  212      90         92         15          0        120        228         10
  213      95         66        265          0          0        149         10
  214      74        119        540          0        150        227         10
  215     191         97       4636          0          0        204         10
  216     181         68       1149          0         90        185         10
  217     176         46       2784        182         90        183         20
  218      51        114       1974       1723        300        401         20
  219      89         60       1136          0        420        513         10
  220     139         66       1790          0        150        219         10
  221     168         49       2348      12652         90        168         20
  222     105        126        525          0         60        171         10
  223     137         49       8190       1015          0        145         20
  224     152         91       3809       2159          0        175         20
  225     185        103       2776          0         60        231         10
  226      88         71         70       1644        420        487         20
  227      39        107        542       9983          0        161         20
  228      18         29       2139        442        120        258         20
  229      80        139        255          0         90        196         10
  230      60         60        208        908        120        192         20
  231      69         51       4815       3808          0        119         20
  232     103        128       4840       1094        120        294         20
  233     173         56        817       2138        120        258         20
  234     132         93       2419          0         90        231         10
  235     177        110       2025          0        120        261         10
  236     186        107       2703       5379         90        246         20
  237      63         90       7354       1614        120        204         20
  238     106         55       1939          0          0        108         10
  239      16         81       2208          0         30        190         10
  240      30         43         37          0        120        253         10
  241     192         88         85          0        180        287         10
  242      79        130       3610          0         90        248         10
  243     122        139        175          0        150        254         10
  244     122         34       1862         70         30        115         20
  245      57        153       7500        437        120        231         20
  246      65         74       1081       6938        150        218         20
  247     181         73      15000          0        120        257         10
  248     101        117        637       2111         60        233         20
  249     148         47       1068       9983          0        148         20
  250      12         98       1233          0         90        246         10
  251      55         65       4554          0         30        168         10
  252     100         84       2429          0          0        123         10
  253     166         88      10500          0          0        197         10
  254     101         85       1006          0        120        188         10
  255     102         49       4353       1293        150        286         20
  256      78         35       6575          0        120        185         10
  257      16         62         77       8312        120        241         20
  258      99         57        924          0        450        525         10
  259      36         20        110        718          0        176         20
  260     142         29      10671        395        300        403         20
  261       7        116        147       1749        120        281         20
  262     183        102       2558        334        120        228         20
  263      67         95       1760        192        120        213         20
  264      32          5        585          0        120        246         10
  265      68         21       3467          0        120        254         10
  266      30         54       1318          0          0        134         10
  267     107        138        758       4478        120        286         20
  268      96         81       6831          0        120        198         10
  269     151        109        891          0         60        201         10
  270      78          6       2902       1882        120        196         20
  271     105         79         25       2090        150        290         20
  272     171        104        123          0         60        225         10
  273     142         31       1749          0          0        146         10
  274      33         69       8738          0        120        271         10
  275      98        122       2566          0        120        290         10
  276      64         44       1758       7409          0        122         20
  277      89         79        987         92         60        167         20
  278      74        120       4007          0        420        502         10
  279     169         76       4559         30        150        249         20
  280     104         81       4870        938         90        260         20
  281     111         85       2903          0        120        279         10
  282      67         87       3590          0         90        258         10
  283      38         68       7844        348          0        107         20
  284      65         86         98          0        150        229         10
  285     129         89         81         14         30        162         20
  286      77        132       2764          0        120        257         10
  287     148         23        926          0          0        141         10
  288     143         87       1059          0        120        296         10
  289      37        123        451       2447        300        410         20
  290     121         71       2620       5274          0        126         20
  291      88         72      14867        133        150        244         20
  292      56         64       1200          0          0         84         10
  293     121        120        603      14397         90        164         20
  294     150         27         93          0        150        227         10
  295       5        116       2632          0         60        225         10
  296      80          5         70          0        150        276         10
  297     155         27        325          0         60        164         10
  298     195         84       2484          0         60        218         10
  299      88         16        204          0          0        101         10
  300     115        114        674          0         30        168         10
  301      25        114       1651          0        150        221         10
  302      22         15         90          0         30        174         10
  303      73         81       1936         35        150        261         20
  304      82          8        280          0          0        133         10
  305     140         66         72        298          0        154         20
  306     120         62      15000          0          0        143         10
  307      28        122        563          0          0        135         10
  308      85         61       3805        210         60        151         20
  309      87        113       6124          0        120        229         10
  310      95         38      10533          0        300        398         10
  311       7         18         66         20        150        265         20
  312     188         95       9335       2946        120        212         20
  313      72         99         83       1750        120        274         20
  314     195         99       3484       2738        120        232         20
  315      17         36       1330         14          0         99         20
  316     110         98        255          0         30        131         10
  317      86         99       2432          0          0        165         10
  318     132         56       3585          0        120        215         10
  319      78         65        960       4741         60        203         20
  320     179         67        382       1583         60        193         20
  321     160        101       2010          0          0        176         10
  322      73         89         54          0         90        258         10
  323      56        103        152       9040          0        124         20
  324      72         86       1687       1497        180        254         20
  325     154         39       1879          0        300        404         10
  326      41         74         87          0         90        169         10
  327      83         85        300       4834         90        174         20
  328      87        139         60          0         90        167         10
  329     102         47         56          0         60        229         10
  330      16         10      10906       4094         30        169         20
  331      29        101       2168         29         30        159         20
  332      67         39         15          0          0         95         10
  333      47        137         33          0        120        298         10
  334      66        136       1576        686         60        191         20
  335      85        128       6740       2399        120        299         20
  336     146        130       1611          0        180        278         10
  337      82         74        556          0         90        164         10
  338     153        146       2403       1306        390        533         20
  339     109         51       1301        299        300        459         20
  340      37        100       8374        891        300        458         20
  341      60         49       1543         90         30        166         20
  342      10         48         25         20        120        230         20
  343     174         67       3596          0         30        195         10
  344     112         37       2469          0        150        290         10
  345      68         95       1511          0          0        119         10
  346      34         65       3800          0        420        522         10
  347      35        124       2695          0        120        189         10
  348     103        124        181          0        180        286         10
  349      53         61       7335        178          0         76         20
  350     148         32        768       1958        150        278         20
  351     158         24       5374          0          0        166         10
  352      21         98       3613       6345        120        220         20
  353      19         13       1044          0          0         64         10
  354     170         82       4985          0        120        219         10
  355      30         45         17       1526        150        277         20
  356     133        142      15000          0        330        473         10
  357      24         59       3281          0        120        220         10
  358      74         92       1473       3547        120        246         20
  359      79         16         83          0          0         80         10
  360      58         21       1892          0          0        135         10
  361      17         18       3480          0          0        104         10
  362      36        153        203        144        390        475         20
  363     154         76        274          0         60        234         10
  364     185         98       3330       1980         60        203         20
  365      53         70        502          0         60        153         10
  366      87         63       4966       2305        300        432         20
  367      76         78       3955       4377        120        287         20
  368      48         60       1005          0        390        500         10
  369      71         19       3406        567          0         66         20
  370     158         30         30          0        330        494         10
  371     160        108         90        124         30        191         20
  372      57        145        402          0         60        234         10
  373       0         21        474         54          0        167         20
  374     120        117       1615       1636          0        157         20
  375      88        103       3713          0        180        260         10
  376     193         92       2155       4270          0        207         20
  377      66        135       2116          0         90        200         10
  378     101         81        196          0         60        224         10
  379     184         71        335          0        120        196         10
  380      53        103       1890          0          0        159         10
  381     120         78       5296          0        360        458         10
  382      65         12       3769          0          0         80         10
  383     142        131       1723        563        330        459         20
  384      70         64        104       5643        300        427         20
  385      97         84       3915       6296         90        249         20
  386     139        104        363       3213        120        213         20
  387     111         54         13        436          0        168         20
  388      69        134       1305          0        180        259         10
  389      17         49       1940         15        120        213         20
  390      12         16        690          0        150        288         10
  391      29         81         33       4814         60        189         20
  392      33        131       1500          0        120        250         10
  393     176        113         45          0        120        275         10
  394      52         46       4320       2221        120        249         20
  395     169         49       4252          0        300        436         10
  396      51        101       1613       3528        150        226         20
  397     173         87       5332          0        300        410         10
  398      84         78       6367        925          0        160         20
  399      87        130       3686          0         60        158         10
  400     115         90        276          0        120        259         10
