400_234

CUSTOMER  VEHICLE
NUMBER	  NUMBER     CAPACITY    DispatchingCost
    400     500          40000       100

CUSTOMER
CUST NO.  XCOORD.   YCOORD.   DDEMAND   PDEMAND   READY TIME  DUE TIME   SERVICE TIME

    0      41         23          0          0          0        960          0
    1      73         92      15000          0        300        413         10
    2      25         72         97       1414         60        171         20
    3     118         86         13          0        360        498         10
    4     155         74        180          0          0        170         10
    5      52         63       2572          0         90        232         10
    6     179         61       3315         98        180        262         20
    7     197         87         32        127         60        203         20
    8     167         47       2384          0         60        205         10
    9      30        106       5649       9351         30        124         20
   10      49        131       3327          0          0        159         10
   11     114         56       1924          0        150        277         10
   12     139        107        481          0        120        230         10
   13      68         86       1828          0        120        194         10
   14     122        101       1641          0         30        166         10
   15     103        124        181          0        180        286         10
   16       7         28         13          0         30        187         10
   17      45        126      13180          0         90        167         10
   18     108        137        182       1571        180        286         20
   19     101         20         13          0          0        101         10
   20     114         80       1772       2472         60        224         20
   21     173        111       5692          0        420        498         10
   22     163         22        272        788        120        243         20
   23      79        130       1720          0        120        191         10
   24     146         33       2113          0        150        246         10
   25      58         79       2086       1894        360        458         20
   26     159         83        515        152        120        299         20
   27      52          0       1860          0          0         98         10
   28      76         78       1637       4697         30        108         20
   29     159         43       5669       1990        360        466         20
   30     150        127       3450         58         90        181         20
   31       8         10        216       2069        150        286         20
   32     126        111       1629       9241        150        251         20
   33     127        105       1265          0         30        192         10
   34     181         42        294          0         60        204         10
   35      95         82       2682          0        120        265         10
   36     115        114       2497       2138        150        280         20
   37     111         41        306       2191        120        230         20
   38     101         97         17         91          0        133         20
   39     112        112       8742          0        420        526         10
   40      76          4       9807       2333        330        431         20
   41     111         65       3524       6652        360        492         20
   42       0          8       5321        105        120        223         20
   43     110        135       7052       7572        300        400         20
   44       5        113         74          0         60        130         10
   45      52         92       3688          0        150        259         10
   46     123         53        438       5972         30        192         20
   47      50         93        804       2139          0        105         20
   48     149        141        222       6827        180        297         20
   49      47        125       4866       6351         30        156         20
   50      90        119       4742          0        120        256         10
   51      94        118       2191          0        180        250         10
   52      27         73       2173          0          0        100         10
   53      73        157       1944          0        180        263         10
   54     118         94        325       1706         60        162         20
   55     139         91       1580        714        150        260         20
   56      99        144       1870        142         60        171         20
   57      45         79       2851          0        120        212         10
   58     158        142        156        107          0        211         20
   59     159         75       7375          0        330        468         10
   60      34         63       2827          0        300        400         10
   61      32         43        822       2524        120        255         20
   62      26        121       3377          0          0        143         10
   63     110         49         60       2379         90        245         20
   64      53         78       5064         22          0        101         20
   65     192         88         85          0        180        287         10
   66      92         84       1989         56         60        146         20
   67     128         89       1706       1109        150        245         20
   68     158         74        345       1149        150        275         20
   69      27         22       1614       1875        330        400         20
   70      75        130        340          0         90        163         10
   71      10         15        283          0        120        283         10
   72      37         15      15000          0          0         77         10
   73      30         38         14       9754        120        254         20
   74      13        119        606          0        210        287         10
   75      12         15       1272          0         90        189         10
   76      59         14       2558         67        120        248         20
   77     154        105       2024       1850        420        494         20
   78     177        110         48          0         90        253         10
   79     111         87         10       1976        180        263         20
   80     100         78        126          0        120        193         10
   81     132         62       4261          0          0        136         10
   82     110        119       1017          0        210        288         10
   83      64         12       1443          0          0        143         10
   84     162        104        601       1506        120        279         20
   85     179         67         70       3422        180        263         20
   86      85         74       7744         73         90        252         20
   87     120         85        615        452         90        220         20
   88     152        110       1356          0         90        230         10
   89     158         24       8394        614        120        284         20
   90     106         68       1741       8171        150        275         20
   91      57         91        197       3956        390        532         20
   92      31         76       1011        179        330        426         20
   93     104        109       3716          0         60        233         10
   94      73        111        437      14563        330        453         20
   95      71         91        672        305          0        125         20
   96      62         56         40        248        120        258         20
   97      66        117       1096          0        150        231         10
   98     170         81       3004      10698         60        191         20
   99      70         46       3340          0        300        461         10
  100      30         45        198          0        120        233         10
  101      85         71        338          0          0        149         10
  102       9        114        525          0         30        190         10
  103      10        116         86       1521         60        226         20
  104     102         75       2796          0        210        287         10
  105     129         72       2012       1440         90        174         20
  106      22         99       2276          0         60        134         10
  107     140        128         30         17         30        195         20
  108       9         44        287          0        390        467         10
  109     148         92       1711          0          0        173         10
  110     140         66         72        298          0        154         20
  111      35        109       2377          0        120        202         10
  112      57        153       7500        437        120        231         20
  113     102        100      13923          0         60        133         10
  114      86         52       1738          0          0        130         10
  115      35        150        232          0         90        206         10
  116      76        127       4385          0        330        405         10
  117     150        140         35          0        120        296         10
  118     107         85         75       5377         60        132         20
  119     195         99       3484       2738        120        232         20
  120     132         61        202       6386          0        142         20
  121     105         62         42          0         90        172         10
  122     150         76        910         20         30        187         20
  123     112        138      14049        878         90        173         20
  124      25        155       4785          0        390        528         10
  125      77         44       4410          0          0        128         10
  126      36         20       2287        292        120        282         20
  127     148         32      10754       1881         30        164         20
  128      18         22        690        281        150        232         20
  129     130         52       2295          0        390        472         10
  130       8         46       1713          0        180        266         10
  131      49         88        400       1494        120        225         20
  132      34        147        233          0        120        212         10
  133      75         34        661          0          0         72         10
  134      68         21       1661          0        150        229         10
  135      79        122       3671          0        180        260         10
  136     153         52        615          0         90        231         10
  137      77        132       2764          0        120        257         10
  138      87        101         84        149         60        127         20
  139     115         96       3288          0        150        214         10
  140      26        142       2377       1745        180        252         20
  141     111         85       2903          0        120        279         10
  142     122         83       2054          0        180        253         10
  143      87         93         77          0        120        281         10
  144      82         72       2382        526         30        199         20
  145     167        147       1644       1841        150        216         20
  146     150         53       3160       1628        120        251         20
  147      20        116        977        107        150        222         20
  148     163         65       2020          0          0        177         10
  149      80        117       1938          0        150        247         10
  150      57         94       1994          0        390        490         10
  151      87        130         12          0         30        164         10
  152     170         65      14449          0         30        177         10
  153     123         72        941       1885         60        196         20
  154      87          8        240          0        120        260         10
  155      14          4         53       4356        120        222         20
  156      72         99       1519       3868        180        290         20
  157      76         68        612        406        210        281         20
  158      11         19       6393          0        120        230         10
  159     150         49         57       2075          0        162         20
  160     122        109         11          0         30        166         10
  161      13         26        384        211        120        187         20
  162     172        108        183          0         30        202         10
  163      29        114      11268          0          0        149         10
  164      85         75       4920        383        120        220         20
  165     133         89       1772       7207        390        457         20
  166      98         53       1297          0          0        172         10
  167      63         90        106         72        150        283         20
  168      91         84       2130       1307        330        440         20
  169      58         88       1900          0        150        271         10
  170      85         77        259       1035          0        175         20
  171      71         59       6086       1430        120        224         20
  172     152        146       3114       1844        120        205         20
  173      46         46         22      11398        120        216         20
  174     104         68         23       1460        120        292         20
  175      40        112      13471          0        120        186         10
  176      43         16       3023        129        120        231         20
  177     140         38        155        448         90        262         20
  178     127        122       7628          0        120        278         10
  179     151         49        118       1291        180        247         20
  180     117        100       6469       8004          0        157         20
  181      42        125       1366          0        390        531         10
  182      42         23       4798          0         30        113         10
  183      57         29       9626          0        120        190         10
  184     196         74       1716       1860        120        211         20
  185      64         40        280          0          0         77         10
  186      48         47         97          0          0        132         10
  187      63        150       1004       1465        120        232         20
  188      97         24        618        175          0        144         20
  189      96         81         56         17        120        204         20
  190     128         72      13201       1799        210        287         20
  191      52         62       1715       3401          0        108         20
  192     183         79       2944         36        120        287         20
  193      56        114        587       1940          0        136         20
  194      53        153         46          0         90        175         10
  195      25         50       7260       2850        120        236         20
  196      65         88       3389          0        360        517         10
  197      16          6       2550          0          0         86         10
  198      76         44        296        171        120        283         20
  199     132         69         13        433         90        230         20
  200     146        112       3512          0         90        178         10
  201     111         35       4771       2527        360        476         20
  202     177         47       2378        271        450        516         20
  203      43        129       1640          0         60        141         10
  204     162         96       1169       6106        210        278         20
  205      78         35       6575          0        120        185         10
  206     126         89       1838        339         30        207         20
  207      34         79       2759          0         90        263         10
  208      53         65        288        392        120        249         20
  209     132        151         46          0         30        204         10
  210     173         56        817       2138        120        258         20
  211     135        130        651       5137        120        260         20
  212      35         23      11040        503        120        281         20
  213      86         56       1879          0         90        194         10
  214       0         21        474         54          0        167         20
  215     127        133        733          0          0        181         10
  216     104         91       1115        109         90        161         20
  217      79         16        548          0        120        259         10
  218      97         37        103       2795         30        196         20
  219      60         10       2247          0          0         93         10
  220     168         49       2348      12652         90        168         20
  221     160         23        108        270        120        203         20
  222      64        119        103      14897         60        155         20
  223     168        139       3851          0        120        259         10
  224     160         37       2511          0         60        153         10
  225     108         35         26          0        120        288         10
  226     179         48        908        433          0        183         20
  227     147         38       1937         50         90        223         20
  228      40        149       1451       3623          0        182         20
  229      66         71        920          0        210        274         10
  230     135         26       2810       1097        390        452         20
  231      28        139         28          0         60        168         10
  232     129        122       1595       1221        210        279         20
  233     107         70       6738          0        360        463         10
  234      25         47        260          0        120        197         10
  235     174         93       1500         15        150        250         20
  236      40         29        124          0          0        175         10
  237      57          0         86          0          0         67         10
  238     192         92        889       1774         90        205         20
  239      18         29       2139        442        120        258         20
  240      22        146       5088          0        180        266         10
  241      79          7       2256          0        120        196         10
  242     153        122      15000          0        210        288         10
  243      82        107       2525        182         60        195         20
  244      37        123        451       2447        300        410         20
  245      48         74       3945          0          0        110         10
  246      34         49         84         22          0         96         20
  247     121        129       1491          0         90        263         10
  248     106         82       1920       3037          0        161         20
  249      64         54       8731          0        300        438         10
  250     140         94        300          0          0        162         10
  251      40         67       9378          0          0         95         10
  252     152         56       1331       1863        150        267         20
  253      47         62        621       3243        120        279         20
  254     131         89       1708          0         30        159         10
  255      41         70        684          0          0        172         10
  256     153        134        116       1745         90        221         20
  257     109         65      15000          0          0        118         10
  258      49         84       1083          0         60        138         10
  259     186        106       9756          0        120        221         10
  260     131         51       2121          0        120        236         10
  261      22         92         22        356          0        118         20
  262     140        104        856        542        150        230         20
  263      60         37       1380          0        120        233         10
  264      53         37       1685        404        360        499         20
  265      78          6       2902       1882        120        196         20
  266     194         80       1352          0          0        205         10
  267      27         24         52          0          0        138         10
  268     192         62         41       2702          0        202         20
  269      67         61        352          0        120        289         10
  270     122        139        424         47         90        186         20
  271      48          5       1638       4183        450        526         20
  272      35          8        130        263        120        294         20
  273      74         92       1473       3547        120        246         20
  274      15         42       5014       1889        330        436         20
  275      89         80       6860          0         30        142         10
  276      47        133      11397          0        120        249         10
  277     153        146       2403       1306        390        533         20
  278      35         26       1192         21        120        234         20
  279      68         73      10273       4727          0        101         20
  280      35         63       2025          0          0        138         10
  281      66        135       2024          0        120        225         10
  282     133         37      13294       1706          0        127         20
  283      90         16       8545       2763        330        491         20
  284     141        142       2973        620         60        236         20
  285      90         47       2146          0        120        281         10
  286      50         64       1747       2222         90        160         20
  287     109         64       3963          0        300        428         10
  288      52         61       1464       1944          0        101         20
  289      19         52       1360          0          0        166         10
  290      47        129        150       1117         60        151         20
  291     198         86       2360       2542         30        214         20
  292      77         42       7692       2905        360        445         20
  293      73         81        256          0          0        157         10
  294      80         70       1403          0        120        221         10
  295      78         65         89          0        120        287         10
  296     126        106        997        107         90        173         20
  297      91         95       1257       6161         30        123         20
  298      77          6       2198          0          0        100         10
  299     108         42       1538       3504        120        271         20
  300      87         63       4966       2305        300        432         20
  301     148         23        926          0          0        141         10
  302      34         74       2410          0        120        186         10
  303      26        126        248       2684        120        237         20
  304      70        126        143          0         60        170         10
  305     154         39       2164          0          0        164         10
  306      99         58       3995        140        300        401         20
  307      26          9        681          0        120        261         10
  308     137         37       2291          0          0        132         10
  309     162        118       2536          0        120        284         10
  310      49         43       6189          0         30        101         10
  311      37         14        894          0        120        259         10
  312     112         37       4280          0          0        140         10
  313      53        103        618        889          0        138         20
  314      99         74       3110       1521        120        197         20
  315     174         54       2139          0          0        172         10
  316     109         94      15000          0        300        463         10
  317      88        103         82        326         60        134         20
  318       1         19        633          0        120        225         10
  319     116         83        550       1777         30        197         20
  320      70         55       4856        199        120        229         20
  321      88         16        700          0          0         96         10
  322     105         79       1959          0        180        242         10
  323      51        101       1585       4770        120        188         20
  324     116         65       2686         62          0        140         20
  325     153         42        610          0          0        148         10
  326     133         52       4356          0         60        130         10
  327      68         95       1511          0          0        119         10
  328      55        102         15          0          0        129         10
  329      69          1        665       4247          0        134         20
  330      87         73       2733         25        120        285         20
  331     188         70       1509        857          0        195         20
  332      15         36       1121          0        210        276         10
  333     121        120        603      14397         90        164         20
  334      95         68        202          0          0        164         10
  335       7         21        230        615        150        248         20
  336     154         38        139          0         90        257         10
  337     137        145        199      11844        120        246         20
  338      33         69         72          0          0        128         10
  339     103         96         20       1989        150        281         20
  340      48         56       1950          0          0        162         10
  341      41         73       1594          0          0         97         10
  342     108         46         98          0        120        202         10
  343     139         25       1956          0          0        176         10
  344      78         74        999          0          0        124         10
  345      56         64        170       5400         60        195         20
  346     130         46       1352       1010        180        275         20
  347      51        150       1346       4497         90        249         20
  348     106         65       3641       1748        150        251         20
  349     141         58       4199       2130        360        473         20
  350     107         61       2635          0          0        169         10
  351     162        146       2028          0        120        228         10
  352     135         51         64       4551          0        135         20
  353      73         89       1815       1071        210        282         20
  354      42         73        305          0        120        233         10
  355     186         74      10924          0        300        457         10
  356      17         36        298        746        150        250         20
  357     199         60        253       1149        180        248         20
  358      83         79       1076          0        120        243         10
  359     151         77      13526       1474        120        190         20
  360      15        118       1205          0        330        404         10
  361      92         88         12          0        150        254         10
  362      11         48       9418        749          0        125         20
  363      51         80         62          0        150        227         10
  364     115         31      12292         35        120        289         20
  365      23         35        164          0          0        164         10
  366     121         81         92          0         60        173         10
  367      15          3        401         98        120        222         20
  368      55         65       4554          0         30        168         10
  369      27         46       1424          0          0         86         10
  370     152        104       5417       1989          0        172         20
  371      47         51       1248          0        120        202         10
  372      44         71        164        504        150        225         20
  373      22        129       4578          0        210        292         10
  374      72         39        586         23          0        140         20
  375      26        113        236       4829          0        128         20
  376      88         63       5628          0        300        404         10
  377     142        136       2434        856        180        240         20
  378     119         33        108         80        150        220         20
  379      29        130        127          0        120        295         10
  380      82         92       4707       1260        300        440         20
  381      39         52         90          0          0        107         10
  382     113         48       2963        624        300        410         20
  383     170        140       1895       5680        150        222         20
  384      17        126         84          0         30        150         10
  385      40        155        128         35        180        254         20
  386     189         85       1869       1825          0        199         20
  387     119         55       3884          0          0        135         10
  388      86         86        422       2620          0        133         20
  389      15         52       4024        235          0        169         20
  390      48        138        563          0        180        260         10
  391      14        122       2794       5189          0        137         20
  392     177        112        280        193          0        200         20
  393     163        111       2219       7051        210        277         20
  394      34        127       5945          0        120        254         10
  395     188         95        130        385          0        214         20
  396      90         92         15          0        120        228         10
  397     164         76       6937       8000         30        189         20
  398      41         23       1777          0        120        288         10
  399     109         98       2338       2432        120        246         20
  400      81        139        847          0         90        196         10
