400_236

CUSTOMER  VEHICLE
NUMBER	  NUMBER     CAPACITY    DispatchingCost
    400     500          40000       100

CUSTOMER
CUST NO.  XCOORD.   YCOORD.   DDEMAND   PDEMAND   READY TIME  DUE TIME   SERVICE TIME

    0      41         23          0          0          0        960          0
    1     117         56       7730       2583          0        135         20
    2     182         66      10279          0        150        225         10
    3     148         32        768       1958        150        278         20
    4     176        112       3983       1777         60        201         20
    5     160         77         26       3784          0        164         20
    6      29        110       1016         30         60        157         20
    7      94        118       1771          0         60        192         10
    8     102        100       1673          0        120        249         10
    9      41         23          0          0          0        960          0
   10     161         95       5649          0         90        199         10
   11     133        102         73          0        120        285         10
   12     135         23        213       3093        360        519         20
   13      14        122       2794       5189          0        137         20
   14     107         93       2516        758        360        430         20
   15      25         72         97       1414         60        171         20
   16     150         46       3578       1196         30        162         20
   17      34         98       1429          0         90        220         10
   18     136         72       4622        182          0        150         20
   19      65         12       3769          0          0         80         10
   20      67         94        266          0         30        128         10
   21     138        146         31          0         90        208         10
   22      89         57        156         83         60        141         20
   23      22        129       4578          0        210        292         10
   24      55         16        739          0        360        507         10
   25     186        107       1747          0          0        221         10
   26      54        117       2175      12825        150        292         20
   27     106         66         82       1254         30        183         20
   28      42         62         51        253         30         98         20
   29     119         33       1577       2214        120        277         20
   30      89         84         46       1461         60        169         20
   31     140         38        393       2089          0        150         20
   32      31         76       1982          0          0        164         10
   33     106        103         17          0         60        194         10
   34     107         85         75       5377         60        132         20
   35     145         71       8935       1819        330        466         20
   36      24        114        503          0        300        405         10
   37      47        129        171          0         60        154         10
   38      68         73       1260          0        150        261         10
   39     185         44         40          0         60        220         10
   40     158         33       1537          0         90        160         10
   41      28         81       4605          0          0        105         10
   42     105         79         25       2090        150        290         20
   43      55         60       2170          0        150        232         10
   44      35         23        852        784        120        222         20
   45     138         56       1926          0        180        273         10
   46     122         40        307       3485        120        198         20
   47     137         49        501          0          0        157         10
   48     153         27        132       1985        120        191         20
   49      70         51       7914         34        300        437         20
   50      44         78       1824        841        120        244         20
   51     153         42        610          0          0        148         10
   52      61         76      13149          0        300        400         10
   53     198         93       5274          0         60        215         10
   54      38         31       1285       1542        120        279         20
   55      16         62       4458          0          0        103         10
   56     133         89       1772       7207        390        457         20
   57      95         87         33          0         30        133         10
   58     116         49      14757          0        300        440         10
   59      75        130        340          0         90        163         10
   60     173         85       2160          0        120        229         10
   61      49         47        679          0        120        189         10
   62      42        125        199       1517         60        233         20
   63     101        111       4531       2816        120        277         20
   64     160        136       1923          0        360        466         10
   65     100         73         96          0        150        256         10
   66      15         52        136       2360        150        242         20
   67      29        114      11268          0          0        149         10
   68      78          6       2902       1882        120        196         20
   69     112         36         57          0        120        266         10
   70      92         84       1940       2028        420        522         20
   71      95         82        699          0        120        187         10
   72     100         65       3415          0          0        128         10
   73      98        122       2150          0        330        463         10
   74      92         59       3425       8935        390        465         20
   75     101         20         13          0          0        101         10
   76      66        135       2116          0         90        200         10
   77      75         55       2917        363        120        281         20
   78       4         16       2745      12255        150        230         20
   79     176         47        333          0         60        190         10
   80      75        126      13578       1422        360        428         20
   81      15         10        239          0         30        168         10
   82     150        127        252        112         90        253         20
   83      76         31        364          0        330        409         10
   84      77        153       1501          0         30        174         10
   85     101         81         40        319        120        263         20
   86     101        117        637       2111         60        233         20
   87     170         81       3004      10698         60        191         20
   88      28         74        178          0         30        198         10
   89      93        152        603      14397         90        182         20
   90     162        104       9484        514         60        195         20
   91      47         51       1248          0        120        202         10
   92      57         29       9626          0        120        190         10
   93     176        111       1654          0         90        220         10
   94      74         85       1824       1068        360        443         20
   95      74         66       2215          0        120        250         10
   96      21         23       4100       1571          0        108         20
   97     198         67       1886          0         30        195         10
   98     122         30       1750         48        120        247         20
   99      80         46        735        107          0        168         20
  100      76         78       3955       4377        120        287         20
  101     109         29        608       3418        120        223         20
  102      24        148         40       1123        180        277         20
  103     121        142       1557      13443        120        242         20
  104      22         99       2276          0         60        134         10
  105     101         85        106        287         60        232         20
  106     190         58        154       2544         30        204         20
  107     132        144       4836        131        300        401         20
  108      26         73       6403         37        300        478         20
  109      64         44       1758       7409          0        122         20
  110     142        131       1682          0        120        180         10
  111      18         37         47         17        120        254         20
  112     131         32       5051        306          0        134         20
  113     136        148         58          0         90        228         10
  114      74         20        127          0          0         75         10
  115       7         28       1609          0        180        298         10
  116      51         98       5190       6318        180        266         20
  117     146         40       1068       5200        120        237         20
  118     113         38         34          0        390        525         10
  119      35          8        130        263        120        294         20
  120     127        133        733          0          0        181         10
  121      73         43         75       1067        120        284         20
  122     183         89        248          0          0        193         10
  123     133        123      11040         38        120        225         20
  124     160        127        157          0        300        440         10
  125      97         84       3915       6296         90        249         20
  126     176         71       2581         20         60        184         20
  127     123         63       1669       1523         30        186         20
  128       7         33        300       6210          0        137         20
  129     150         79      12923          0        210        287         10
  130     143         31        112          0        300        434         10
  131      57         70       3068          0        120        217         10
  132      10         15        283          0        120        283         10
  133      60         43       2267       1205        120        255         20
  134     107         98         82       5359         60        193         20
  135     114         77         11        615         30        170         20
  136     152         91       3809       2159          0        175         20
  137     150         81       1824       1361          0        156         20
  138     148        114        581          0        210        286         10
  139      39        107        542       9983          0        161         20
  140     112         47       4377          0        120        200         10
  141      95         66         82        101          0        108         20
  142     115         81       2084          0          0        142         10
  143     172         39        150       2010         60        168         20
  144      93         94        631       7181         60        138         20
  145      73         96       1678       2545        180        255         20
  146      84         66        450          0        180        273         10
  147     106         54        218        169        180        243         20
  148      13         12       2221       2094          0         93         20
  149      72         99         83       1750        120        274         20
  150     172         43        183          0         90        186         10
  151      53         17         58          0        120        222         10
  152      98         46        101      14899          0         92         20
  153      77         63       6727        423          0        101         20
  154      61         30       2067       6210          0         72         20
  155      85         75        110          0          0        115         10
  156     135         51        172         41        120        247         20
  157      66         63        617        672        360        469         20
  158      81         75       2086          0         60        174         10
  159     120        116       7832          0          0        178         10
  160      50          1        768        190        120        235         20
  161      49        148       1504       1889          0        167         20
  162     137         30        589         90          0        140         20
  163      53         78        416       1636        420        493         20
  164      31         40      14776        224        120        187         20
  165      33         20        720          0          0        168         10
  166      45         61       1970        147        120        198         20
  167      33        137       1169          9        150        263         20
  168     141        103         49       1836          0        171         20
  169     158         71       3592        231          0        160         20
  170     148         43       1176          0        330        408         10
  171      81          6       4267          0        150        255         10
  172      96         81       6831          0        120        198         10
  173      16         10       2201         31          0        130         20
  174     148         33       4248          0        450        511         10
  175     131        123        786       5873         30        190         20
  176     108         46        128          0        150        249         10
  177      10        117       1920         10         60        148         20
  178     121         81         92          0         60        173         10
  179      57         45        202        137        120        186         20
  180      70        125      13341       1659         30        196         20
  181     142        136       8188        204         60        190         20
  182      22         44       4416          0        360        458         10
  183      40         86       2078       5659        120        295         20
  184      57         37       1885      13115          0        114         20
  185     106         68        277       1874          0        123         20
  186     184         71        335          0        120        196         10
  187      98         99       3156          0          0        148         10
  188      17        119        170       2379        150        279         20
  189     100         14        396          0        120        255         10
  190     147         94       1976          0        120        251         10
  191     192         92       1307          0        120        217         10
  192     135         26       3579       2020         60        186         20
  193     117        145       1686          0        180        294         10
  194     163         22        272        788        120        243         20
  195      72         86       1687       1497        180        254         20
  196      34         74       2410          0        120        186         10
  197      30        106       5649       9351         30        124         20
  198       5         20       7372       2237         90        255         20
  199      97         37       1253         95         30        153         20
  200     103         96         20       1989        150        281         20
  201     148        116       3610          0        300        445         10
  202      48         56       1950          0          0        162         10
  203      98         69       1568          0        120        256         10
  204     132         56       3585          0        120        215         10
  205     176         52       2360          0        300        472         10
  206     126         89       1838        339         30        207         20
  207     137         70       3093        941          0        175         20
  208      77         42       7692       2905        360        445         20
  209     109         51       1301        299        300        459         20
  210      27         73       2173          0          0        100         10
  211     146        129        181       1118         30        189         20
  212     158         74       1454       1418          0        176         20
  213      67         87       1522        122        120        225         20
  214     125         29       4183        151        450        535         20
  215      47         62        621       3243        120        279         20
  216     138         99       1838          0        150        245         10
  217      49         88       1526       1790         90        228         20
  218     127        122         14          0        120        266         10
  219      27        100       2133       1839        390        531         20
  220      37        100       2569          0        120        286         10
  221      62        151       5376         22          0        187         20
  222     179         67         70       3422        180        263         20
  223     101         97       3191          0         30        197         10
  224      87        130         12          0         30        164         10
  225     175         51       1655          0          0        169         10
  226      18         11        335          0          0        109         10
  227      29         38         22          0         90        162         10
  228      36        146       6099        397        300        473         20
  229     154         38        139          0         90        257         10
  230      31         13       1844        847        120        221         20
  231     108        105       5644          0         60        163         10
  232     186        106       9756          0        120        221         10
  233      35         26         19          0        120        224         10
  234      49        131       1598          0        120        186         10
  235     100         23        584          0        120        222         10
  236      93         65        975          0        120        188         10
  237      78         35        821       1711          0        108         20
  238      63        111        378          0         90        262         10
  239      73        157       5588        126         90        171         20
  240      52         62       1715       3401          0        108         20
  241     164        107         48          0        180        280         10
  242     106         81       2116          0          0        128         10
  243      65         74       2221        200        180        272         20
  244      99        144        154        442         60        203         20
  245     104         39        228          0          0        130         10
  246      90         47       2146          0        120        281         10
  247     113         48       2963        624        300        410         20
  248      26        142       2365         31         30        168         20
  249     129        122       1595       1221        210        279         20
  250      57         94        752          0         90        164         10
  251      56         19         11          0        120        254         10
  252       7         21        230        615        150        248         20
  253     128         89       1706       1109        150        245         20
  254      34         63       2827          0        300        400         10
  255     130         46         72          0        120        263         10
  256     151        109       2331        785        120        188         20
  257      62        135       1240       2938         90        228         20
  258      76          4       9807       2333        330        431         20
  259      13         87       2832          0          0        124         10
  260     174         93        530       5280         90        188         20
  261      37         72       1536          0         30        201         10
  262      52         28        291       1842          0        103         20
  263     146        132       4255          0         60        217         10
  264     109         98       2338       2432        120        246         20
  265     172         77      11057       1016        300        402         20
  266      89         56        625       1959          0        116         20
  267      55         91       4855          0        120        235         10
  268      19         13        108          0         90        247         10
  269      12         45       1481       6546          0         80         20
  270      44         71       3765         96        150        249         20
  271      87        101       5050        279          0        135         20
  272      57          0         86          0          0         67         10
  273     146        112       3512          0         90        178         10
  274      32         56        182       1771        120        271         20
  275     104         55       4342          0        300        417         10
  276      70         55       4856        199        120        229         20
  277      33        131       2198        336        150        232         20
  278      96         68        840          0          0        137         10
  279     120         78         82         76         60        144         20
  280      97         24        618        175          0        144         20
  281     126        106         31       1157          0        159         20
  282     148         47       1068       9983          0        148         20
  283     101         55       4728          0        420        528         10
  284       7        117         16      10588         60        175         20
  285      62         67       2332          0        360        441         10
  286      46        113       3136          0         60        219         10
  287     189        101        830          0        180        281         10
  288     111         25       1110          0        120        236         10
  289      80         11      15000          0          0         73         10
  290     132         44       1508          0         60        221         10
  291      57        145         64          0         60        221         10
  292      53         57        538         68          0         75         20
  293      85         74       7744         73         90        252         20
  294     129         75        220          0        330        427         10
  295     120         33       9977          0        390        496         10
  296     189         85       1869       1825          0        199         20
  297      74        142       2887          0         60        193         10
  298      85         45        142          0          0         96         10
  299      87          8        240          0        120        260         10
  300      58         86       1700         43        120        201         20
  301     103         95         75      10994         90        222         20
  302      58         21        451          0          0        174         10
  303     100        101        290          0         90        253         10
  304       8         46       1713          0        180        266         10
  305      57         72        155          0        300        408         10
  306      78         17       2692        337        390        461         20
  307      15         36       1121          0        210        276         10
  308      21        101       3626       2067        360        423         20
  309      84         78       2544          0         60        190         10
  310      97        112       2654       1890        120        225         20
  311      81          4      15000          0          0        139         10
  312      91         65        268          0         90        204         10
  313     148        126       1719          0          0        199         10
  314      81         11       1613          0        120        234         10
  315      19         98       5993          0        330        470         10
  316     148         23        926          0          0        141         10
  317     125         79       5792         22         30        167         20
  318     192         64      11845          0        420        535         10
  319      82         12       2968          0          0        175         10
  320     129         71       7335          0        180        265         10
  321     146        130       1611          0        180        278         10
  322     121        120       1864          0          0        166         10
  323     174         66         54       2020         90        226         20
  324      67         61         30          0          0        127         10
  325      41         73       1594          0          0         97         10
  326     186         73         74          0         60        190         10
  327      41         70        684          0          0        172         10
  328      80         48        156          0          0        141         10
  329     104         68        144         74          0        133         20
  330     168        139       3851          0        120        259         10
  331     167         35         91        384          0        172         20
  332      29         24       3492        215        300        427         20
  333     164         73       5735          0         60        200         10
  334     180         95         29          0        300        423         10
  335      17         36        277          0         30        157         10
  336      85        135        480       1379         90        228         20
  337      66        150        152       3714        450        521         20
  338      82         72       2382        526         30        199         20
  339      59         14       2558         67        120        248         20
  340     159         75       7375          0        330        468         10
  341       4         23        236        920        120        223         20
  342      89         80        448       1710        120        230         20
  343      32        100        150       6079        150        220         20
  344     158         30         30          0        330        494         10
  345      45         49        112          0        120        275         10
  346     158        142         94          0         90        201         10
  347     172        108         11       7575        120        286         20
  348      19        124       6407        627        120        283         20
  349      95        146       1531        690         60        175         20
  350     159         43       5669       1990        360        466         20
  351      39        139        147         13          0        163         20
  352      34        149        924          0         30        163         10
  353     100        116       1850         13         30        194         20
  354      46        125        253         17         60        155         20
  355     123         54      12556          0        150        238         10
  356      56        103        152       9040          0        124         20
  357      65         32       1190        196          0         74         20
  358     111         70       2613       8002        120        181         20
  359     191         57       1758       2206         90        201         20
  360     153        148         43      14957         60        217         20
  361     106         55       4592          0        120        293         10
  362      85         58        441          0          0        166         10
  363     119         55       1464          0         30        165         10
  364      48         60       1005          0        390        500         10
  365      52         61       1464       1944          0        101         20
  366     196         74       1716       1860        120        211         20
  367     167        147       1644       1841        150        216         20
  368     150        108       1173       3114        330        470         20
  369      59         81        835          0        120        188         10
  370      29        135        888          0        210        287         10
  371      69          1        665       4247          0        134         20
  372      27         22       1614       1875        330        400         20
  373     121         71       2620       5274          0        126         20
  374      78         32       7967       2036          0         81         20
  375      63         90        106         72        150        283         20
  376      96        118        579       5307        180        297         20
  377      94         69       1537       6086         30        107         20
  378     167         57       3868        200         60        201         20
  379     106         59        129        287        150        220         20
  380     197         70       7034          0        210        296         10
  381     116         43        480       1500          0        129         20
  382     126         36         51        569        120        254         20
  383      75         34        803       5376        120        253         20
  384     105        126         36          0        120        200         10
  385      69         92       2542          0        120        291         10
  386      11         47       5680          0         30        205         10
  387     116         94        824       1815         30        203         20
  388      25         55       1492          0        120        282         10
  389      42        127       2066      12934        120        248         20
  390     157         59         52          0         90        166         10
  391       7         97       4446       3145         90        255         20
  392      47        125        734          0          0        161         10
  393     106        125       3447          0         60        153         10
  394     168         75       7179       1173         90        236         20
  395     146         33       2113          0        150        246         10
  396      65        100       1629       8279        120        220         20
  397      69         24        108        117          0        144         20
  398      47         96        920          0        210        283         10
  399     151        120       5130        484          0        198         20
  400      62        154       5309          0        180        273         10
