400_238

CUSTOMER  VEHICLE
NUMBER	  NUMBER     CAPACITY    DispatchingCost
    400     500          40000       100

CUSTOMER
CUST NO.  XCOORD.   YCOORD.   DDEMAND   PDEMAND   READY TIME  DUE TIME   SERVICE TIME

    0      41         23          0          0          0        960          0
    1     106         10       2243       2026        360        496         20
    2      44         48        566          0         30        160         10
    3     172        108        183          0         30        202         10
    4     150         79      12923          0        210        287         10
    5      69          1       3049          0        120        237         10
    6      82         85       2110          0         90        197         10
    7     100         14        396          0        120        255         10
    8     106         54         12          0        120        243         10
    9     102        120       1840          0         90        252         10
   10      17         49       1940         15        120        213         20
   11      86         86        422       2620          0        133         20
   12     164         90      12955       2045        300        399         20
   13      66         63        237        665          0        160         20
   14     155        145        396          0         30        204         10
   15     107         98         82       5359         60        193         20
   16      62         76       3624        766        150        236         20
   17     118         67       2780          0          0        168         10
   18     177        110         48          0         90        253         10
   19      86         99         17        389         30        138         20
   20       2         17       1772          0         30        156         10
   21      75         55       2917        363        120        281         20
   22      50         93        396          0        150        258         10
   23     198         93       5805          0        360        531         10
   24     148         94       7866          0        450        539         10
   25     166         88      10500          0          0        197         10
   26      77         42       7692       2905        360        445         20
   27     151         22       3910          0          0        168         10
   28     161         87       1361          0          0        184         10
   29      76         31        364          0        330        409         10
   30      95         82       2682          0        120        265         10
   31     102        114         11          0        330        432         10
   32     113         37         38       1293          0        132         20
   33     121        147       6372       1923        150        256         20
   34       5        116       2632          0         60        225         10
   35     134         73       1174       5745         30        143         20
   36      32        112        584          0         30        174         10
   37     109         75       1710        193         30        155         20
   38      23        118       6397          0         60        201         10
   39      80         93        138       2224        120        205         20
   40     106         84        841       1474         60        133         20
   41     185        103       2736       5906        210        287         20
   42      66         86       3604          0         90        173         10
   43      90        119       4742          0        120        256         10
   44       7        116         82       2516        150        227         20
   45     145        114       8961          0        420        494         10
   46      95         18        146       1667         30        129         20
   47     115         90       8548         88        150        286         20
   48      32         74        960       1273        120        220         20
   49     109         65      15000          0          0        118         10
   50     109         64       2869         98         90        217         20
   51      96        112         35          0         60        150         10
   52     106        103         56        943         90        166         20
   53     149         29       8095          0          0        151         10
   54     191         97         40        691        180        290         20
   55      91         55       6953          0          0        131         10
   56     150        127       3450         58         90        181         20
   57       8         11       1860        996         60        162         20
   58     167        103      14692        308        150        214         20
   59      34        127       5945          0        120        254         10
   60      87         81        949          0        360        471         10
   61      48         56       1950          0          0        162         10
   62      87        140       5361          0        210        279         10
   63      19         90        912          0        180        252         10
   64     169        111       1118       3641        120        248         20
   65     182        107         65        399          0        206         20
   66     169         49       4252          0        300        436         10
   67      49         47        679          0        120        189         10
   68      16        122        679          0        150        261         10
   69     107        138        758       4478        120        286         20
   70     113         64        311          0        150        291         10
   71     143         31       4301          0        120        231         10
   72      26        113        236       4829          0        128         20
   73      81          8       1000        363        300        394         20
   74     122         40         14          0        150        289         10
   75       5        113       1464      10147         90        248         20
   76     167         47       2384          0         60        205         10
   77       7         28         13          0         30        187         10
   78      90         29        600          0        120        192         10
   79      50        123        657          0        150        296         10
   80      56         19         11          0        120        254         10
   81     176         59       3726          0        150        283         10
   82      46         50        234       4176        120        284         20
   83      85         71        338          0          0        149         10
   84       7          4       1847        908        120        253         20
   85     158        142        156        107          0        211         20
   86     169        147       1975       1611         60        223         20
   87     158         71        370          0          0        169         10
   88     158         24       5374          0          0        166         10
   89     100         19        427       5297        120        227         20
   90     130         59        339       1307        180        294         20
   91     106         96        379       2490         90        198         20
   92     174         99       2160        447          0        203         20
   93     160         77       1715          0          0        183         10
   94      66         71        920          0        210        274         10
   95     108         38       1929       1123        120        204         20
   96     130         46         72          0        120        263         10
   97      44         71        164        504        150        225         20
   98     135         78       1444       5113        120        224         20
   99      75         90       5745          0        150        217         10
  100      63        111       1269       2888          0        123         20
  101      47        125       4866       6351         30        156         20
  102     110        128        480          0         30        173         10
  103     159         83        515        152        120        299         20
  104      30        155       1745       2364        120        269         20
  105     106         65       3641       1748        150        251         20
  106      88         61        363          0        330        474         10
  107      28        101        650        261          0        118         20
  108      56        103       1715          0         60        191         10
  109      83         64        259         54          0         95         20
  110     102         75       3753          0         30        136         10
  111      86         77       1708        227        330        399         20
  112      82          9        483          0        120        247         10
  113       7        117        610        100         60        189         20
  114     174         67       3596          0         30        195         10
  115     155         24         30          0        120        262         10
  116      52          0       4242          0        120        283         10
  117      76         78       1637       4697         30        108         20
  118     109        122        320          0         30        205         10
  119      57        153        299         30        360        455         20
  120      57         70       1258       2997        360        467         20
  121       0          8       2947         34        180        294         20
  122      48         46       3295       5889          0        146         20
  123     177         48         15          0          0        183         10
  124      51        101       1613       3528        150        226         20
  125     115         83       1898          0         60        185         10
  126     141         30         31        277        120        232         20
  127      90         47      14522          0          0        106         10
  128      47        137        248        413        150        245         20
  129     171         66       1122       7730         30        191         20
  130     101         85        431       3769        420        521         20
  131     163         22        272        788        120        243         20
  132     132         43         85       1833         60        194         20
  133     100         73         96          0        150        256         10
  134      82        131         14          0         60        223         10
  135      93         68       2493          0         30        147         10
  136     144         86       6707       6109        120        228         20
  137      77         44       4410          0          0        128         10
  138     168         75       7179       1173         90        236         20
  139     137        103       1733          0         30        170         10
  140      39         52        100          0        120        201         10
  141      76         44        234       1582        120        250         20
  142     159         43       5669       1990        360        466         20
  143      95         84       3947          0        210        271         10
  144      22         99       2276          0         60        134         10
  145     144         34       2376       1927        360        436         20
  146      70         51        396          0         60        228         10
  147     112         37       2469          0        150        290         10
  148      30         38       1519        107         90        253         20
  149     159        127       2388       2516         60        201         20
  150     115         31      12292         35        120        289         20
  151      70        125      13341       1659         30        196         20
  152      10        116       1261          0          0        149         10
  153     158         74       1454       1418          0        176         20
  154      33         70         85          0          0        121         10
  155      37         72       6072       2024        150        287         20
  156     181         76       6564       2216          0        192         20
  157     104        109       1628        251        180        294         20
  158     100         85       1769          0         90        199         10
  159      91        122        228          0         60        190         10
  160      34        124       9338          0        120        284         10
  161     111         67      14177        823        120        256         20
  162     122        101       1641          0         30        166         10
  163     153        122        284       3327         90        200         20
  164      85         10       3602       3479        150        245         20
  165     137         38       5135          0        210        280         10
  166      78         87         56       1532        120        278         20
  167     154         76       5420          0        180        283         10
  168     183         60         96          0         60        181         10
  169      54        104        194      14806        120        186         20
  170      65         86         98          0        150        229         10
  171     143        102       8871       6129        120        259         20
  172      53         44       5047       1204         60        144         20
  173      34        122        556          0          0        129         10
  174      67         91       2857       4092         30        203         20
  175     131        123        786       5873         30        190         20
  176     137        143        188          0         60        189         10
  177      76         59       1014          0         60        225         10
  178      92         84       1940       2028        420        522         20
  179     122         83       4009          0         60        228         10
  180      47         96        920          0        210        283         10
  181     127         93       3480        233        180        254         20
  182     102         87       2047        179        120        259         20
  183      14        122       9250          0         90        232         10
  184      48        129       2502        151          0        169         20
  185     140        109      11467        576        120        248         20
  186      47        133      11397          0        120        249         10
  187     148         92      15000          0        120        186         10
  188      74        121        458          0         60        167         10
  189      82         56        213          0          0        102         10
  190      99         64       1879          0         90        176         10
  191      93         94       1154        595         60        127         20
  192      31         13       1210       3648        180        277         20
  193     186        107       1747          0          0        221         10
  194      78         65        960       4741         60        203         20
  195      39        107        542       9983          0        161         20
  196      32         56        182       1771        120        271         20
  197      80          5         37          0        120        287         10
  198     125         29      15000          0        150        295         10
  199     139        107       4140        182         60        172         20
  200      19          8       1293       1888        150        246         20
  201     179        107      12420        142        120        206         20
  202      56         51       3668         21        150        258         20
  203     143         87       1059          0        120        296         10
  204     119         15       4175       4102         30        159         20
  205      24        109       1096        166        390        459         20
  206      34         33         57          0         30        165         10
  207      67         94        266          0         30        128         10
  208     167        147       1644       1841        150        216         20
  209      23        141        982          0          0        156         10
  210      96        118        111          0         30        172         10
  211      99        113        134          0         60        156         10
  212      25         47        468       1890        120        235         20
  213      29         35        280          0          0        128         10
  214     134         89        282        197        360        437         20
  215     146        141       2236        972        210        296         20
  216      36        146       6099        397        300        473         20
  217      11         19       6393          0        120        230         10
  218     173        111       1961          0        120        216         10
  219     139         91       2344       1685        150        245         20
  220       7        114         82       2419         60        193         20
  221      34         65       3800          0        420        522         10
  222     125        103        998       2362        150        279         20
  223     194         65         76          0        180        284         10
  224      86         80        437        941         90        230         20
  225     128         97        756       7047        330        403         20
  226      40         67       1644          0        450        523         10
  227     111         65       3524       6652        360        492         20
  228     106         66         82       1254         30        183         20
  229      60         64       1366       6937        120        254         20
  230     109         94        292          0         30        172         10
  231      76         16       1247          0        120        222         10
  232     147        113       1183        841        300        440         20
  233      31         76       1982          0          0        164         10
  234      55         67        252         43          0        112         20
  235     139         33      12128       2872        120        282         20
  236     124         96        178       1901          0        175         20
  237     121         91        476          0        150        263         10
  238     104         55       4342          0        300        417         10
  239      65         57       1104          0          0         75         10
  240     176         47        333          0         60        190         10
  241     171         80      14914         86        120        198         20
  242      81         81        604          0          0        135         10
  243     173         85       2160          0        120        229         10
  244      40         86       6622       8378        450        525         20
  245      48        154         21        455         90        217         20
  246      79        101        403        306        120        259         20
  247     101         77        314          0        300        398         10
  248     121         45       2293       7629         90        167         20
  249      85         76       2490       5313        120        185         20
  250      67         87       1522        122        120        225         20
  251     191        100       3104          0        150        215         10
  252     133         89       5152        235        120        285         20
  253      68         95         50        538          0        122         20
  254      42        125       1889          0        120        194         10
  255     128         71       1174       2961        150        284         20
  256      74         85       1824       1068        360        443         20
  257      42         62         51        253         30         98         20
  258     102        100      13923          0         60        133         10
  259      21         24       1893        322          0         66         20
  260      53         65         70          0         60        199         10
  261      36         87       9982         43         30        165         20
  262      42         52       1802          0          0        145         10
  263     168        147       1759       3420        120        230         20
  264     192         88         85          0        180        287         10
  265     150         53         54          0         90        230         10
  266      63         52        656          0        150        284         10
  267     155         88         83        748         90        186         20
  268      17         89       1542         38        120        289         20
  269     169         82        150         17        120        225         20
  270      17         36       1330         14          0         99         20
  271     153         75       5845         36          0        170         20
  272      25        155       4785          0        390        528         10
  273     114         49       2303          0        150        228         10
  274      84         66       3127          0        300        434         10
  275     186         72         91       2136         60        206         20
  276      33        155       6212          0        390        519         10
  277      68         73      10273       4727          0        101         20
  278     103         55         62          0          0        142         10
  279      46         18        392          0          0        105         10
  280      60        122       4717          0          0        139         10
  281      49         84       1083          0         60        138         10
  282      98         99       3156          0          0        148         10
  283     132         27         14          0         90        192         10
  284     122         66       2433          0          0        148         10
  285     160        101       2010          0          0        176         10
  286     177         47       2378        271        450        516         20
  287     192         92       5136          0        120        296         10
  288      86         76        236        288         90        231         20
  289      12         30        303          0        150        227         10
  290      31        142       5368       2559        390        470         20
  291     146        130       1611          0        180        278         10
  292     148         32      10754       1881         30        164         20
  293     130         68       1514          0          0        140         10
  294     126         73       5113          0         30        168         10
  295     118         94        325       1706         60        162         20
  296     160        117         82        290         30        183         20
  297      76          4       9807       2333        330        431         20
  298      13         12       1157       1527          0        129         20
  299      13          8       1062          0        120        288         10
  300      96         68       2354          0          0        127         10
  301      21         78      12793       2207        120        225         20
  302      91         95       1931        924         30        144         20
  303     179        114       1724          0         30        220         10
  304      28         14       1745       1926        120        265         20
  305     126         89       1838        339         30        207         20
  306      38         24       4771       7888          0        169         20
  307       4         23        236        920        120        223         20
  308      59         54      11876          0        390        459         10
  309      99        144       1870        142         60        171         20
  310     115        114       1889          0        120        206         10
  311      44         49       7334          0        360        431         10
  312      22        146       5088          0        180        266         10
  313      63         48         62      13911         30        155         20
  314     115         64       2545          0        150        292         10
  315     160         23        108        270        120        203         20
  316      11         48       9418        749          0        125         20
  317      31          4       4408         12        330        490         20
  318     182         66      10279          0        150        225         10
  319      92         70       5901          0        180        280         10
  320      41         79        367        539        120        283         20
  321      13         87       1330          0          0        122         10
  322     104         91       5658          0         90        225         10
  323     123         47       8172          0        360        470         10
  324       9        114        525          0         30        190         10
  325      18         37         47         17        120        254         20
  326      96         66       7052          0        150        258         10
  327     183         79         57          0         60        220         10
  328      29         38       2338        449          0        138         20
  329      57         91        215          0        120        253         10
  330      96         79       3055          0         30        208         10
  331      26        127        117       1919        330        435         20
  332      85         61       8938          0        330        460         10
  333       3         88      15000          0        120        230         10
  334      98        122       2566          0        120        290         10
  335     135         51        172         41        120        247         20
  336      53         45         31          0         30         95         10
  337      98         53       1297          0          0        172         10
  338     198         79       1205          0         90        203         10
  339      60        151       1891          0        210        281         10
  340      63         90       2683          0        180        251         10
  341      31         40       6651       4849        150        222         20
  342      99         58       3995        140        300        401         20
  343      29        114      11268          0          0        149         10
  344      28         31       1807         20         30        158         20
  345      84         78       6367        925          0        160         20
  346      57         94       1829          0         90        233         10
  347      10         48        395       6125        120        186         20
  348      73        157        383          0        300        456         10
  349     200         68       2480          0        120        293         10
  350     127        122         14          0        120        266         10
  351      25         52       2409          0        120        276         10
  352     111         35       4771       2527        360        476         20
  353      77         63       6727        423          0        101         20
  354       9         49       1501          0        150        257         10
  355      56         49       1691       6109        120        260         20
  356     130        122       4586       1802        360        521         20
  357     158         33       1537          0         90        160         10
  358      52         62       1715       3401          0        108         20
  359      82         99        454       5804        180        275         20
  360      74        120       4007          0        420        502         10
  361      11         33       4619          0         30        108         10
  362     170         65        288          0         60        226         10
  363     183        102       2558        334        120        228         20
  364      28        139         28          0         60        168         10
  365     152         56       1331       1863        150        267         20
  366      30         42      11298          0        150        212         10
  367      30         45         17       1526        150        277         20
  368     116         85         40          0        330        498         10
  369      80         70       2014          0        120        276         10
  370     158         73       3051          0        360        466         10
  371     148         23       5155          0        450        515         10
  372      85         83       6623          0          0        111         10
  373      30        106         40      11057        180        280         20
  374     132         56       3585          0        120        215         10
  375     142         31       1380          0         60        168         10
  376      57         29        170          0          0        129         10
  377      73         96       1678       2545        180        255         20
  378     122        146        344        287        300        451         20
  379      45        147       1805        111        120        191         20
  380      21         40       3810          0          0        140         10
  381      49         43       6189          0         30        101         10
  382     121        129       2805       1791        180        279         20
  383     179         61       1605       5657         90        180         20
  384      51          1       1834       3239         30        141         20
  385     173         95       4225       6623         90        201         20
  386     154         31        879        338        120        246         20
  387      15         52       4024        235          0        169         20
  388     169        146       7197          0        360        435         10
  389     132         44       1508          0         60        221         10
  390     103        127        110        439         60        169         20
  391      50         80        673       1629        300        404         20
  392     188         95        130        385          0        214         20
  393     162         96       1169       6106        210        278         20
  394      22         92       6293          0          0        113         10
  395     152        146       1043          0         90        200         10
  396     104         81       1648       1817          0        132         20
  397     164         85       1673          0         90        219         10
  398      61         76       6572          0         30        164         10
  399     132         93       5072          0         90        212         10
  400     143        112       2682        236        360        469         20
