400_80

CUSTOMER  VEHICLE
NUMBER	  NUMBER     CAPACITY    DispatchingCost
    400     500          40000       100

CUSTOMER
CUST NO.  XCOORD.   YCOORD.   DDEMAND   PDEMAND   READY TIME  DUE TIME   SERVICE TIME

    0      41         23          0          0          0        960          0
    1      28        101        650        261          0        118         20
    2     198         85        594          0        120        288         10
    3     148         47       1068       9983          0        148         20
    4      85         58       7139          0         60        223         10
    5      22        149       4698         82         30        175         20
    6      88        127       4289          0         30        203         10
    7      79         16        706       6211        360        441         20
    8     176         70       1430        164        120        192         20
    9      22         91        197          0        180        281         10
   10     105        152         77       1742        180        292         20
   11     149         34       3794          0        360        424         10
   12      88         87       9970          0        180        279         10
   13      46        113       3136          0         60        219         10
   14      19          8       4343          0          0         69         10
   15     155        145        238          0         60        233         10
   16      11         48       9418        749          0        125         20
   17     118         67       2780          0          0        168         10
   18      23        110        406          0        300        412         10
   19      26          9        681          0        120        261         10
   20     134         34        299        201          0        142         20
   21      83         74       1537          0         60        231         10
   22     100         78        250       3370        120        280         20
   23     106         59       4453          0         90        161         10
   24     106         66         82       1254         30        183         20
   25      36         79         86        212        450        517         20
   26      86        102        615       2112        150        285         20
   27      53         21       2094          0        120        230         10
   28     142        102       4128       3302         60        184         20
   29      51         80         35          0         90        216         10
   30      41         70         30       1036        120        248         20
   31      17         89       1415          0         60        191         10
   32     178        101         14          0        180        250         10
   33      22        151       8726          0          0        183         10
   34     181         42        294          0         60        204         10
   35     121         66         27       1505         30        129         20
   36      60        122        249       3793         60        219         20
   37     152        146       3114       1844        120        205         20
   38     114         80        646          0        150        224         10
   39      45         78        146          0         90        165         10
   40      53        103        618        889          0        138         20
   41     106         82       1914          0        120        193         10
   42     121         45        684          0          0        118         10
   43     164         60       2060       2199        150        230         20
   44      90         28        374      14626        300        434         20
   45      74         66       2529          0          0         94         10
   46      50        123        657          0        150        296         10
   47     183         89        248          0          0        193         10
   48      28         81       4333          0         30        135         10
   49     172         77      11057       1016        300        402         20
   50     160         92        750       2077         60        218         20
   51      34        122        556          0          0        129         10
   52      88         71         70       1644        420        487         20
   53      75         90       3133       1153        390        472         20
   54      16         10       2501          0        330        477         10
   55     112         75       5947          0        390        471         10
   56     126        111       9991       3234        180        256         20
   57      60         79       4537       1655        300        430         20
   58      63         90        106         72        150        283         20
   59      96         86        212        673        120        288         20
   60      91         72        129          0         90        230         10
   61     179         48        908        433          0        183         20
   62      40         29        860          0        120        283         10
   63     100         84       2429          0          0        123         10
   64      45         49       5376       2860          0        133         20
   65      71         91        672        305          0        125         20
   66     162        104       9484        514         60        195         20
   67      53         78       5064         22          0        101         20
   68      52          0       1860          0          0         98         10
   69      32         41        255        177        150        275         20
   70     136         72       1133       4854        150        260         20
   71       4         23       1989          0        150        244         10
   72      18        126       1733          0         90        260         10
   73     169        111       1118       3641        120        248         20
   74      56        103        362         37          0        132         20
   75      99         80       8000          0          0        164         10
   76      97         68       2799          0        120        211         10
   77     147        113       1183        841        300        440         20
   78     164         70       1545          0        120        195         10
   79     131         83        315       1751         90        220         20
   80      41        145       7246       3055        120        258         20
   81     140         66         72        298          0        154         20
   82     132         44       3422          0        210        282         10
   83     188         66         84          0         30        196         10
   84      62         17        162       2237        300        435         20
   85     102         72       2790      12210        210        280         20
   86      87         63       4966       2305        300        432         20
   87      51        115         15       6725         60        187         20
   88      29         38         22          0         90        162         10
   89      80         48        173       3613        120        194         20
   90      52         63       3542          0          0         77         10
   91      62        151       5376         22          0        187         20
   92     123         59       1081          0        390        528         10
   93      35         49         56        259        300        410         20
   94      39        107       3078       1042          0        129         20
   95      63         48         62      13911         30        155         20
   96     147         38       1937         50         90        223         20
   97     118        100       3564          0        360        465         10
   98       0          8       9866          0        120        278         10
   99      70         51       7914         34        300        437         20
  100      29        110       1016         30         60        157         20
  101      66        119       1551          0        150        227         10
  102     126         72       7182          0        390        537         10
  103     185         59       3400       5639        120        206         20
  104     101         81        196          0         60        224         10
  105     159         43       5669       1990        360        466         20
  106     129        122       1595       1221        210        279         20
  107     115         83       7608          0         60        160         10
  108     158        142        156        107          0        211         20
  109     132         62        422          0        120        291         10
  110     195         84         17          0          0        215         10
  111     162        118       1841          0        180        255         10
  112     104         39        228          0          0        130         10
  113     148         23        926          0          0        141         10
  114     153        115       1624          0          0        184         10
  115     107         85         75       5377         60        132         20
  116     121        129       2805       1791        180        279         20
  117     100        116       1072          0          0        158         10
  118      65         82       2552          0         90        170         10
  119     173         56        817       2138        120        258         20
  120     161         36      14657        343        390        502         20
  121     136        148         58          0         90        228         10
  122      94         69        107          0        150        254         10
  123      44         78       1824        841        120        244         20
  124      99         45        936      14064        120        198         20
  125      12         16        690          0        150        288         10
  126      83         99        222          0         30        190         10
  127     111        131         82       1349        150        234         20
  128      71         59       6086       1430        120        224         20
  129      87        113       6124          0        120        229         10
  130      73         81       3528          0          0        108         10
  131      44         49       2711          0        120        291         10
  132      55        116       3785          0        150        257         10
  133      63        150         15       1030        330        403         20
  134      73         55         20      11550        120        292         20
  135      27        100       2133       1839        390        531         20
  136     142         28       3591          0        420        531         10
  137      22         44       4416          0        360        458         10
  138     179         61       8000          0         60        197         10
  139      94         94       1502          0          0        139         10
  140     118         45       1597        289         30        129         20
  141     154         27       2820          0         30        145         10
  142      77         44       4410          0          0        128         10
  143      62         56         40        248        120        258         20
  144     138        146       1104          0         60        195         10
  145      75        130        263          0         60        165         10
  146      57         91        197       3956        390        532         20
  147      18         29       2400         69        120        230         20
  148      81         18        225         22          0         89         20
  149      71        129         13        101        120        184         20
  150      29         11       8445          0        390        470         10
  151     158         73       3051          0        360        466         10
  152      28        139         28          0         60        168         10
  153      23         35        164          0          0        164         10
  154      80         46        735        107          0        168         20
  155      13         38       2296          0        150        274         10
  156      95         90        390       1647        120        235         20
  157     101         97         17         91          0        133         20
  158     163         65       2020          0          0        177         10
  159     120        129       2763          0        180        256         10
  160      83         79       1076          0        120        243         10
  161     120         62      15000          0          0        143         10
  162     192         92       4479        387        360        488         20
  163     131         51       1750          0         90        263         10
  164     185        103       2736       5906        210        287         20
  165      68         73         36          0        150        251         10
  166      21         98       3613       6345        120        220         20
  167      85         61       3805        210         60        151         20
  168      82         99       1432       2939        120        207         20
  169     125         51       2157          0        120        281         10
  170     121        142       1553          0        120        205         10
  171     121        147       1605          0        150        260         10
  172      56        114        226       2021         60        151         20
  173     173         87       5332          0        300        410         10
  174      54        130         76       1859         60        165         20
  175     104         68         23       1460        120        292         20
  176     115         96       3726          0         60        145         10
  177     160        108        591       3008        180        248         20
  178     155         55        452       9990         30        184         20
  179      78         32       7967       2036          0         81         20
  180      35         63       1931          0          0        100         10
  181      55         65        330       1770        120        285         20
  182     115         31      12292         35        120        289         20
  183     143         31         67          0        210        278         10
  184     109         64       2869         98         90        217         20
  185     174         93        530       5280         90        188         20
  186      32         43        822       2524        120        255         20
  187     126        106        997        107         90        173         20
  188      12         55       1489          0        330        424         10
  189      74        120         20          0          0        167         10
  190      87        101       5050        279          0        135         20
  191      19        124       5553        619          0        135         20
  192     100         19       9275       4376        420        523         20
  193      44         48        922      14078        390        486         20
  194      71         19       3406        567          0         66         20
  195      57          0       4103        156        120        247         20
  196      20         21        920       1159        120        285         20
  197     199         60        253       1149        180        248         20
  198      76         78       1637       4697         30        108         20
  199       1         19        633          0        120        225         10
  200      74         93        290          0          0        111         10
  201     159        127       2388       2516         60        201         20
  202      27         46       1424          0          0         86         10
  203      52         61         60          0          0        111         10
  204      31        101       1764         43        390        459         20
  205      60         10       2247          0          0         93         10
  206     170         82       1975       9336         90        250         20
  207     160        101       2010          0          0        176         10
  208     133        142      15000          0        330        473         10
  209     152        104       5417       1989          0        172         20
  210      72         99       1519       3868        180        290         20
  211     148        126       1520          0         60        194         10
  212      45        116       4319        893          0        140         20
  213      56        102        780         34        420        502         20
  214     111         54       3504          0          0        113         10
  215     167         47       2447       1752        330        440         20
  216     111         41        306       2191        120        230         20
  217      57        117       7204          0         60        140         10
  218     117        152        102       6373        210        283         20
  219     171         74        200          0        120        283         10
  220     146         56       1613          0         60        174         10
  221      61         30       2067       6210          0         72         20
  222      85         45        142          0          0         96         10
  223      89         57        156         83         60        141         20
  224      56         19       4992       2542          0        140         20
  225      65         74       2221        200        180        272         20
  226     150        140       3400       2503        120        215         20
  227     161         63       1848          0         90        223         10
  228       2         17        257          0        120        250         10
  229      43        136      12933          0        390        500         10
  230     132         36       1052          0        120        198         10
  231     140        133       2982      10695         60        203         20
  232     186        107       1747          0          0        221         10
  233      53         65        434         10          0        103         20
  234     173         95       3140       2399          0        199         20
  235     194         60      12139          0         60        228         10
  236      12         45       1481       6546          0         80         20
  237     106         81       5184         42         60        186         20
  238       5         36       1095          0          0        143         10
  239      18         22       2684          0          0        102         10
  240      81          8        254         86          0         85         20
  241      29         31       1680          0        120        284         10
  242      57         29       9626          0        120        190         10
  243     119         45         22          0          0        141         10
  244     111         65       3524       6652        360        492         20
  245      45         54       1677          0        120        294         10
  246       5        116       2268          0        360        520         10
  247      57        145       2633          0         60        215         10
  248     126         36         51        569        120        254         20
  249      65         12        287          0          0         72         10
  250      30         45        198          0        120        233         10
  251      53         69        817         90          0        143         20
  252      99        113        134          0         60        156         10
  253      15         81       1625          0        180        276         10
  254      98         46        101      14899          0         92         20
  255     145         38         40          0         30        156         10
  256      91         35       4009         41          0        172         20
  257      26        126       3808       1708        180        277         20
  258     102         49       4353       1293        150        286         20
  259      56         49       1691       6109        120        260         20
  260      88         63       2453         17         30        116         20
  261     109         65       1160       1863         90        253         20
  262      16          6       2550          0          0         86         10
  263      34         74       1589          0        150        274         10
  264     148        128       1544       1286         30        200         20
  265     122         34       1862         70         30        115         20
  266     102         47         56          0         60        229         10
  267       9         49         10       1737        120        191         20
  268      15         36       1121          0        210        276         10
  269      82         85       2110          0         90        197         10
  270       3         88      15000          0        120        230         10
  271      96         81       1570          0          0        130         10
  272     163        118       2063       4998         60        186         20
  273     106        143       1942          0         60        181         10
  274      28        122        563          0          0        135         10
  275     127        122       7628          0        120        278         10
  276     106         68       3813          0        360        514         10
  277     115         90       8548         88        150        286         20
  278     195         99       3484       2738        120        232         20
  279     135        121        172        566         60        196         20
  280      82         92       4707       1260        300        440         20
  281      12         30       6037       8963          0        103         20
  282     158        128         27       1673         60        235         20
  283      60        148       1697       5044         30        189         20
  284     164         85        630       5376          0        171         20
  285      97         24       2089          0        120        250         10
  286     112         74        350          0         60        182         10
  287      20        119       9298          0        120        206         10
  288     139         25       1956          0          0        176         10
  289      76         68        612        406        210        281         20
  290     130        148       1672          0        150        233         10
  291      65         32        147         49        120        201         20
  292      58         86         21       9756        150        289         20
  293     101        117       3956          0        330        441         10
  294      19         13        108          0         90        247         10
  295      48         83       1995      13005          0         99         20
  296      30         73       2255        840        150        287         20
  297      81        134       1348         82         60        155         20
  298     131         32       2471          0        300        432         10
  299      57         72        155          0        300        408         10
  300      41         79       1984       2822         90        197         20
  301      44        133        690        106        150        216         20
  302     132         48        526         24          0        134         20
  303      69         21       2988         37        120        196         20
  304      15         10        239          0         30        168         10
  305      31         13       1844        847        120        221         20
  306      62         46       1630       2155        300        397         20
  307     107         63        800       1174         90        243         20
  308     182        107         65        399          0        206         20
  309      70        126        143          0         60        170         10
  310      76          4       4633       8065          0         76         20
  311      48         47         97          0          0        132         10
  312      67         39        178      13912        120        188         20
  313     175         62        476          0         90        181         10
  314      95         66        265          0          0        149         10
  315     176         52       2360          0        300        472         10
  316      46         50        234       4176        120        284         20
  317     185         98       3330       1980         60        203         20
  318      88         54      11096          0         30        109         10
  319     130         44        237          0        120        229         10
  320     114         56       1924          0        150        277         10
  321      96         68       1183        233         30        191         20
  322      28         72       6093        365        120        196         20
  323     198         67         52          0          0        199         10
  324      76         76       5203         53          0        173         20
  325      20         39       2089       5003        150        253         20
  326      31         76       1982          0          0        164         10
  327      38         68       7844        348          0        107         20
  328      59         54      11876          0        390        459         10
  329      55         91        348       2453        180        289         20
  330     139        144        960          0         90        210         10
  331      53         37       5955       2429        120        290         20
  332     155         74        180          0          0        170         10
  333     125         88         46       2162        300        441         20
  334      71        107       3481          0         30        188         10
  335      10        116       1261          0          0        149         10
  336      58          2        324          0         30        200         10
  337     103         96        112       9040        150        289         20
  338     131        123       4519          0         60        194         10
  339     104         91       1115        109         90        161         20
  340     172         43        620        280         30        178         20
  341     109         75       5146          0         60        170         10
  342      59         85        345        668         30        108         20
  343      74        142       2500          0         30        161         10
  344       8         46        910        960          0         93         20
  345      74        119        540          0        150        227         10
  346      39        156         94         70        330        447         20
  347      76         44        234       1582        120        250         20
  348     151        123       1225          0        120        221         10
  349     160         78        606       1253        180        250         20
  350      27         76        563       7334          0        108         20
  351     132         61         15          0        120        265         10
  352     148         94      12593       2407        150        227         20
  353      85         71        338          0          0        149         10
  354      52         10         94         97        120        287         20
  355      87          8        240          0        120        260         10
  356     108         18        373       1719          0        141         20
  357      31        107        326       1156         30        201         20
  358      60         37         58      14448          0         65         20
  359     154        105       2024       1850        420        494         20
  360      85         76        465          0        150        278         10
  361      39         33        673        169        420        497         20
  362     164         90        344      14656        120        186         20
  363     137         37       2291          0          0        132         10
  364     116         49      14757          0        300        440         10
  365     121         32       2146         93         30        205         20
  366     151        120       2582          0        300        443         10
  367       5         14        439      14561        120        295         20
  368      66        117      10176        845          0        175         20
  369      42        127       2066      12934        120        248         20
  370      19         52       1360          0          0        166         10
  371      26        113        129          0         30        191         10
  372      95         84       3079          0         90        213         10
  373     150         46      10588          0         60        199         10
  374      34         63        152          0         60        225         10
  375      79        101        403        306        120        259         20
  376      33         70        712       2199         30        183         20
  377      64         90         81          0        360        493         10
  378      72          3       2977       2254          0        163         20
  379      36         20       2287        292        120        282         20
  380     105         62       2193          0        150        234         10
  381      68         95         50        538          0        122         20
  382      86         67        991          0          0         96         10
  383      17        119        170       2379        150        279         20
  384      73        157       5588        126         90        171         20
  385      42         14       1514          0          0        159         10
  386     123         63       1669       1523         30        186         20
  387      36        106       1722       6296        360        463         20
  388     131        104       6827          0        330        469         10
  389      34         98       1429          0         90        220         10
  390     133         37      13294       1706          0        127         20
  391     186         72       2562          0        450        526         10
  392     141         30        886          0         60        212         10
  393      85        128       6740       2399        120        299         20
  394     151         49        118       1291        180        247         20
  395      99        108         52        832         30        152         20
  396     191         57       1758       2206         90        201         20
  397      63        135       7890        890         60        226         20
  398     108        137        182       1571        180        286         20
  399     135         29       4413       2159         30        143         20
  400      51         47        233          0          0        102         10
