400_244

CUSTOMER  VEHICLE
NUMBER	  NUMBER     CAPACITY    DispatchingCost
    400     500          40000       100

CUSTOMER
CUST NO.  XCOORD.   YCOORD.   DDEMAND   PDEMAND   READY TIME  DUE TIME   SERVICE TIME

    0      41         23          0          0          0        960          0
    1      95         84       3947          0        210        271         10
    2      90        119       4742          0        120        256         10
    3      17         36        298        746        150        250         20
    4      59         54       4886       3022          0        163         20
    5       0         90       7975       4343        360        506         20
    6      31        101       1764         43        390        459         20
    7      44         78       1824        841        120        244         20
    8      98         46        101      14899          0         92         20
    9     130         90        233          0         60        204         10
   10     100         14       1850          0        120        263         10
   11     154         31        879        338        120        246         20
   12     164         90        344      14656        120        186         20
   13      32          5        585          0        120        246         10
   14      40        112       1854          0        390        460         10
   15     158         30         30          0        330        494         10
   16     121        120       1864          0          0        166         10
   17      17         89       1415          0         60        191         10
   18      35         23      11040        503        120        281         20
   19      91         84       3872          0         60        158         10
   20      35        124       6109        251          0        146         20
   21      78         10        112          0        120        199         10
   22     160         78        270          0        120        188         10
   23     120         33       1841       1896        150        222         20
   24      11         48       8280       1094         90        192         20
   25      96         82         90       3809         90        189         20
   26     110         92        300          0          0        159         10
   27     146         40         17          0        180        247         10
   28     180         65        672         19        150        279         20
   29      86         80        127        211         30        172         20
   30      36        106         73          0         60        140         10
   31     117         79       4099        671        330        475         20
   32      59        134       2995          0        300        470         10
   33      79        119        274          0        210        284         10
   34      52        130       1940       1003         60        164         20
   35      65         57         72       2160        120        253         20
   36      17        119        170       2379        150        279         20
   37     106         59        129        287        150        220         20
   38     141         68       3120          0        330        433         10
   39      20         78       3380      11620         90        171         20
   40      31          4       4408         12        330        490         20
   41     104         91       1115        109         90        161         20
   42      34         98        474         23         60        133         20
   43     155         24       1664       1500         30        201         20
   44     101        117         30        643         60        155         20
   45     114         56       1924          0        150        277         10
   46      29        110         55        432         60        199         20
   47      42         73        305          0        120        233         10
   48      11         34        715       1709          0        163         20
   49      68         96       2516        394         60        134         20
   50       2         17        257          0        120        250         10
   51     135         26       3579       2020         60        186         20
   52     139        104        363       3213        120        213         20
   53      46         46        105          0        150        275         10
   54     116         83        365          0        120        227         10
   55      30         54       1177        525        120        290         20
   56      63         48       1520       2363        120        255         20
   57      99        113        202          0          0        153         10
   58     146         88      10696          0         30        163         10
   59     154         27        443          0        300        426         10
   60      62         76       9568          0        300        429         10
   61      34         74       1589          0        150        274         10
   62     120        124       1602          0         90        183         10
   63     134         55       1993       3211        150        296         20
   64      60         37       1380          0        120        233         10
   65     139         18         43       2453        120        190         20
   66      44         51        349          0          0         72         10
   67      18         37         47         17        120        254         20
   68     179         61        227      14773         30        185         20
   69       7         33        300       6210          0        137         20
   70     101         97       3191          0         30        197         10
   71     104        109       3716          0         60        233         10
   72      21         80       1559        450        420        514         20
   73     158        128         27       1673         60        235         20
   74      46        128       1153       1000        360        522         20
   75      91         12       2290          0          0        134         10
   76     174        119       2449       2204        120        215         20
   77      47        141        257          0        300        408         10
   78      79         16      14945         55          0        154         20
   79     129         72       2012       1440         90        174         20
   80     117        100       6469       8004          0        157         20
   81     121         81       1570          0         90        223         10
   82     139        107       4140        182         60        172         20
   83      62        151       5376         22          0        187         20
   84      22         91        197          0        180        281         10
   85     155         35         90         20         60        165         20
   86     191         57       1758       2206         90        201         20
   87     161         87       1361          0          0        184         10
   88     171         80      14914         86        120        198         20
   89     193         91       1440       5669        150        225         20
   90     150         81         97        351        180        289         20
   91      78          6       6345       6106        120        248         20
   92      87         93         77          0        120        281         10
   93     150         46      10588          0         60        199         10
   94      44        133        690        106        150        216         20
   95     163         65       2020          0          0        177         10
   96      45         79       1104          0        150        227         10
   97     122         30       1750         48        120        247         20
   98      82         72       2382        526         30        199         20
   99      92        120       2713          0        150        226         10
  100      36         87        913      10752        180        297         20
  101      68         95       1511          0          0        119         10
  102     114         49       2303          0        150        228         10
  103      77         20       1976       8108          0        167         20
  104     135         23        213       3093        360        519         20
  105     197         70       7034          0        210        296         10
  106      31        128        343          0        150        251         10
  107      44        101       1242          0         30        183         10
  108      64        132        137          0         60        224         10
  109     104         39        228          0          0        130         10
  110       0          8       5321        105        120        223         20
  111     181         42       4565       2636          0        180         20
  112      45        126         61          0          0        154         10
  113      45         54       1677          0        120        294         10
  114      92         59       3425       8935        390        465         20
  115      61         76      13149          0        300        400         10
  116      83         25       2025         40          0        157         20
  117     127         93       3480        233        180        254         20
  118      60         49       1543         90         30        166         20
  119      14        122       2794       5189          0        137         20
  120      42        127       2066      12934        120        248         20
  121      55         67        252         43          0        112         20
  122     122        109         11          0         30        166         10
  123      35        109       2377          0        120        202         10
  124       9        114        525          0         30        190         10
  125      60        148       1697       5044         30        189         20
  126     124         96       1879          0          0        162         10
  127     150         49         57       2075          0        162         20
  128     111         70       5395       2706         90        173         20
  129     155         27       3282          0         30        205         10
  130     137         37       1924          0          0        147         10
  131     186        107       2703       5379         90        246         20
  132     183         61       6107          0        450        519         10
  133       7        117        610        100         60        189         20
  134      39         39       1802          0         60        204         10
  135     169        111       1118       3641        120        248         20
  136     191         51       3545          0          0        204         10
  137     120        129        100       8516        210        289         20
  138     136        148         64          0        210        279         10
  139       7        116        147       1749        120        281         20
  140      87        140       5361          0        210        279         10
  141      12         55       1489          0        330        424         10
  142     178         62       1822          0        390        529         10
  143     107        138        472       3161         60        208         20
  144      57         70       3068          0        120        217         10
  145     151         77       4561       1854         90        228         20
  146     112         75       5947          0        390        471         10
  147      83        141       1653          0        150        252         10
  148      85        128       6740       2399        120        299         20
  149       8         46       1713          0        180        266         10
  150      97         37       1253         95         30        153         20
  151      53         69        817         90          0        143         20
  152      86        102        531      14469        180        288         20
  153      13          8       1062          0        120        288         10
  154     195         59        736          0         60        200         10
  155      73        111        437      14563        330        453         20
  156      53        120        132        741         60        159         20
  157     109         94        292          0         30        172         10
  158     140        133       2982      10695         60        203         20
  159      44         71       3765         96        150        249         20
  160     181         73      15000          0        120        257         10
  161     104         55       4342          0        300        417         10
  162      69         22       7888       3483          0         63         20
  163      75         55       2917        363        120        281         20
  164     142         91       6861          0         90        256         10
  165      49        131       1598          0        120        186         10
  166      45         49       5376       2860          0        133         20
  167      99         37       1069          0          0        100         10
  168     184         71        335          0        120        196         10
  169      21         98       3613       6345        120        220         20
  170      66        135       2116          0         90        200         10
  171      66        117       1096          0        150        231         10
  172      73        157        383          0        300        456         10
  173      42        107       1530         99        120        238         20
  174      13         87       2832          0          0        124         10
  175      90        102       3642          0        390        518         10
  176      30        106       3753          0        150        219         10
  177      51         98       5190       6318        180        266         20
  178      48         46       3295       5889          0        146         20
  179     158         75       1639       1839         60        206         20
  180      90         47       2146          0        120        281         10
  181     109        146       4850       6304         60        190         20
  182      82         92        564          0         60        228         10
  183      56        114        587       1940          0        136         20
  184     129         24       1772       9984        300        461         20
  185      48         83       2181       2064        120        233         20
  186      53         45       1570          0          0        107         10
  187      64         90         81          0        360        493         10
  188      47         62        190          0        120        243         10
  189     113        121        221         44        180        251         20
  190     140        109         60          0         90        199         10
  191      60         13       2205          0        120        205         10
  192      10         15        283          0        120        283         10
  193      85        135        377          0        120        220         10
  194      82        131         14          0         60        223         10
  195      85         71        338          0          0        149         10
  196      82         12        151          0          0         97         10
  197     108         42      11329          0          0        109         10
  198      73         81       1936         35        150        261         20
  199     123         66       1816          0        330        410         10
  200      81         66        124          0         60        166         10
  201      34         33       6923          0          0         76         10
  202      28         81       4605          0          0        105         10
  203     142         28      14988         12        150        244         20
  204      38         68      15000          0        120        255         10
  205     125         79       1293       1492        300        410         20
  206     121         66       2147          0          0        167         10
  207      27         46       1424          0          0         86         10
  208     144         54       5306          0          0        146         10
  209     171         74       1026       6737        180        290         20
  210     115         31      12292         35        120        289         20
  211      32         73       3613       1893        360        487         20
  212      87          8        240          0        120        260         10
  213     160        101       2010          0          0        176         10
  214      86         76        670          0          0        120         10
  215      41         23          0          0          0        960          0
  216      87        130       3686          0         60        158         10
  217      25         47        468       1890        120        235         20
  218     142        136       2434        856        180        240         20
  219     166         28      11551        984         30        194         20
  220      20         98       1926          0         60        237         10
  221      40         30       1495          0          0        124         10
  222      42         14       2710          0         90        230         10
  223      96         81         56         17        120        204         20
  224      86         81       2042          0        300        442         10
  225      78          7       1618          0         30        115         10
  226     106         81       2116          0          0        128         10
  227      74         63       2340       8107        120        225         20
  228     119         55        124       5274          0        136         20
  229     126         36       2136        234        120        259         20
  230      22         77      15000          0         30        200         10
  231     112         47       4377          0        120        200         10
  232      96         68       1183        233         30        191         20
  233     163         77       6210       1909        210        272         20
  234     185        103       2736       5906        210        287         20
  235      64        119        103      14897         60        155         20
  236     173        111       5692          0        420        498         10
  237      67         91       2857       4092         30        203         20
  238       8         10        216       2069        150        286         20
  239      51          1       1367          0          0        130         10
  240      97         58      13022       1978        330        415         20
  241      15         52        136       2360        150        242         20
  242     164         70       1545          0        120        195         10
  243     176        126       5559          0          0        216         10
  244      98         10        165          0          0        133         10
  245     151        109       2331        785        120        188         20
  246     119         15       2659          0        420        480         10
  247      95         90        390       1647        120        235         20
  248      46        113        442          0          0        171         10
  249     188         79        566        126          0        216         20
  250      48        154       1498          0        120        205         10
  251      99        108       6709          0          0        142         10
  252     174         54       2139          0          0        172         10
  253     176         59       3726          0        150        283         10
  254      77         55        280       1511          0        110         20
  255      45         86       3936       3369         30        202         20
  256      57         29       1752          0        120        228         10
  257     141         30         31        277        120        232         20
  258      20        116       2331      12669        120        252         20
  259     195         84       2484          0         60        218         10
  260      96        112        291          0         60        234         10
  261      80         46         81          0          0        102         10
  262     115         96       3726          0         60        145         10
  263     131         83        315       1751         90        220         20
  264      46         18       1403          0          0        159         10
  265     179        114       2024        197         60        211         20
  266      53         57        538         68          0         75         20
  267     105         62       2193          0        150        234         10
  268     106         85        844          0         60        169         10
  269     170         36       1810         20         60        184         20
  270     101         81        196          0         60        224         10
  271      81         81       6248       2011          0        134         20
  272     121        129       1783          0        420        536         10
  273      36        153        203        144        390        475         20
  274     115         81       2084          0          0        142         10
  275     111        131         82       1349        150        234         20
  276     125         88         46       2162        300        441         20
  277     120         78       4018       3401        330        482         20
  278     106        125       3447          0         60        153         10
  279     109         64      14768        232         30        131         20
  280      48         47       2496       5873        210        279         20
  281      82         90       1382      13618         60        201         20
  282      85         52         67          0        120        248         10
  283     150         79         92        301         60        226         20
  284      95         66        265          0          0        149         10
  285     148         94      12593       2407        150        227         20
  286     107         61       2635          0          0        169         10
  287     134         73        233        192          0        162         20
  288      37         14        894          0        120        259         10
  289     122         34       2224          0        120        223         10
  290     103        128       4840       1094        120        294         20
  291      71        131        146        655         90        198         20
  292      77          6       2198          0          0        100         10
  293      70         76         19      11041          0        104         20
  294     145        124        149          0          0        191         10
  295      35          8        130        263        120        294         20
  296      32        112        584          0         30        174         10
  297     135        136        303          0          0        197         10
  298      40        155        117          0          0        176         10
  299     158         73        166          0          0        174         10
  300      88         87       9970          0        180        279         10
  301     111         54         13        436          0        168         20
  302     197         58         60         56          0        214         20
  303      14         34        456          0        120        280         10
  304     120        109         22       1769         60        170         20
  305      28         34         85          0          0        132         10
  306      46        116        290          0        180        280         10
  307      30         45      12886          0        420        492         10
  308     170        137       1498      13502         90        218         20
  309     176        111       1654          0         90        220         10
  310      43         16        992       1009        120        292         20
  311      65         12       3769          0          0         80         10
  312     122         83       1952          0        180        277         10
  313      29         81         33       4814         60        189         20
  314     122        101       1641          0         30        166         10
  315     113         71       5854       3098        300        427         20
  316      19          8       1293       1888        150        246         20
  317      15         54         12        107        180        278         20
  318       5         14        439      14561        120        295         20
  319      32         56        182       1771        120        271         20
  320     108        105       3878          0        210        279         10
  321      57         94       1829          0         90        233         10
  322      87         69        696       8189        150        256         20
  323     103         55         62          0          0        142         10
  324     156         42        432         72        300        408         20
  325     196         74       1716       1860        120        211         20
  326     168         49       2348      12652         90        168         20
  327     150         53       3160       1628        120        251         20
  328     186         73         74          0         60        190         10
  329      26        126       9670       1506        330        457         20
  330     176         52       2360          0        300        472         10
  331     150        140         35          0        120        296         10
  332      86         67        991          0          0         96         10
  333     130         44        237          0        120        229         10
  334     103         56       4371       2547        300        475         20
  335      34         63        152          0         60        225         10
  336      64        137       1077       1708        360        530         20
  337      19         98       5993          0        330        470         10
  338     160         74       8312          0         60        171         10
  339      86         52       1738          0          0        130         10
  340      70         55        181          0          0        147         10
  341     151        107      12718         82        330        454         20
  342     172        108        183          0         30        202         10
  343      61         31         55       1184        120        253         20
  344      10        117       1817          0          0        149         10
  345      84         78       6367        925          0        160         20
  346     108         21       1251       1015          0        118         20
  347     153         48        280          0         90        171         10
  348     155         90       2119          0        120        258         10
  349     104         81       5116       4558        120        202         20
  350      25        117      14638        287          0        134         20
  351      74         85       1824       1068        360        443         20
  352      81          8       1000        363        300        394         20
  353      68          2        198        181          0        115         20
  354     166         83         90       2569          0        183         20
  355      73         55         20      11550        120        292         20
  356     139         70       1661          0        150        255         10
  357     195         99        192          0         60        213         10
  358     120         97         25          0         60        171         10
  359     101         85       1800          0          0        127         10
  360     159         75       7375          0        330        468         10
  361     125         29       4183        151        450        535         20
  362     142        124       3269          0        120        281         10
  363      40         67       9378          0          0         95         10
  364      61         49       1523          0        150        242         10
  365      63         52        656          0        150        284         10
  366      28         74        178          0         30        198         10
  367      68         94       2410        333         60        164         20
  368      45         78        146          0         90        165         10
  369      40        133       1587       5873         60        158         20
  370      21         40         48          0        120        196         10
  371     130         68       1514          0          0        140         10
  372     160        118         65       1669         60        227         20
  373     103        127       4593       2410         60        157         20
  374     143        112       2682        236        360        469         20
  375     168         96       2000        101          0        192         20
  376      96         87       1842        147        450        527         20
  377      76         78       7643          0         90        229         10
  378      69        134       1438         28         90        203         20
  379      93         68       2493          0         30        147         10
  380     104         70        513       4698         60        165         20
  381      23        110        406          0        300        412         10
  382      15         37         90       6257        180        253         20
  383     112        138      14049        878         90        173         20
  384     121         45        684          0          0        118         10
  385      85         46      13520          0          0        164         10
  386      27         22       1614       1875        330        400         20
  387     158         24       8394        614        120        284         20
  388      52         10       3033          0        300        425         10
  389     142         35        252          0        180        260         10
  390     100         19        427       5297        120        227         20
  391      62         56         21          0          0        155         10
  392      36         72       2498        527        300        437         20
  393      73         92       5409        719         60        236         20
  394     130        122       9733          0        150        257         10
  395      55        104        169       1793         30        190         20
  396      68         21       3467          0        120        254         10
  397     109         75       1710        193         30        155         20
  398      36         20        110        718          0        176         20
  399     177         48         15          0          0        183         10
  400      92         84       1940       2028        420        522         20
