400_258

CUSTOMER  VEHICLE
NUMBER	  NUMBER     CAPACITY    DispatchingCost
    400     500          40000       100

CUSTOMER
CUST NO.  XCOORD.   YCOORD.   DDEMAND   PDEMAND   READY TIME  DUE TIME   SERVICE TIME

    0      41         23          0          0          0        960          0
    1     152         75       1838       1919        120        224         20
    2      24        100       4040          0        150        250         10
    3      80         11      15000          0          0         73         10
    4     109         98       2338       2432        120        246         20
    5      98         99       3156          0          0        148         10
    6     112         36         57          0        120        266         10
    7      51         47        233          0          0        102         10
    8      35         97        196          0         90        170         10
    9     133         89       5152        235        120        285         20
   10      83         25       2025         40          0        157         20
   11     195         59       1733          0         30        202         10
   12      82         12       2968          0          0        175         10
   13     150         20       3561          0        120        197         10
   14      88         16        700          0          0         96         10
   15     176         59       3726          0        150        283         10
   16      52         46       2445       1778          0         66         20
   17      73         55         20      11550        120        292         20
   18      85         77        259       1035          0        175         20
   19     196         74       3743          0        210        292         10
   20      53        120        132        741         60        159         20
   21     176         46       2784        182         90        183         20
   22     155         74        180          0          0        170         10
   23     124        136        994          0         60        188         10
   24      10         15        283          0        120        283         10
   25     179         48         45      11000         90        189         20
   26     122         30       1750         48        120        247         20
   27      82         72       8065          0        120        265         10
   28      27        127       6599          0        300        414         10
   29     170         65      14449          0         30        177         10
   30      75        130        340          0         90        163         10
   31      99         58       3995        140        300        401         20
   32     100         78        126          0        120        193         10
   33      82          9        483          0        120        247         10
   34     117        146        498          0        180        249         10
   35     122         83       2054          0        180        253         10
   36     120        124       1602          0         90        183         10
   37     116         94        181          0        120        203         10
   38     122         77        442        345        120        188         20
   39     167        147        140         87         60        233         20
   40      53        153         46          0         90        175         10
   41     105         62       2193          0        150        234         10
   42      59         14       2558         67        120        248         20
   43      78         84       1819         76         90        260         20
   44      62        151       5376         22          0        187         20
   45       4         16       2745      12255        150        230         20
   46     113        121        221         44        180        251         20
   47     110        119       4225          0        180        249         10
   48      87        140       2695       3645        150        220         20
   49      29        130       1851       2076         30        160         20
   50     160        127        157          0        300        440         10
   51      47        125       4866       6351         30        156         20
   52     181         73       1888          0         30        192         10
   53      55        102         15          0          0        129         10
   54      15         37         90       6257        180        253         20
   55      52         62       8107       3808          0         77         20
   56      23         35       3072       5533         30        151         20
   57     177         74       2400      11095        120        187         20
   58     109        122         23       6880        120        190         20
   59      82         56        213          0          0        102         10
   60      91         72        129          0         90        230         10
   61     166         28      11551        984         30        194         20
   62      61         30         40          0        120        292         10
   63      58         88        422       1246        150        294         20
   64     146        129       4764       1829         90        203         20
   65     132         43       7489          0          0        166         10
   66      79         16        548          0        120        259         10
   67      43         16        992       1009        120        292         20
   68      23        141       2280          0        150        231         10
   69     158         71        370          0          0        169         10
   70      62         17        162       2237        300        435         20
   71      66        135       2116          0         90        200         10
   72     103         55         62          0          0        142         10
   73      30         45        198          0        120        233         10
   74     142        136       8188        204         60        190         20
   75     148         47       1068       9983          0        148         20
   76     142        124        720         23        120        254         20
   77     155        145        396          0         30        204         10
   78     153        122        284       3327         90        200         20
   79      29         81       1158          0         30        160         10
   80      52        152       3862          0        180        245         10
   81       8         81        232         34        120        191         20
   82      96         86       4827          9        120        256         20
   83      69         21       2988         37        120        196         20
   84     133        102       3993          0         30        171         10
   85     102         78       8295          0        120        222         10
   86       7         33       2495        190          0         98         20
   87      44         47      13065          0        150        280         10
   88      48         74       4997          0        360        489         10
   89      47        129        171          0         60        154         10
   90      63        135       7890        890         60        226         20
   91      10         48         25         20        120        230         20
   92      39         33        673        169        420        497         20
   93      90        119       4742          0        120        256         10
   94     102        100       1673          0        120        249         10
   95      57         91        197       3956        390        532         20
   96      29        101       2168         29         30        159         20
   97      87        113       6124          0        120        229         10
   98     139        144        960          0         90        210         10
   99      57         94       5245        902         30        136         20
  100      93        152       6160          0         30        195         10
  101      42        125       1889          0        120        194         10
  102     160        118       6111       1029         90        224         20
  103     106         82       1914          0        120        193         10
  104      40         86       6622       8378        450        525         20
  105     151         82         39          0        150        259         10
  106     110         98        255          0         30        131         10
  107      16         62         77       8312        120        241         20
  108     183         79         57          0         60        220         10
  109     136         72       1950         36        120        293         20
  110     154         39       2164          0          0        164         10
  111     152         91        170          0        120        197         10
  112      45         49        112          0        120        275         10
  113     107         70       6738          0        360        463         10
  114     160         77       1715          0          0        183         10
  115      83         64        259         54          0         95         20
  116      17         36       1330         14          0         99         20
  117      55         91       4855          0        120        235         10
  118      68         73         36          0        150        251         10
  119      15         36       1121          0        210        276         10
  120     107         85       1526       8945        120        232         20
  121     186        106       9756          0        120        221         10
  122      47        141        257          0        300        408         10
  123      30        106       3753          0        150        219         10
  124     170         82       4985          0        120        219         10
  125     101        117       2024         28          0        151         20
  126     103         95         75      10994         90        222         20
  127     151        123       9812       5188        360        535         20
  128      91        122        228          0         60        190         10
  129      86         67        991          0          0         96         10
  130      15         10        239          0         30        168         10
  131      59        134       2995          0        300        470         10
  132     178        101        248          0         60        190         10
  133      86         52       1157          0         90        251         10
  134      66        117       1096          0        150        231         10
  135     120        109         22       1769         60        170         20
  136      78          7       1210        450         30        145         20
  137      22        101         82      14918         60        137         20
  138      85         74       3146        252        150        233         20
  139     198         67         52          0          0        199         10
  140      98         63       5465        451        330        494         20
  141     191        100        149        279        120        285         20
  142     158         75       1639       1839         60        206         20
  143     132         36       1052          0        120        198         10
  144      67         39        178      13912        120        188         20
  145     150         81         97        351        180        289         20
  146     125        102         61          0          0        167         10
  147     121         71       2620       5274          0        126         20
  148      76         31        206      14794          0        166         20
  149      66        109       4511          0        420        525         10
  150     130         52       2295          0        390        472         10
  151     123         72        941       1885         60        196         20
  152      95         82       2682          0        120        265         10
  153      54        117         53       5147        120        235         20
  154      20         98       1926          0         60        237         10
  155     126         89       1838        339         30        207         20
  156      90         16       1667       4478         30        198         20
  157     142         35       6869          0        150        294         10
  158      38         73       1018        562        150        294         20
  159      34         67       2009        514          0         86         20
  160      68         95         50        538          0        122         20
  161      91         95       1931        924         30        144         20
  162      20        119         90          0        180        249         10
  163      66         86       3604          0         90        173         10
  164     118         94       3792          0        120        202         10
  165     120         78       4018       3401        330        482         20
  166     108        105       3878          0        210        279         10
  167     120         85        853       2631          0        163         20
  168      58         79       2086       1894        360        458         20
  169      33         69         72          0          0        128         10
  170     179         61       1605       5657         90        180         20
  171      96         68        840          0          0        137         10
  172      88         71         70       1644        420        487         20
  173     135         78       1444       5113        120        224         20
  174      42         52       1802          0          0        145         10
  175     168         49       2697       2025          0        168         20
  176      87        130         12          0         30        164         10
  177      55         67       2489          0        150        227         10
  178     121         73         21          0        300        459         10
  179     126        132       1749       1716         60        228         20
  180      73        113        524       3301        180        286         20
  181     100         67      12718          0          0        141         10
  182      86        135      15000          0          0        164         10
  183      30         42      11298          0        150        212         10
  184      36        146        280       3622         60        189         20
  185     176        126       5559          0          0        216         10
  186     147         22       3684          0        300        434         10
  187     154         27        443          0        300        426         10
  188      97         24        618        175          0        144         20
  189     127        122         14          0        120        266         10
  190     164         90        344      14656        120        186         20
  191      16         10      10906       4094         30        169         20
  192     125        103        998       2362        150        279         20
  193     101         97         17         91          0        133         20
  194      68         94       4472       1951        120        198         20
  195     100        101        290          0         90        253         10
  196     116         49       3116       4606         30        172         20
  197      46         52       4362        227          0         80         20
  198      11         19       5746        781        300        400         20
  199     100         29       3137        668          0        114         20
  200      64         90         81          0        360        493         10
  201     115        114       1889          0        120        206         10
  202     180         58       3535         63          0        196         20
  203     175        124       9326          0          0        214         10
  204     169         82        150         17        120        225         20
  205     148         30       1881       2382         90        218         20
  206      69        134       1305          0        180        259         10
  207     127         93       3266          0         30        163         10
  208      50         64       1747       2222         90        160         20
  209      21         40       3810          0          0        140         10
  210      11         47       6799          0        120        288         10
  211     141        142       2973        620         60        236         20
  212      98         69       1568          0        120        256         10
  213      91         84        464          0          0        127         10
  214     171        104        123          0         60        225         10
  215      96         66       7052          0        150        258         10
  216     116         85         40          0        330        498         10
  217       6         12       1818          0         30         97         10
  218       3         88      15000          0        120        230         10
  219     154         76       5420          0        180        283         10
  220      35        109       2377          0        120        202         10
  221      11         33       4619          0         30        108         10
  222     143         31        112          0        300        434         10
  223      46         50        234       4176        120        284         20
  224      88         63       2453         17         30        116         20
  225     130        148       1951          0        330        432         10
  226      80         46       5532          0          0        136         10
  227      38         96       3676       2220        330        499         20
  228      29         38       2338        449          0        138         20
  229     188         95        130        385          0        214         20
  230     116         75         63       5651         30        135         20
  231      52          0        487          0        120        228         10
  232     121        120        603      14397         90        164         20
  233      88        127       4289          0         30        203         10
  234     104         81       5116       4558        120        202         20
  235     132         62       4261          0          0        136         10
  236      80          5         70          0        150        276         10
  237      49         88        400       1494        120        225         20
  238     188         83      14970         30         30        210         20
  239      27         73       2173          0          0        100         10
  240      77        120       1854       2136          0        144         20
  241     127         52        301          0         30        156         10
  242     132        144       4836        131        300        401         20
  243     151        120       2582          0        300        443         10
  244      81         23      15000          0        330        401         10
  245     142        131       1723        563        330        459         20
  246     103         96         20       1989        150        281         20
  247      73         81       3084          0         30        141         10
  248      84         78       6367        925          0        160         20
  249     163        111       1648       5955        120        258         20
  250     170        118       1758          0        390        454         10
  251      32         74        960       1273        120        220         20
  252      79        101        403        306        120        259         20
  253      82         92       4707       1260        300        440         20
  254      78         74        999          0          0        124         10
  255     141         58       4199       2130        360        473         20
  256     181         68       1149          0         90        185         10
  257      15         81       3726       2012          0        103         20
  258      36        106        805       1798        120        231         20
  259     150        131       1010          0        180        250         10
  260     108         38       1929       1123        120        204         20
  261     112         20       8802          0        360        539         10
  262      53         61       7335        178          0         76         20
  263     174         54       2139          0          0        172         10
  264      76         78       1637       4697         30        108         20
  265     127        105       1265          0         30        192         10
  266      73        123         13       8002         60        151         20
  267     147        113       1183        841        300        440         20
  268     141         70        269         12        330        458         20
  269     128        111       2939          0          0        162         10
  270     173         95       4225       6623         90        201         20
  271     102         93       2636       9336        180        295         20
  272     152        146        505          0         90        231         10
  273       6         26        103        338         30        167         20
  274      77        132       2764          0        120        257         10
  275     113         37         38       1293          0        132         20
  276      73         92       5409        719         60        236         20
  277      88         72        795        661         60        187         20
  278      86         99         17        389         30        138         20
  279      77         55        280       1511          0        110         20
  280      24        109       1096        166        390        459         20
  281     153         75       6006          0         30        178         10
  282     157         59         52          0         90        166         10
  283     198         85       1522        586        120        259         20
  284      19         98       5993          0        330        470         10
  285     167         57       3868        200         60        201         20
  286      71         91        672        305          0        125         20
  287      78          6       2902       1882        120        196         20
  288     142         59        291          0         30        172         10
  289      38        113        470       2221         60        207         20
  290     133         70        282      14718          0        151         20
  291      56        103        362         37          0        132         20
  292     195         84         17          0          0        215         10
  293     101         85        431       3769        420        521         20
  294     122         34       2224          0        120        223         10
  295     106         55       4592          0        120        293         10
  296      88         54       1037       7180          0        101         20
  297      61         31         55       1184        120        253         20
  298      16         35         87      10255         30        115         20
  299      46        128       1153       1000        360        522         20
  300     153         48        280          0         90        171         10
  301      14        122        684          0        330        435         10
  302      84         66       3127          0        300        434         10
  303     116         65       2686         62          0        140         20
  304      99        113        202          0          0        153         10
  305     120        129       7679       6372        180        276         20
  306      80         64        414          0          0         99         10
  307      21         23       4100       1571          0        108         20
  308      29        110         55        432         60        199         20
  309     130        122       4586       1802        360        521         20
  310      62        154       5309          0        180        273         10
  311     194         97        122          0          0        214         10
  312     170        139       2300          0        180        263         10
  313      57         70       3068          0        120        217         10
  314     194         80       1352          0          0        205         10
  315      87         69         16          0        120        230         10
  316       8         43       2143          0        120        262         10
  317      70         46       3340          0        300        461         10
  318     121        129       1491          0         90        263         10
  319      35          8        130        263        120        294         20
  320       4         23        236        920        120        223         20
  321     110         49         60       2379         90        245         20
  322     132         44       3422          0        210        282         10
  323      70        119       3059          0          0        148         10
  324     193         91       1440       5669        150        225         20
  325     171         80      14914         86        120        198         20
  326      57         45        202        137        120        186         20
  327     123         52        138          0        210        273         10
  328     173         87       5332          0        300        410         10
  329     176        111       6331          0        150        293         10
  330      62         76       3624        766        150        236         20
  331     173         85       4842        248         60        183         20
  332      47         96        920          0        210        283         10
  333     100         53        137       1460          0        110         20
  334      47        137         33          0        120        298         10
  335      66         63        617        672        360        469         20
  336      16        118       7875       2080        390        525         20
  337     198         79       1205          0         90        203         10
  338      91         35       4009         41          0        172         20
  339      91         65        268          0         90        204         10
  340     113         64       5953          0          0        142         10
  341     112         74        347          0          0        138         10
  342     170        137         53          0         60        216         10
  343     112        138      14049        878         90        173         20
  344     131        104         65          0         30        166         10
  345     129        122       1595       1221        210        279         20
  346      67        115        280       8547         60        199         20
  347      96         81       6831          0        120        198         10
  348      34        149        924          0         30        163         10
  349      87         93         77          0        120        281         10
  350     173        111       5692          0        420        498         10
  351      22        151        380          0         60        177         10
  352      36         20        110        718          0        176         20
  353      40        155        117          0          0        176         10
  354      60         10       2247          0          0         93         10
  355      53         69         82       2826         90        194         20
  356      96        118        111          0         30        172         10
  357      23          9       1198          0          0        109         10
  358     174         66         54       2020         90        226         20
  359      54        104        194      14806        120        186         20
  360      91         55       6953          0          0        131         10
  361      22         15         90          0         30        174         10
  362     133         37      13294       1706          0        127         20
  363     122        109       1098       3238        180        286         20
  364      88        106       5334          0        420        526         10
  365     190         58       1529          0          0        199         10
  366     114         27      13557       1443          0        122         20
  367      36         87       9982         43         30        165         20
  368     101         20         13          0          0        101         10
  369     169         49       5959          0        180        287         10
  370      69         90       3243          0        390        495         10
  371      22         92         22        356          0        118         20
  372     113         48       2963        624        300        410         20
  373      16          6       2550          0          0         86         10
  374      45         54       1677          0        120        294         10
  375      46         18        392          0          0        105         10
  376       6        114       1582          0         90        263         10
  377     142        126        968         17         30        179         20
  378      44         49       2711          0        120        291         10
  379      85         46      13520          0          0        164         10
  380     120        149       3823       1756        300        392         20
  381      55        104        169       1793         30        190         20
  382     160         56      13442       1558         90        220         20
  383     119         55        124       5274          0        136         20
  384      44         48        922      14078        390        486         20
  385      29        114      11268          0          0        149         10
  386      64        119        381        180          0        148         20
  387      18         11        335          0          0        109         10
  388     132        121       1538       2076         90        185         20
  389     146         56       1613          0         60        174         10
  390      65         74       2221        200        180        272         20
  391      36        143       1200          0         60        213         10
  392       1         19        633          0        120        225         10
  393      30        155         18       6217          0        169         20
  394     103        124        181          0        180        286         10
  395      81         75       2086          0         60        174         10
  396     162        118       2536          0        120        284         10
  397      34         65       3800          0        420        522         10
  398      72          3       5874       5907        120        259         20
  399      89         60       1136          0        420        513         10
  400     108         35       1516        169        120        214         20
