400_260

CUSTOMER  VEHICLE
NUMBER	  NUMBER     CAPACITY    DispatchingCost
    400     500          40000       100

CUSTOMER
CUST NO.  XCOORD.   YCOORD.   DDEMAND   PDEMAND   READY TIME  DUE TIME   SERVICE TIME

    0      41         23          0          0          0        960          0
    1     140         38        393       2089          0        150         20
    2     147         61       1269          0        420        495         10
    3     119         15       2659          0        420        480         10
    4      88         67       3417        697        390        526         20
    5      11         33       2028          0        120        246         10
    6      92         35       2586       1748        120        229         20
    7      83         86         89          0         90        182         10
    8      40         67       1644          0        450        523         10
    9      93         68       2493          0         30        147         10
   10     199         60        253       1149        180        248         20
   11     142         28       3591          0        420        531         10
   12     147        113       1183        841        300        440         20
   13      11         34        715       1709          0        163         20
   14     141         30         31        277        120        232         20
   15     113         64        311          0        150        291         10
   16      96         87       1842        147        450        527         20
   17      85        102       2066        249         60        202         20
   18      42         16       2135          0        120        252         10
   19      39        156        179       3625          0        176         20
   20      36         87       9982         43         30        165         20
   21      41         23       1777          0        120        288         10
   22     139        107        481          0        120        230         10
   23      85         76      13438          0        300        434         10
   24      10        116       1261          0          0        149         10
   25     162        117       2284          0         60        219         10
   26     111         70       5395       2706         90        173         20
   27      46         18       1403          0          0        159         10
   28     118         86         13          0        360        498         10
   29     145        124        149          0          0        191         10
   30      41         73       1594          0          0         97         10
   31      34        136         68          0        120        204         10
   32      55         65       4554          0         30        168         10
   33      17        126         84          0         30        150         10
   34      27         73       2173          0          0        100         10
   35     161         35       5373          0        360        441         10
   36     158         71       3592        231          0        160         20
   37     115         81       2084          0          0        142         10
   38     111         41        503         55        150        291         20
   39      16         10      10906       4094         30        169         20
   40      48        138        127          0        120        233         10
   41      73         92       5409        719         60        236         20
   42      91         65        268          0         90        204         10
   43      96         36        517       1205         90        264         20
   44     176         71       2484          0        120        274         10
   45      19         90        912          0        180        252         10
   46     172        108        183          0         30        202         10
   47      89         84         46       1461         60        169         20
   48      36        106       1722       6296        360        463         20
   49      88         72        795        661         60        187         20
   50     132         56       3585          0        120        215         10
   51      57         29       1752          0        120        228         10
   52      57         91        215          0        120        253         10
   53      82         74        556          0         90        164         10
   54     146         40         17          0        180        247         10
   55      66         71        920          0        210        274         10
   56     106         66         82       1254         30        183         20
   57     156        115       1299        588        120        296         20
   58     119         33        108         80        150        220         20
   59      90        124         22          0        120        291         10
   60      60         37       1380          0        120        233         10
   61      42        125        199       1517         60        233         20
   62      73         65       1739       4416        120        231         20
   63     139         91       2344       1685        150        245         20
   64     121        129       1783          0        420        536         10
   65      77         55        280       1511          0        110         20
   66      46        113        442          0          0        171         10
   67      78         35        821       1711          0        108         20
   68     132         27        922          0          0        140         10
   69      32          5        585          0        120        246         10
   70     115         90       8548         88        150        286         20
   71     109         98        382       5735         30        141         20
   72     101         81         40        319        120        263         20
   73     185         44        233        984        150        256         20
   74     154        131      10211       4789        180        289         20
   75     132         93       5072          0         90        212         10
   76      68         86        211       5088         60        201         20
   77      83         99         78          0         30        137         10
   78     108        151      15000          0        300        395         10
   79     104         91       1115        109         90        161         20
   80     100         84       2429          0          0        123         10
   81     180         65       1322          0         90        232         10
   82      70         55        181          0          0        147         10
   83     119         11       2041          0          0        132         10
   84      25        117      14638        287          0        134         20
   85      82         99        454       5804        180        275         20
   86       8         10         42       8254        150        292         20
   87     100         53        137       1460          0        110         20
   88      90        111       1208       9251         60        161         20
   89     117         63       4027       1999        120        279         20
   90      21          7       7043        123          0        161         20
   91     132         43         85       1833         60        194         20
   92      34         79       1777       1839        300        412         20
   93      38         96        576        433        180        244         20
   94      81        134       1348         82         60        155         20
   95      73         81         86        312        150        293         20
   96     105         68        177        145         30        143         20
   97     100        101        290          0         90        253         10
   98      31        128       3008        982          0        138         20
   99      75        156        695       5746         60        199         20
  100     152        110       6086         34        180        248         20
  101     113        121        221         44        180        251         20
  102     142        136       8188        204         60        190         20
  103     145        114       8961          0        420        494         10
  104      86         76        236        288         90        231         20
  105     183         79         57          0         60        220         10
  106      16         62       4458          0          0        103         10
  107      23        118       6397          0         60        201         10
  108      53         37       1685        404        360        499         20
  109     198         79       3403          0         60        222         10
  110      19        124       6407        627        120        283         20
  111      62        151         60          0        180        264         10
  112     148         46         70          0         30        160         10
  113     153         48        280          0         90        171         10
  114      60         60       2066          0        120        196         10
  115      15         54         12        107        180        278         20
  116     102         93       2828       1365        360        427         20
  117     132         44       3422          0        210        282         10
  118      29         35        280          0          0        128         10
  119     164         70       1545          0        120        195         10
  120     125         51       2157          0        120        281         10
  121      65        100       1999       2382         60        161         20
  122     131         83        299          0         60        155         10
  123      41         74        113         41         30         99         20
  124      16        122        679          0        150        261         10
  125     162         63        310       3296        390        526         20
  126      83         25       2025         40          0        157         20
  127      62        154       5309          0        180        273         10
  128      24        100       4040          0        150        250         10
  129     127        122         14          0        120        266         10
  130     170         82       1975       9336         90        250         20
  131      67         39        178      13912        120        188         20
  132      33        113        106       7832        120        190         20
  133      95         87         33          0         30        133         10
  134     151        143        783         35        150        291         20
  135     112         74        350          0         60        182         10
  136      20         78       3380      11620         90        171         20
  137      25         47        468       1890        120        235         20
  138     166         28      11551        984         30        194         20
  139     121         85        191        147        360        438         20
  140      43         16       3023        129        120        231         20
  141      70         51        396          0         60        228         10
  142      84         78       2544          0         60        190         10
  143      73         43         75       1067        120        284         20
  144      35          8        130        263        120        294         20
  145     197         58       2012          0          0        192         10
  146      93         50        710      14290          0         98         20
  147     100         23        730          0          0        133         10
  148       7         28         13          0         30        187         10
  149     145         38         40          0         30        156         10
  150     160        131         29          0        180        290         10
  151     124         79         74          0        120        250         10
  152     170        137       1498      13502         90        218         20
  153       3         94       4474          0        330        402         10
  154     102         47         56          0         60        229         10
  155      47        129        150       1117         60        151         20
  156      34        149       1526       3958         60        216         20
  157      93         65        975          0        120        188         10
  158     108         21       1251       1015          0        118         20
  159      73        157       1944          0        180        263         10
  160      30        155       1745       2364        120        269         20
  161     116         83        365          0        120        227         10
  162      42        127       2066      12934        120        248         20
  163       7        117        610        100         60        189         20
  164      82         85      15000          0        120        227         10
  165     125        103        101       1261         90        233         20
  166     131         89         49          0        120        184         10
  167      17         36        524          0          0        104         10
  168     146         33        127          0         60        232         10
  169     144         54       5306          0          0        146         10
  170     115        114       2497       2138        150        280         20
  171      98         69       1568          0        120        256         10
  172      21         23       4100       1571          0        108         20
  173      91         72        141          0        120        291         10
  174      55        116       3785          0        150        257         10
  175     150         70       3899        511        300        469         20
  176      39          4       6177        873        330        456         20
  177     132         61         15          0        120        265         10
  178      97         84       3915       6296         90        249         20
  179     102         87       2047        179        120        259         20
  180     145         69         44          0         30        143         10
  181     188         95       2958          0        120        232         10
  182     137         49        173          0          0        158         10
  183     183        102       2558        334        120        228         20
  184      15          3        841       1915         30        187         20
  185     175         51       9905        298        300        435         20
  186     158        142         94          0         90        201         10
  187      90         74       1490          0          0        111         10
  188      55         16        739          0        360        507         10
  189      74         63       2340       8107        120        225         20
  190      65         12        287          0          0         72         10
  191     125        102         61          0          0        167         10
  192      76         78       7643          0         90        229         10
  193     121         81         92          0         60        173         10
  194     162         96       1169       6106        210        278         20
  195     168         49       2697       2025          0        168         20
  196     111         54       3504          0          0        113         10
  197      75         55       2917        363        120        281         20
  198      32        100        150       6079        150        220         20
  199     130         44         30          0         60        234         10
  200      52         46       2445       1778          0         66         20
  201     187         93        703          0        120        225         10
  202      57        145      13910          0         60        190         10
  203     142        131       1682          0        120        180         10
  204      64         12       1443          0          0        143         10
  205      32         43       3449          0        120        261         10
  206     101         20         13          0          0        101         10
  207      17        119        170       2379        150        279         20
  208      53         45         31          0         30         95         10
  209      89         56        625       1959          0        116         20
  210     177         48        264          0        120        283         10
  211      52         63       2572          0         90        232         10
  212      52         28       8254       2295        420        513         20
  213      71         19         17        443          0        140         20
  214     126         73       5113          0         30        168         10
  215      15         41       2076          0        120        262         10
  216      69         24       3234        160        120        282         20
  217     185         98       2153          0         30        214         10
  218       6         26        103        338         30        167         20
  219     112         75       5947          0        390        471         10
  220     101        117         30        643         60        155         20
  221      89         79        987         92         60        167         20
  222      79         16        706       6211        360        441         20
  223     169         82        150         17        120        225         20
  224      99         74       3110       1521        120        197         20
  225      85        128       6740       2399        120        299         20
  226      29         38       2338        449          0        138         20
  227     135         23        213       3093        360        519         20
  228      45        147       1805        111        120        191         20
  229     134         73        233        192          0        162         20
  230      63        150         15       1030        330        403         20
  231      66        152       3277         72          0        161         20
  232      48         56       1950          0          0        162         10
  233     103         96        112       9040        150        289         20
  234     101         85       1800          0          0        127         10
  235      94         69        107          0        150        254         10
  236     147         57       1502       7667        360        522         20
  237      57         72        155          0        300        408         10
  238      95         82       2682          0        120        265         10
  239      43        122         40          0         90        165         10
  240      40         29        860          0        120        283         10
  241      91         70        763          0        120        218         10
  242     163         22       5394         85          0        176         20
  243      79          7       2256          0        120        196         10
  244      70         72       2362        180          0        108         20
  245      34        106        384        417          0        148         20
  246     169         76         21          0         30        185         10
  247     142         91        108       4191        120        287         20
  248      40        155        117          0          0        176         10
  249      43        136      12933          0        390        500         10
  250      29        130       1851       2076         30        160         20
  251      82        131         14          0         60        223         10
  252       5        113       1464      10147         90        248         20
  253     123        124       6744          0        330        442         10
  254     134         33        760          0        360        429         10
  255     196         74       3743          0        210        292         10
  256       5        116       2632          0         60        225         10
  257      74         66       2529          0          0         94         10
  258      12         15       1272          0         90        189         10
  259     123         54      12556          0        150        238         10
  260      48         46       1206          0        330        504         10
  261     131        104       6827          0        330        469         10
  262     199         74        336          0          0        208         10
  263      22         15         90          0         30        174         10
  264     115         60       1628       1011          0        127         20
  265      30        117       1507          0         60        160         10
  266      31         40       6651       4849        150        222         20
  267      26          9        681          0        120        261         10
  268      69         92       2542          0        120        291         10
  269      49         47        679          0        120        189         10
  270      80         46         81          0          0        102         10
  271      91         84       3872          0         60        158         10
  272      21         24       1893        322          0         66         20
  273     170        140       1895       5680        150        222         20
  274       0          8       5321        105        120        223         20
  275       8         46        910        960          0         93         20
  276      64         44        384       2694         30        124         20
  277     131        123        786       5873         30        190         20
  278      89         36         11        504          0         79         20
  279     152         91       3809       2159          0        175         20
  280      54        130         76       1859         60        165         20
  281     174         66         14        228          0        181         20
  282      16         35         87      10255         30        115         20
  283     148         92       1711          0          0        173         10
  284      52         62       1715       3401          0        108         20
  285      39         52         90          0          0        107         10
  286      54        104        194      14806        120        186         20
  287      96        112         35          0         60        150         10
  288     126        106        997        107         90        173         20
  289      50        123        657          0        150        296         10
  290      88        127       4289          0         30        203         10
  291      13         12       2221       2094          0         93         20
  292     128        111       2939          0          0        162         10
  293     114         27      13557       1443          0        122         20
  294      31        106        686          0         30        169         10
  295     173        111       5692          0        420        498         10
  296     118         67       2780          0          0        168         10
  297      35         97        196          0         90        170         10
  298      32         73       3613       1893        360        487         20
  299      17         89       1415          0         60        191         10
  300     176         59        200       2283        150        254         20
  301     179         67        382       1583         60        193         20
  302      14        122       2794       5189          0        137         20
  303      59        134       2995          0        300        470         10
  304     117         97        345          0         60        189         10
  305      47         96        920          0        210        283         10
  306      87         93        784          0        150        294         10
  307      60        148       1697       5044         30        189         20
  308       5         14       4792          0         30        102         10
  309      28         81       4333          0         30        135         10
  310     123         66       3302          0         60        224         10
  311      97         37       1253         95         30        153         20
  312      95         91       1841       1378          0        166         20
  313      18         29       2400         69        120        230         20
  314     123         67       3124       2437         60        203         20
  315     160        108         90        124         30        191         20
  316      61         76       6572          0         30        164         10
  317      67         87       1522        122        120        225         20
  318      45         86       3936       3369         30        202         20
  319      80         64        665         95          0         97         20
  320      29        110       1016         30         60        157         20
  321      37         15       3805        746        420        522         20
  322     133         37      13294       1706          0        127         20
  323       8         43       2143          0        120        262         10
  324      11         48       8280       1094         90        192         20
  325      78          8       4580          0        330        430         10
  326     114         80       1772       2472         60        224         20
  327      95         66        265          0          0        149         10
  328     121         73         21          0        300        459         10
  329     159         75       5376       3804          0        175         20
  330     100        116       1850         13         30        194         20
  331     198         86       2360       2542         30        214         20
  332     160         22       1246        151        390        467         20
  333     111         87         10       1976        180        263         20
  334      30         38       1519        107         90        253         20
  335     180         58       3535         63          0        196         20
  336     107        138        472       3161         60        208         20
  337     118         94        325       1706         60        162         20
  338     174         93        530       5280         90        188         20
  339      42         23       4798          0         30        113         10
  340     137         38        404       1879        120        217         20
  341      70         64        104       5643        300        427         20
  342     194         94       2936       6345         60        217         20
  343     190         58        154       2544         30        204         20
  344      53         17         58          0        120        222         10
  345     144         34       2376       1927        360        436         20
  346      65         88        745        299        150        232         20
  347     112         36         57          0        120        266         10
  348     103         55       7407        148        120        197         20
  349      81         75       2086          0         60        174         10
  350      74         20        127          0          0         75         10
  351     121         49       3096        618        150        220         20
  352       2         17        257          0        120        250         10
  353      41        145       7246       3055        120        258         20
  354      22        146       5088          0        180        266         10
  355      76        127      10466       2582        120        187         20
  356      94        103       1518        686        120        260         20
  357      97         86       4135      10865          0        154         20
  358     155         74       1604       7172        180        274         20
  359      65         32       1190        196          0         74         20
  360     100         78        126          0        120        193         10
  361     106         59       4453          0         90        161         10
  362      66        117      10176        845          0        175         20
  363      74        120         20          0          0        167         10
  364      47        125       4866       6351         30        156         20
  365      86         99         17        389         30        138         20
  366     121         71       2620       5274          0        126         20
  367     139         33      12128       2872        120        282         20
  368     193         92       2155       4270          0        207         20
  369      53         65        434         10          0        103         20
  370     100         14        396          0        120        255         10
  371     172        113       2392          0         30        196         10
  372      59         81         90       3021        120        228         20
  373     179         61        227      14773         30        185         20
  374     118         45       1597        289         30        129         20
  375     154         27        443          0        300        426         10
  376     164         90      12955       2045        300        399         20
  377     161         87       1361          0          0        184         10
  378      88         71         70       1644        420        487         20
  379     198         67       1886          0         30        195         10
  380     151         22       1517          0         30        160         10
  381      31        101       1764         43        390        459         20
  382     164         45        514          0         30        193         10
  383     140        128       1927       1818         90        188         20
  384      61          1        456        424        120        278         20
  385     194         97        122          0          0        214         10
  386      15         52       4024        235          0        169         20
  387     123         53        829       9903        180        246         20
  388      83         74       2364          0        120        260         10
  389      15         37         90       6257        180        253         20
  390     144         18       1092      13908         60        147         20
  391      33        131       2198        336        150        232         20
  392     152         75       1838       1919        120        224         20
  393      83         79       1076          0        120        243         10
  394      76         44        296        171        120        283         20
  395     120         62        394        119          0        147         20
  396     106         81         47          0        150        218         10
  397      73        123        133       1185          0        166         20
  398     116         94        181          0        120        203         10
  399      68         21       1661          0        150        229         10
  400      26        121       3377          0          0        143         10
