400_264

CUSTOMER  VEHICLE
NUMBER	  NUMBER     CAPACITY    DispatchingCost
    400     500          40000       100

CUSTOMER
CUST NO.  XCOORD.   YCOORD.   DDEMAND   PDEMAND   READY TIME  DUE TIME   SERVICE TIME

    0      41         23          0          0          0        960          0
    1      48          5        806       2334          0        142         20
    2      16        122       1708          0         30        145         10
    3      55        116       3785          0        150        257         10
    4      56        114        226       2021         60        151         20
    5     171         66       1122       7730         30        191         20
    6      64         71        840       3155        300        416         20
    7     183        102       1149         22        120        248         20
    8     116         94        824       1815         30        203         20
    9      36        106         73          0         60        140         10
   10     125         51       2157          0        120        281         10
   11      54        117       2175      12825        150        292         20
   12     190         58       4309         30        180        250         20
   13     106         82       1920       3037          0        161         20
   14     121         66       2282       3179        150        259         20
   15       8         81       1748         91         60        162         20
   16     104        109       3716          0         60        233         10
   17      59         81         90       3021        120        228         20
   18     100         14        396          0        120        255         10
   19      18         11        335          0          0        109         10
   20     149        141         90          0         60        199         10
   21     162        146       2028          0        120        228         10
   22      34         61       7125          0        300        408         10
   23      80        117       1938          0        150        247         10
   24      36        143       1200          0         60        213         10
   25     185         44        233        984        150        256         20
   26      92         70       2000       2991        330        401         20
   27     126         66        123          0         90        222         10
   28       6         26       3038       1970          0         96         20
   29     126        111       9991       3234        180        256         20
   30      52         28        291       1842          0        103         20
   31      56        103        362         37          0        132         20
   32     156        115       1299        588        120        296         20
   33      85        135        480       1379         90        228         20
   34     140        109         60          0         90        199         10
   35     102         67       1641         27         60        152         20
   36      39         52         90          0          0        107         10
   37      18         29       2139        442        120        258         20
   38       8         11       6388          0        120        201         10
   39      59         54       4886       3022          0        163         20
   40     117        100       1616       5146        150        285         20
   41     151         77      13526       1474        120        190         20
   42     187         93        703          0        120        225         10
   43      84         66        450          0        180        273         10
   44      19         90        912          0        180        252         10
   45     113        121        221         44        180        251         20
   46       6         12         30        210          0         73         20
   47       7         33        300       6210          0        137         20
   48      71        131        146        655         90        198         20
   49     177        112        280        193          0        200         20
   50     183         79         57          0         60        220         10
   51      96         68       1183        233         30        191         20
   52     107         61       2635          0          0        169         10
   53     117        145       2555       2247        180        282         20
   54     164         45        514          0         30        193         10
   55      37        123        451       2447        300        410         20
   56     151         22       3910          0          0        168         10
   57     101         77        314          0        300        398         10
   58      16         10       2501          0        330        477         10
   59     140         94        300          0          0        162         10
   60      31         40      14776        224        120        187         20
   61      70         55       4856        199        120        229         20
   62     168         75       7179       1173         90        236         20
   63      74        119         60          0        120        261         10
   64      29        108        306       1816        180        277         20
   65      63         90       1747       1114        150        223         20
   66      85         75       4920        383        120        220         20
   67     174         54       1034          0        180        264         10
   68     176         77       5595          0        120        189         10
   69     175        124       9326          0          0        214         10
   70      55        102         15          0          0        129         10
   71      62        151       5376         22          0        187         20
   72     117        146         75       4866        120        193         20
   73       1         19        633          0        120        225         10
   74     106         81       1600          0          0        129         10
   75      79        122       3671          0        180        260         10
   76     141         30        886          0         60        212         10
   77     120        117       6626       6368        420        525         20
   78      77         44       4410          0          0        128         10
   79      49        148       1504       1889          0        167         20
   80       9         44        287          0        390        467         10
   81      30         36        468       2067        390        494         20
   82     111         35       3046        350        300        441         20
   83     100         85       1769          0         90        199         10
   84      81          8        254         86          0         85         20
   85     151        109        891          0         60        201         10
   86     188         66         84          0         30        196         10
   87     176         59        200       2283        150        254         20
   88      84         85        648          0          0        141         10
   89     171        104        123          0         60        225         10
   90      55         67       2489          0        150        227         10
   91      79         16        548          0        120        259         10
   92      83         74       2364          0        120        260         10
   93     144         54       1416       1838          0        147         20
   94      75        130        263          0         60        165         10
   95      23        141       2280          0        150        231         10
   96      85         52         67          0        120        248         10
   97     137        143        188          0         60        189         10
   98      95         66        265          0          0        149         10
   99      75         34        661          0          0         72         10
  100     122         66       7045        313         90        224         20
  101     159         83        515        152        120        299         20
  102     121        120        603      14397         90        164         20
  103      20         78       3380      11620         90        171         20
  104     143        112       2682        236        360        469         20
  105      94         69       1537       6086         30        107         20
  106      40         67       1644          0        450        523         10
  107     153         42        610          0          0        148         10
  108     142         35       6869          0        150        294         10
  109     142        131       1682          0        120        180         10
  110      47        133      11397          0        120        249         10
  111     188         95       2958          0        120        232         10
  112      53         69        817         90          0        143         20
  113     121         81       1570          0         90        223         10
  114      83         79       1076          0        120        243         10
  115      50         64       1747       2222         90        160         20
  116     108         29       6317          0        420        527         10
  117     120         97         25          0         60        171         10
  118      26        126       9670       1506        330        457         20
  119      17        119        170       2379        150        279         20
  120     125         29       4183        151        450        535         20
  121      29        130        127          0        120        295         10
  122      82         92       4707       1260        300        440         20
  123     135         78       1444       5113        120        224         20
  124     102        120       3112          0        210        291         10
  125     141        142       2973        620         60        236         20
  126     116         43        480       1500          0        129         20
  127     128         97        756       7047        330        403         20
  128      34         67      10530        127        120        294         20
  129     107        138        758       4478        120        286         20
  130     136         72       1133       4854        150        260         20
  131      57         37       1885      13115          0        114         20
  132     185         98       2153          0         30        214         10
  133     126         89       1026         57         60        218         20
  134      34        149       2036          0         60        235         10
  135     178        101        248          0         60        190         10
  136      47        129        723       1308        120        221         20
  137     191         51       3545          0          0        204         10
  138      34        147       1520       1641         60        171         20
  139      70         46       3340          0        300        461         10
  140      95         68         42          0         30        115         10
  141      22        146       5088          0        180        266         10
  142     148        114        581          0        210        286         10
  143      13        119        606          0        210        287         10
  144     129         71       7335          0        180        265         10
  145       8         10        216       2069        150        286         20
  146      87        101         84        149         60        127         20
  147      69         24        108        117          0        144         20
  148     110         21       2830          0          0        110         10
  149     170         36       1810         20         60        184         20
  150     125        102        145          0         60        221         10
  151      74         93        290          0          0        111         10
  152      96        118        111          0         30        172         10
  153      82          8        280          0          0        133         10
  154     131         18      11000        112        120        193         20
  155     122         83       2054          0        180        253         10
  156      41         73       1594          0          0         97         10
  157     167        103      14692        308        150        214         20
  158      88         73      14285        715          0        119         20
  159     176        113         45          0        120        275         10
  160      55         16        739          0        360        507         10
  161     148        116       3610          0        300        445         10
  162      87          8        240          0        120        260         10
  163      74        120         20          0          0        167         10
  164      60        151       1891          0        210        281         10
  165     139         70       1661          0        150        255         10
  166     131         51       2121          0        120        236         10
  167      50        123        657          0        150        296         10
  168      30        106       5649       9351         30        124         20
  169      88        127       4289          0         30        203         10
  170      85         76       5364       1506        120        233         20
  171     147         22       3684          0        300        434         10
  172     162         63        310       3296        390        526         20
  173     180         95         29          0        300        423         10
  174      92         59       3425       8935        390        465         20
  175      45        126         61          0          0        154         10
  176      47         62        621       3243        120        279         20
  177     164         76         51        577        180        251         20
  178     117         42      12636          0        120        188         10
  179      53         78       5064         22          0        101         20
  180     139        144        960          0         90        210         10
  181      44         49       7334          0        360        431         10
  182       9         49         10       1737        120        191         20
  183     123         62       1825          0        300        403         10
  184     102         27         33       2085          0         98         20
  185     168        139         35        643        120        278         20
  186     122         30       1332        207         30        154         20
  187      50         80        673       1629        300        404         20
  188      20         98       2460         49         30        206         20
  189     146        130       1611          0        180        278         10
  190     111         25       1110          0        120        236         10
  191      80         48        173       3613        120        194         20
  192     101         85        237       1403        120        254         20
  193     154         76        274          0         60        234         10
  194      79          7       2256          0        120        196         10
  195     111         54         13        436          0        168         20
  196      87        139         60          0         90        167         10
  197      25         52       2409          0        120        276         10
  198     109         64       2869         98         90        217         20
  199     101         81        196          0         60        224         10
  200     117         56       8002        836        330        431         20
  201      58         21        451          0          0        174         10
  202     160        118         65       1669         60        227         20
  203      46        125        253         17         60        155         20
  204      53         45       1570          0          0        107         10
  205      67         87       1522        122        120        225         20
  206      33         20       2257       6831          0         69         20
  207     103        127       4593       2410         60        157         20
  208      21         40         48          0        120        196         10
  209     100         65       3415          0          0        128         10
  210      52        130      15000          0         60        222         10
  211     172         43        183          0         90        186         10
  212     132        144       2415       2478        120        266         20
  213      63         20         81          0         30        101         10
  214     115         96       2703          0        120        281         10
  215     198         86        192          0         60        212         10
  216     145        124       2437          0        150        252         10
  217     120        129       2763          0        180        256         10
  218     196         74       3743          0        210        292         10
  219      73         55         20      11550        120        292         20
  220     101        117         30        643         60        155         20
  221      58         86       1700         43        120        201         20
  222      29        101       2168         29         30        159         20
  223     184         71        335          0        120        196         10
  224      99         58       3995        140        300        401         20
  225     137        103       1733          0         30        170         10
  226     110         98        255          0         30        131         10
  227     103         67       5652       1649          0        125         20
  228      46         46        105          0        150        275         10
  229      29        135        888          0        210        287         10
  230     105         41       4551       1073          0        169         20
  231      98         53       1297          0          0        172         10
  232     146         40         17          0        180        247         10
  233      88         71         70       1644        420        487         20
  234      15        118      14294          0        210        277         10
  235      32         56        182       1771        120        271         20
  236     183         89        248          0          0        193         10
  237      85         74       7744         73         90        252         20
  238      57         72        155          0        300        408         10
  239     130        148       1672          0        150        233         10
  240     120         85        615        452         90        220         20
  241     119         98         19          0        120        243         10
  242     139         25       1956          0          0        176         10
  243     123        124       6744          0        330        442         10
  244     146        129       4764       1829         90        203         20
  245      84         78       2544          0         60        190         10
  246     119         55       3884          0          0        135         10
  247      85         45        667          0        120        203         10
  248      28         72       6093        365        120        196         20
  249     158         74        345       1149        150        275         20
  250      62         45       3063          0        120        200         10
  251      41         74        113         41         30         99         20
  252      51        150       1346       4497         90        249         20
  253     120         62      15000          0          0        143         10
  254      21        101       3626       2067        360        423         20
  255     108        137        182       1571        180        286         20
  256     179         61        227      14773         30        185         20
  257     194         82       2787       2387         30        203         20
  258      96         79       3055          0         30        208         10
  259      58         88       1900          0        150        271         10
  260       4         16       2745      12255        150        230         20
  261      18         37       1460        890        120        218         20
  262      57         45       1460          0        330        503         10
  263      37         72       6072       2024        150        287         20
  264       5         36       1095          0          0        143         10
  265      14         34        456          0        120        280         10
  266      81         75       2086          0         60        174         10
  267     104         39        228          0          0        130         10
  268      83         85       4875          0         30        133         10
  269      49         43       6189          0         30        101         10
  270      28         14        537          0        120        194         10
  271     109         51       1301        299        300        459         20
  272      65         57       1104          0          0         75         10
  273      45         78        146          0         90        165         10
  274      13          8       1062          0        120        288         10
  275      76         56         43       5681         30        174         20
  276     168        147       2530        147          0        222         20
  277     123         66       3302          0         60        224         10
  278     120         78         82         76         60        144         20
  279      69         21         28          0        150        280         10
  280      82         15        133          0        120        254         10
  281      32          5        585          0        120        246         10
  282      40        155        128         35        180        254         20
  283     148         30       5837       1870         90        163         20
  284     169         49       5959          0        180        287         10
  285      74        142       2887          0         60        193         10
  286     132         36         13       2630         90        182         20
  287     147        113       1183        841        300        440         20
  288     137         38        404       1879        120        217         20
  289      70         72       2975          0        120        253         10
  290      28        139       2579          0         60        155         10
  291      40         86       6622       8378        450        525         20
  292      56         64       1200          0          0         84         10
  293      72         39         16          0        120        231         10
  294     106         54         12          0        120        243         10
  295     128         71         92          0        120        292         10
  296      87         69         16          0        120        230         10
  297      65         82       2587        500        120        188         20
  298      29        110         55        432         60        199         20
  299      71         91       5401       1945          0        140         20
  300     122         40        307       3485        120        198         20
  301      65         88        745        299        150        232         20
  302     109        122        320          0         30        205         10
  303     155         35         78          0         30        161         10
  304     133        102       3993          0         30        171         10
  305     146         88      10696          0         30        163         10
  306      48         47         97          0          0        132         10
  307      52        152       1744          0        120        206         10
  308     118         94        325       1706         60        162         20
  309      96         81       1570          0          0        130         10
  310      59        106       1712          0          0        136         10
  311      79        119        519        759         60        165         20
  312      30         45        198          0        120        233         10
  313      69        134       1438         28         90        203         20
  314     104         70        279       2024        120        183         20
  315     112         47       4377          0        120        200         10
  316      35        109       2377          0        120        202         10
  317      66        117       1096          0        150        231         10
  318     161         36        408          0        120        252         10
  319      64         44       1758       7409          0        122         20
  320      74         95       5497       2199          0        125         20
  321     154         31        178       7866        180        251         20
  322      92        120        250          0         30        162         10
  323      98        122       2566          0        120        290         10
  324      47        141        257          0        300        408         10
  325      84         56        147       1751          0        135         20
  326      96        112         12        285        120        254         20
  327     121         49       3096        618        150        220         20
  328     135         51         64       4551          0        135         20
  329     151         82         39          0        150        259         10
  330      23         35       3072       5533         30        151         20
  331     171         80        204        249         30        201         20
  332     123         72        941       1885         60        196         20
  333     121         71       4982          0        360        530         10
  334      88         67        619          0         90        216         10
  335     118         45       1597        289         30        129         20
  336      99        113        134          0         60        156         10
  337      91         12       8584          0        300        465         10
  338      86         76        670          0          0        120         10
  339     172        113       2392          0         30        196         10
  340     127        105       2583          0         90        247         10
  341     166         83         90       2569          0        183         20
  342     159         75       5376       3804          0        175         20
  343     158         71       3592        231          0        160         20
  344      66         63        617        672        360        469         20
  345      57          0         86          0          0         67         10
  346     132        136       5071          0        360        528         10
  347      95         38      10533          0        300        398         10
  348     150         49         57       2075          0        162         20
  349     167         35      11558       3442        150        218         20
  350      77         20        347          0        150        286         10
  351      77        132       1221          0         30        200         10
  352      53         44       5047       1204         60        144         20
  353     132         48        526         24          0        134         20
  354      88         72      14867        133        150        244         20
  355     154         39       1879          0        300        404         10
  356     150         76         49          0         30        195         10
  357      35        124       2695          0        120        189         10
  358      78         43       1788          0        420        504         10
  359     140        104         98          0         90        171         10
  360     121         91      14100        900        180        286         20
  361      48         54       2908          0          0         67         10
  362     126        132       1472        222         60        196         20
  363     145         38         40          0         30        156         10
  364      63        135       7890        890         60        226         20
  365      90        124         22          0        120        291         10
  366     144         34       2376       1927        360        436         20
  367      37        100       8374        891        300        458         20
  368      63         48       1520       2363        120        255         20
  369      51          1       1834       3239         30        141         20
  370      66        152       1090          0         60        227         10
  371     118         86         13          0        360        498         10
  372     122        128       3545       1686        300        399         20
  373     100         29       3137        668          0        114         20
  374      62         56         21          0          0        155         10
  375     194         94       2936       6345         60        217         20
  376     177         47       2378        271        450        516         20
  377     121        129       1783          0        420        536         10
  378     133         89       5152        235        120        285         20
  379     109         94       1512       2434         60        186         20
  380     169        146       7197          0        360        435         10
  381      34        142        432        389          0        171         20
  382      28         74        252          0         90        172         10
  383     114         49       2303          0        150        228         10
  384     114         80       1772       2472         60        224         20
  385      85         58        441          0          0        166         10
  386      16          6        552       5947        120        219         20
  387      39         33        673        169        420        497         20
  388     104         81       5116       4558        120        202         20
  389     178         62       1822          0        390        529         10
  390      88         54       1037       7180          0        101         20
  391     105         62         42          0         90        172         10
  392     126        133       1838          0        330        431         10
  393     160         22       1246        151        390        467         20
  394      78         98        462       2331         90        237         20
  395      32        112        584          0         30        174         10
  396      22         15         90          0         30        174         10
  397       2         17       1772          0         30        156         10
  398     191        100       3104          0        150        215         10
  399      15         10        239          0         30        168         10
  400      51        134         14          0        120        275         10
