400_271

CUSTOMER  VEHICLE
NUMBER	  NUMBER     CAPACITY    DispatchingCost
    400     500          40000       100

CUSTOMER
CUST NO.  XCOORD.   YCOORD.   DDEMAND   PDEMAND   READY TIME  DUE TIME   SERVICE TIME

    0      41         23          0          0          0        960          0
    1     196         74       3743          0        210        292         10
    2      45        116        336       7032         90        264         20
    3       2         17        257          0        120        250         10
    4     110         69       7646         29        300        400         20
    5      28        122        563          0          0        135         10
    6      65         82       2587        500        120        188         20
    7     197         87        781       2435        300        467         20
    8      78         84       2387          0          0        148         10
    9      52         92       3688          0        150        259         10
   10     113         71       2990          0        180        265         10
   11      18         37         47         17        120        254         20
   12      74        121        458          0         60        167         10
   13     161         36      14657        343        390        502         20
   14      86         77        357        986        180        260         20
   15      36        143       1200          0         60        213         10
   16      69         51       7005       1959        120        239         20
   17      96         68        840          0          0        137         10
   18     106         82       1914          0        120        193         10
   19      29         35        280          0          0        128         10
   20      12         30       6037       8963          0        103         20
   21     150         70       3899        511        300        469         20
   22      46         18        392          0          0        105         10
   23     174         54       1034          0        180        264         10
   24      97         37       1253         95         30        153         20
   25     142         29      10671        395        300        403         20
   26     188         95       1525         75        150        291         20
   27      68         73      10273       4727          0        101         20
   28      66         71        920          0        210        274         10
   29     102         75       2796          0        210        287         10
   30     151         77         87          0          0        160         10
   31       8         46        910        960          0         93         20
   32     121         66       2282       3179        150        259         20
   33      79        122       3671          0        180        260         10
   34      30         43       2209          0        120        293         10
   35      96         81       1570          0          0        130         10
   36      51         98       5190       6318        180        266         20
   37      63         48         62      13911         30        155         20
   38     127         93       3480        233        180        254         20
   39      95         84       3079          0         90        213         10
   40     104         91       5658          0         90        225         10
   41     117         63       4027       1999        120        279         20
   42      97         84       3915       6296         90        249         20
   43      57        144       1183       1365        390        517         20
   44      87        113       6124          0        120        229         10
   45      19          8       1293       1888        150        246         20
   46     131         18      11000        112        120        193         20
   47     164         70       1545          0        120        195         10
   48      61         30         40          0        120        292         10
   49      78         32       3212          0          0        116         10
   50       7         97         54         17          0        171         20
   51     123         59       1081          0        390        528         10
   52     144         86       6707       6109        120        228         20
   53      19         13       1044          0          0         64         10
   54     144         18       1092      13908         60        147         20
   55     158         24       5374          0          0        166         10
   56      18         29       2139        442        120        258         20
   57      51         47       3775       1544          0        159         20
   58      82        131         14          0         60        223         10
   59     121        143       4376          0        330        471         10
   60      53         65        288        392        120        249         20
   61      78         35       6575          0        120        185         10
   62     190         58        120          0          0        204         10
   63     133         70        282      14718          0        151         20
   64      45         78        146          0         90        165         10
   65      36         79         86        212        450        517         20
   66     193         91       1440       5669        150        225         20
   67      22         99       2276          0         60        134         10
   68     144         54       1767       3023          0        147         20
   69      95         82        699          0        120        187         10
   70     155         74        180          0          0        170         10
   71      60         79       4537       1655        300        430         20
   72     120         85         96          0        180        297         10
   73      73         81        256          0          0        157         10
   74     118         94        325       1706         60        162         20
   75       6         49       4040          0        120        231         10
   76      42         23       1844       1205        120        218         20
   77      59         48       8964          0        120        190         10
   78       5        116       2268          0        360        520         10
   79      53         44        287          0        150        256         10
   80      26          9        681          0        120        261         10
   81      87         93        784          0        150        294         10
   82     114         77       2484          0        180        260         10
   83      27         46       1424          0          0         86         10
   84     167         47       2384          0         60        205         10
   85     148         94      12593       2407        150        227         20
   86      87         81        949          0        360        471         10
   87      17         36        277          0         30        157         10
   88      48         46       3295       5889          0        146         20
   89      37        100       2569          0        120        286         10
   90     151         22       1517          0         30        160         10
   91     153         48        280          0         90        171         10
   92      57        145         64          0         60        221         10
   93     127        122         14          0        120        266         10
   94     141         30        886          0         60        212         10
   95     188         66         84          0         30        196         10
   96     181         42        294          0         60        204         10
   97      80         64        414          0          0         99         10
   98      56        103       1715          0         60        191         10
   99      28         14       1745       1926        120        265         20
  100     197         70         83          0         60        208         10
  101     195         84         17          0          0        215         10
  102     139         70         46          0         30        200         10
  103      88         71         70       1644        420        487         20
  104     161         87       1361          0          0        184         10
  105      63        111       1269       2888          0        123         20
  106      72         92       2616        234          0        161         20
  107     160        118         65       1669         60        227         20
  108      95         91       1841       1378          0        166         20
  109      53         78        416       1636        420        493         20
  110      51        101       1613       3528        150        226         20
  111     198         93       5274          0         60        215         10
  112      44         47        202       1940          0         74         20
  113      93         50         90          0         30        199         10
  114      77         42        512          0        120        271         10
  115     145        134        181          0        300        401         10
  116      32         43        822       2524        120        255         20
  117      85         61       3805        210         60        151         20
  118      55         65        330       1770        120        285         20
  119      50         85      15000          0          0        125         10
  120     192         92       1307          0        120        217         10
  121      21         41       7170          0          0        102         10
  122      95         66        265          0          0        149         10
  123     111         41        503         55        150        291         20
  124      93        152       6160          0         30        195         10
  125      88         54       1037       7180          0        101         20
  126      97         86       4135      10865          0        154         20
  127      65        148       4849          0        300        405         10
  128     192         88         85          0        180        287         10
  129      34        137       5813         74        300        434         20
  130     127        105       1265          0         30        192         10
  131     133        100       3751       1524        390        527         20
  132     174         66         14        228          0        181         20
  133     170         36       5879       1769        120        186         20
  134      33        155       6212          0        390        519         10
  135     159         75       5376       3804          0        175         20
  136      38        113        470       2221         60        207         20
  137      74         66       2529          0          0         94         10
  138     154        105       2750         12        180        285         20
  139     179        107      12420        142        120        206         20
  140      15        118      14294          0        210        277         10
  141      69          1       3049          0        120        237         10
  142      90         16       1667       4478         30        198         20
  143     137        145        199      11844        120        246         20
  144     151        123       9812       5188        360        535         20
  145     116        147         93        425        300        398         20
  146     132         44        200         62        120        196         20
  147     123         53        829       9903        180        246         20
  148      69        134       1305          0        180        259         10
  149      67         96       1792         81          0        128         20
  150     135        121       2524      12476        210        294         20
  151     186        106       9756          0        120        221         10
  152     168         75       4492        515          0        183         20
  153      64         12       1443          0          0        143         10
  154     148        114        581          0        210        286         10
  155      55         60       2170          0        150        232         10
  156       8         43         94      14906         60        198         20
  157      55         67       2489          0        150        227         10
  158      21          7        812          0         90        164         10
  159     120        109         22       1769         60        170         20
  160      53         37       5955       2429        120        290         20
  161      90         83       2995          0         60        163         10
  162      57         37       1885      13115          0        114         20
  163     102         87       2047        179        120        259         20
  164     176         59        200       2283        150        254         20
  165     156         67         12       7501         90        203         20
  166       1         25         21       2013         30        188         20
  167     179         61       3315         98        180        262         20
  168      76         94         44       1776         60        198         20
  169      59        106       8684          0         60        231         10
  170     123         62       1825          0        300        403         10
  171      50         93        396          0        150        258         10
  172     104         55       4342          0        300        417         10
  173     131        104         65          0         30        166         10
  174       0          8       2948          0          0        106         10
  175      14         39       9754          0        330        465         10
  176     101        117       2024         28          0        151         20
  177     122        139        424         47         90        186         20
  178     176        112         90       6575         90        255         20
  179     120         33       1841       1896        150        222         20
  180       9         49       1501          0        150        257         10
  181      78         87      15000          0          0        144         10
  182     106         81       5184         42         60        186         20
  183     117         56       7730       2583          0        135         20
  184      31         76       1011        179        330        426         20
  185     170         81       3004      10698         60        191         20
  186      59         14       2558         67        120        248         20
  187      16          6        552       5947        120        219         20
  188     130        122       4586       1802        360        521         20
  189      85         76        465          0        150        278         10
  190      94         69        107          0        150        254         10
  191      71         81       9982         59         60        128         20
  192     113        121       2180       2542         30        172         20
  193      77        132       1221          0         30        200         10
  194      11         47       6799          0        120        288         10
  195     192         64      11845          0        420        535         10
  196     150         20       3561          0        120        197         10
  197      96         36        517       1205         90        264         20
  198      83         25        442       3136         30        159         20
  199     140         66         72        298          0        154         20
  200      70         55       3033       1094          0        112         20
  201     123         34        106         87          0        132         20
  202     112         37       4280          0          0        140         10
  203     199         87       1536        511        450        538         20
  204      34         67       2009        514          0         86         20
  205     162        104        601       1506        120        279         20
  206      25         52       5079       2017        180        287         20
  207      20        119         90          0        180        249         10
  208     120         78         82         76         60        144         20
  209     137         49       8190       1015          0        145         20
  210      76         16       1247          0        120        222         10
  211     122        146        344        287        300        451         20
  212      20         21       2489       2006        210        291         20
  213      42         52       1802          0          0        145         10
  214      88         16        204          0          0        101         10
  215      83         85        300       4834         90        174         20
  216      76         78       7643          0         90        229         10
  217     150         49      15000          0         30        198         10
  218     139        104        363       3213        120        213         20
  219     106         66        294          0        180        275         10
  220     155         35         78          0         30        161         10
  221     147         22       3151       5907         60        181         20
  222      22         92       6293          0          0        113         10
  223      52         62       8107       3808          0         77         20
  224      88         63       5628          0        300        404         10
  225     145        124       2437          0        150        252         10
  226      55        104        169       1793         30        190         20
  227      66        117       1096          0        150        231         10
  228     160         92        750       2077         60        218         20
  229     100        101        290          0         90        253         10
  230      53         17       4330          0          0         77         10
  231     140        133       2982      10695         60        203         20
  232     186        107       1747          0          0        221         10
  233     108         46         98          0        120        202         10
  234      88         41       2209          0        120        216         10
  235      17        119      13931       1069         90        263         20
  236     132        121       1538       2076         90        185         20
  237     158        142         94          0         90        201         10
  238      59         85        631       4636        360        488         20
  239      58         86       1700         43        120        201         20
  240      85         83        263          0          0        127         10
  241      82         85       2110          0         90        197         10
  242     129         89         81         14         30        162         20
  243      52        130      15000          0         60        222         10
  244      40         29        860          0        120        283         10
  245     191         97       4636          0          0        204         10
  246      22        151        380          0         60        177         10
  247      78          7       1210        450         30        145         20
  248      77          6       2198          0          0        100         10
  249      81         75       2086          0         60        174         10
  250      40        155        128         35        180        254         20
  251     151         49        118       1291        180        247         20
  252       2         22       6503          0          0        136         10
  253      15         10        239          0         30        168         10
  254     126        133       1838          0        330        431         10
  255     180         65        672         19        150        279         20
  256     140        109         60          0         90        199         10
  257      26        142       2377       1745        180        252         20
  258     130         52       2295          0        390        472         10
  259      39         96        594          0        390        498         10
  260      48         56       1950          0          0        162         10
  261     136         72       1133       4854        150        260         20
  262       8         10        216       2069        150        286         20
  263     155         90       2119          0        120        258         10
  264      57         45       1460          0        330        503         10
  265      40         86       2078       5659        120        295         20
  266     103         56       4371       2547        300        475         20
  267     131         51       2121          0        120        236         10
  268     109         51       1301        299        300        459         20
  269      36         72       2498        527        300        437         20
  270      91         70        763          0        120        218         10
  271      81         66       5003       7500        120        230         20
  272      69         24       3234        160        120        282         20
  273     134         55       3496          0        120        276         10
  274     120        129       2763          0        180        256         10
  275      92         65        223          0         30        202         10
  276      37         14        894          0        120        259         10
  277     171         66        210       5151         30        180         20
  278      61         76       6572          0         30        164         10
  279     106         96       8663        587         30        141         20
  280      36        106       1722       6296        360        463         20
  281     157         96        237          0         60        181         10
  282      78         65        960       4741         60        203         20
  283      30        154        476        309        360        461         20
  284      52          0         76          0          0         73         10
  285      90        102       3642          0        390        518         10
  286     134        130      15000          0         90        191         10
  287      87         73       2733         25        120        285         20
  288     173         95       3140       2399          0        199         20
  289      53         69         82       2826         90        194         20
  290      48        154       1498          0        120        205         10
  291      32          5        585          0        120        246         10
  292     160         56        553        465          0        177         20
  293     149        141         90          0         60        199         10
  294      62         46       1630       2155        300        397         20
  295     167        147       1644       1841        150        216         20
  296       7         32         33       3879        120        195         20
  297     123         52        720          0        180        240         10
  298      82         12        151          0          0         97         10
  299      86        140       4314          0        300        416         10
  300      80         46         21          0        120        224         10
  301      82          8        280          0          0        133         10
  302     100         23        730          0          0        133         10
  303     162        117       3616          0        210        281         10
  304      88         67       3417        697        390        526         20
  305      52         10       3033          0        300        425         10
  306     160         77       1715          0          0        183         10
  307      44         71        164        504        150        225         20
  308     154        131       5120          0          0        201         10
  309      58         88       1900          0        150        271         10
  310      78         17       2692        337        390        461         20
  311      48          5       1638       4183        450        526         20
  312       5        113       1464      10147         90        248         20
  313      41         23       1777          0        120        288         10
  314      50         80        673       1629        300        404         20
  315     135         51        172         41        120        247         20
  316      94        103       1518        686        120        260         20
  317     126         89       1026         57         60        218         20
  318     166         88       5588          0         30        195         10
  319      45         86       2250          0        330        433         10
  320      53         45         31          0         30         95         10
  321     168        147       2530        147          0        222         20
  322      15         81       3726       2012          0        103         20
  323     163         99        102          0        120        257         10
  324     115         61         14          0         60        166         10
  325     197         58         60         56          0        214         20
  326     106         54         12          0        120        243         10
  327     132         93       5072          0         90        212         10
  328     132        136       5071          0        360        528         10
  329      30         38         14       9754        120        254         20
  330      25         47        468       1890        120        235         20
  331     121         91        476          0        150        263         10
  332      83         79       1076          0        120        243         10
  333      57        153        299         30        360        455         20
  334      12         98       1233          0         90        246         10
  335     166         83       2535        376          0        189         20
  336     100         78        126          0        120        193         10
  337      67         39         15          0          0         95         10
  338      60        118       7904       5162         60        141         20
  339      81          8       1000        363        300        394         20
  340      90         29        600          0        120        192         10
  341      38         96       3676       2220        330        499         20
  342      78          8       4580          0        330        430         10
  343      26        126        248       2684        120        237         20
  344      52         46       2445       1778          0         66         20
  345     160        101       2010          0          0        176         10
  346     154         39       1879          0        300        404         10
  347      67         91       2857       4092         30        203         20
  348     142         28      14988         12        150        244         20
  349      96        112         35          0         60        150         10
  350      58         21       1892          0          0        135         10
  351     170         65      14449          0         30        177         10
  352      57         26         62         59        120        216         20
  353      98         63       5465        451        330        494         20
  354     147        113       1183        841        300        440         20
  355      66        152       1090          0         60        227         10
  356      32        115       6757       1941        390        527         20
  357     152         87       2636          0         60        186         10
  358      49         43       6547          0          0         81         10
  359     151         82       1594        107         30        185         20
  360      62         76       3624        766        150        236         20
  361      13         12       2221       2094          0         93         20
  362      86         99         17        389         30        138         20
  363     195         99        192          0         60        213         10
  364      85        135        377          0        120        220         10
  365     172         39        150       2010         60        168         20
  366     160         23        108        270        120        203         20
  367     114         49       2303          0        150        228         10
  368     173         85       2160          0        120        229         10
  369     135         23        213       3093        360        519         20
  370     183         60         96          0         60        181         10
  371      74         20       5221       6408        120        229         20
  372     176         77         39          0         60        200         10
  373     152        146       1043          0         90        200         10
  374     101        120       1250          0        360        469         10
  375      98         53       1297          0          0        172         10
  376     158        128       2022          0        210        278         10
  377     135         78       1444       5113        120        224         20
  378      57         29       1752          0        120        228         10
  379      96         79       3055          0         30        208         10
  380      35         63       2025          0          0        138         10
  381      39         52         90          0          0        107         10
  382     141        103         49       1836          0        171         20
  383     154         25         16        113        120        191         20
  384       7        117         16      10588         60        175         20
  385      86        102        615       2112        150        285         20
  386     110        119       4225          0        180        249         10
  387     100         53      13506          0        120        254         10
  388     169        147         10          0         60        217         10
  389      69         90       3243          0        390        495         10
  390     150         79      12923          0        210        287         10
  391     126        132       1472        222         60        196         20
  392      83         64        104         25        120        287         20
  393      35        109       2377          0        120        202         10
  394      48         83       1995      13005          0         99         20
  395     102         27         33       2085          0         98         20
  396     148         47       1068       9983          0        148         20
  397      96         82         90       3809         90        189         20
  398     137         17        493       2819        300        460         20
  399      73        157       5588        126         90        171         20
  400      31        107        326       1156         30        201         20
