400_278

CUSTOMER  VEHICLE
NUMBER	  NUMBER     CAPACITY    DispatchingCost
    400     500          40000       100

CUSTOMER
CUST NO.  XCOORD.   YCOORD.   DDEMAND   PDEMAND   READY TIME  DUE TIME   SERVICE TIME

    0      41         23          0          0          0        960          0
    1     104         91       5658          0         90        225         10
    2      25         52       2409          0        120        276         10
    3     117         63      11844          0        150        284         10
    4      49        148        772          0          0        161         10
    5     148         23       5155          0        450        515         10
    6     191         97       4636          0          0        204         10
    7     111         70       2613       8002        120        181         20
    8     181         76        134        217        120        247         20
    9      87        139         60          0         90        167         10
   10     164         70       1545          0        120        195         10
   11     121         66         27       1505         30        129         20
   12      95        146       1549          0         90        195         10
   13     109         75       5146          0         60        170         10
   14      38        113        470       2221         60        207         20
   15      86        140        100       4343          0        176         20
   16     123         62       1825          0        300        403         10
   17     193         91       1440       5669        150        225         20
   18     151        123       9812       5188        360        535         20
   19      68         73         36          0        150        251         10
   20      85        128       1184         82         60        168         20
   21     131         44       2513        428        150        226         20
   22     102         75       2796          0        210        287         10
   23      91         55       6953          0          0        131         10
   24      22         99       2008          0         30        122         10
   25      23        102        617       2432        390        464         20
   26      16        118       7875       2080        390        525         20
   27       7         97         54         17          0        171         20
   28      87        140       2695       3645        150        220         20
   29      69         51       4815       3808          0        119         20
   30     194         82       4993         99         60        206         20
   31     172         43        620        280         30        178         20
   32      26        121       3377          0          0        143         10
   33     150         81         97        351        180        289         20
   34      66        117      10176        845          0        175         20
   35     115         64       2545          0        150        292         10
   36       5         36       1577          0          0        167         10
   37      17         49       1940         15        120        213         20
   38      16         35       5990          0          0        168         10
   39      27         73       2173          0          0        100         10
   40      98         99       3156          0          0        148         10
   41      26         73       6403         37        300        478         20
   42     136         72       5681        483        360        525         20
   43      27         22       1614       1875        330        400         20
   44     117         56       7730       2583          0        135         20
   45      72         86       1687       1497        180        254         20
   46       0         90       7975       4343        360        506         20
   47     133        102         73          0        120        285         10
   48      63        111       1269       2888          0        123         20
   49     150         53         54          0         90        230         10
   50     115         96       3726          0         60        145         10
   51     168        139         35        643        120        278         20
   52      79        122       3671          0        180        260         10
   53      53         78        416       1636        420        493         20
   54      87         53       8945          0        360        525         10
   55      44         71        164        504        150        225         20
   56     122        128       3545       1686        300        399         20
   57     126        111       1629       9241        150        251         20
   58      84         85        648          0          0        141         10
   59      98        116       1524      11435        120        224         20
   60     112         47        105         93        180        265         20
   61      12         55       1489          0        330        424         10
   62      60         43        136          0        120        193         10
   63     122         83        129        346         30        144         20
   64     132         61         15          0        120        265         10
   65      57        145       2633          0         60        215         10
   66     130        122       9733          0        150        257         10
   67     169        111       1118       3641        120        248         20
   68     102        120       1840          0         90        252         10
   69     131         18       2262          0         30        158         10
   70     146         33        127          0         60        232         10
   71     174         93       1500         15        150        250         20
   72      76         68        612        406        210        281         20
   73     173         56        817       2138        120        258         20
   74     152         56       1331       1863        150        267         20
   75       8         81        232         34        120        191         20
   76     177        112        280        193          0        200         20
   77      56         64       1200          0          0         84         10
   78      52         10       3033          0        300        425         10
   79     120         85       3926          0         30        157         10
   80     162        118       1841          0        180        255         10
   81     112         74        347          0          0        138         10
   82     114         77         11        615         30        170         20
   83     141        142       2973        620         60        236         20
   84      47         96        920          0        210        283         10
   85     160         22       1246        151        390        467         20
   86      72         39        586         23          0        140         20
   87      57         29       9626          0        120        190         10
   88     131         89         49          0        120        184         10
   89     119        140       1919       4387        360        499         20
   90      34        149       1526       3958         60        216         20
   91      99        108       6709          0          0        142         10
   92      74        120         20          0          0        167         10
   93      30         45      12886          0        420        492         10
   94      18         11        335          0          0        109         10
   95     195         84         17          0          0        215         10
   96     148        128       1544       1286         30        200         20
   97     159        127       2388       2516         60        201         20
   98     163         22       5394         85          0        176         20
   99     164         73        887        104        150        229         20
  100     122         77        442        345        120        188         20
  101      51         98        407       8859          0        107         20
  102      73         55      14262          0        120        289         10
  103     110        119       1017          0        210        288         10
  104       7         28       1609          0        180        298         10
  105     119         55       3884          0          0        135         10
  106     102         67       1641         27         60        152         20
  107      39         39       1802          0         60        204         10
  108     194         80       1352          0          0        205         10
  109      88         67        619          0         90        216         10
  110      52        130      15000          0         60        222         10
  111      22        129       4578          0        210        292         10
  112      45         79       1104          0        150        227         10
  113      48         83       2181       2064        120        233         20
  114      28         45       7004          0         30        130         10
  115      53        120      13142       1858          0        170         20
  116     132         27        922          0          0        140         10
  117     126         36         51        569        120        254         20
  118      75         34        803       5376        120        253         20
  119      73        157       1944          0        180        263         10
  120     185         44        233        984        150        256         20
  121      63         90       2683          0        180        251         10
  122       0          8       2947         34        180        294         20
  123      25         72         97       1414         60        171         20
  124      35         23      11040        503        120        281         20
  125      68         21       1661          0        150        229         10
  126      92         84       1940       2028        420        522         20
  127      86         67        991          0          0         96         10
  128      78         32       3212          0          0        116         10
  129      31        142       5368       2559        390        470         20
  130     121        147       6372       1923        150        256         20
  131      19         98       5993          0        330        470         10
  132     198         86       2360       2542         30        214         20
  133      35        109       2089          0        120        225         10
  134      10        116       1261          0          0        149         10
  135      88         54       1037       7180          0        101         20
  136     140        133       2253          0         60        196         10
  137      69         24        108        117          0        144         20
  138     174         66         54       2020         90        226         20
  139     119         11       1680          0          0        131         10
  140     117        100       6469       8004          0        157         20
  141     137        143        188          0         60        189         10
  142     100         29       3137        668          0        114         20
  143      71        100       5973          0         30        121         10
  144     176        112       3983       1777         60        201         20
  145      34         67       2009        514          0         86         20
  146      38         31       2308      12692        300        399         20
  147     134        122        950          0        120        295         10
  148      54        104        194      14806        120        186         20
  149     153         75       5845         36          0        170         20
  150      26        126        248       2684        120        237         20
  151      79        119        519        759         60        165         20
  152      69        134       1438         28         90        203         20
  153      79        101       4006        199         60        144         20
  154     122         34       2224          0        120        223         10
  155      78         17       2692        337        390        461         20
  156     131         17        190          0          0        154         10
  157      20         21       2489       2006        210        291         20
  158     193         92       2155       4270          0        207         20
  159      21         78      12793       2207        120        225         20
  160     151         77      13526       1474        120        190         20
  161     133         37      13294       1706          0        127         20
  162      25        155       4785          0        390        528         10
  163     160        118         65       1669         60        227         20
  164     136        148         58          0         90        228         10
  165     146        112         64          0        120        294         10
  166     113         64        311          0        150        291         10
  167      57          0       4103        156        120        247         20
  168     140         94        300          0          0        162         10
  169       8         43       2143          0        120        262         10
  170      96         81         56         17        120        204         20
  171     133         89       1772       7207        390        457         20
  172     122        101       1641          0         30        166         10
  173      67         61         30          0          0        127         10
  174      92        120       2713          0        150        226         10
  175      87        130         12          0         30        164         10
  176     135        130       4812          0        120        230         10
  177      39         27       6210          0        120        192         10
  178      82         92       4707       1260        300        440         20
  179     111         65       3524       6652        360        492         20
  180      80         11       1799          0        360        524         10
  181      86         77        357        986        180        260         20
  182     102         78       8295          0        120        222         10
  183     132         36         13       2630         90        182         20
  184     105        126        525          0         60        171         10
  185      73         92      15000          0        300        413         10
  186      65         79         29       9866        330        493         20
  187     133         52       4356          0         60        130         10
  188     132         44       3422          0        210        282         10
  189      40        155        117          0          0        176         10
  190     168        109       2850      11299        180        286         20
  191     181         42       4565       2636          0        180         20
  192      78          8       4580          0        330        430         10
  193      69         22       7888       3483          0         63         20
  194      38         73       1018        562        150        294         20
  195     155         74        180          0          0        170         10
  196      95         66         82        101          0        108         20
  197     109         98       2338       2432        120        246         20
  198      26        127        117       1919        330        435         20
  199     122         66       3521          0         90        246         10
  200     152        146        250          0        390        470         10
  201      13         26      14853        147        360        463         20
  202      65         82       2587        500        120        188         20
  203     120         78         82         76         60        144         20
  204      91         70        147        589          0        143         20
  205     189        101        830          0        180        281         10
  206     146        141       2236        972        210        296         20
  207     151         22       3910          0          0        168         10
  208     152        110       1356          0         90        230         10
  209      34        127       5945          0        120        254         10
  210      95         90       1636          0        150        272         10
  211      48         46       3295       5889          0        146         20
  212      27         76        563       7334          0        108         20
  213      75        130        263          0         60        165         10
  214     150         79         92        301         60        226         20
  215      56        103        362         37          0        132         20
  216     157         96       1116        621         90        230         20
  217      85         71        857       3492         30        142         20
  218      67        115        280       8547         60        199         20
  219      31         13       1210       3648        180        277         20
  220      86         52       1157          0         90        251         10
  221     169         76       4559         30        150        249         20
  222     158         33       1537          0         90        160         10
  223       5         14       4792          0         30        102         10
  224     192         92       5136          0        120        296         10
  225      70         72       2362        180          0        108         20
  226     116         75         63       5651         30        135         20
  227      29         38       2338        449          0        138         20
  228      39         52         90          0          0        107         10
  229     123         59       6700       4619         30        204         20
  230      74         20        127          0          0         75         10
  231     183         79       2944         36        120        287         20
  232     109         94      15000          0        300        463         10
  233     127         93       3266          0         30        163         10
  234      58         88       1900          0        150        271         10
  235      81        139        847          0         90        196         10
  236      29        114      11268          0          0        149         10
  237     153        134        116       1745         90        221         20
  238      90         16       8545       2763        330        491         20
  239      67         95       1760        192        120        213         20
  240     109         64       2869         98         90        217         20
  241     111         35       4771       2527        360        476         20
  242     173         62        205       1859        120        264         20
  243      42         16       2135          0        120        252         10
  244     132        136       5071          0        360        528         10
  245      37         14        902          0          0         76         10
  246      66         71       7810       7190          0        103         20
  247     167         94        888       5693          0        185         20
  248      28         81       4605          0          0        105         10
  249      52         61         60          0          0        111         10
  250     107         63        800       1174         90        243         20
  251      58         79       2086       1894        360        458         20
  252      30        155         18       6217          0        169         20
  253     125        103        998       2362        150        279         20
  254      26        142       2377       1745        180        252         20
  255       8         10        216       2069        150        286         20
  256      99        113        134          0         60        156         10
  257      76         78       3955       4377        120        287         20
  258     111         25       1110          0        120        236         10
  259     100         14        396          0        120        255         10
  260     170         81       3004      10698         60        191         20
  261      31          4       2093          0        120        275         10
  262     140        128         30         17         30        195         20
  263     106         59       4453          0         90        161         10
  264     194         65         76          0        180        284         10
  265      51        115        567       3605         30        192         20
  266      32         41        255        177        150        275         20
  267     112        138      14049        878         90        173         20
  268      95         24         60       2219          0        153         20
  269     120        116        786          0         90        184         10
  270      36         20       2287        292        120        282         20
  271      17        126         84          0         30        150         10
  272     111         67       3489        829        120        236         20
  273     186         83         22       9806          0        202         20
  274     174        119       2449       2204        120        215         20
  275      32         56        683          0         30        189         10
  276      88        103       3713          0        180        260         10
  277      64         44       1758       7409          0        122         20
  278      71        107        655          0          0        133         10
  279      93         94       1154        595         60        127         20
  280      63         52        656          0        150        284         10
  281      48         54       2908          0          0         67         10
  282      62        151       5376         22          0        187         20
  283      99         56       8544          0          0        109         10
  284      19         13       1044          0          0         64         10
  285      49         47        679          0        120        189         10
  286     134         34        299        201          0        142         20
  287      74         63        354          0        210        277         10
  288     176         77         39          0         60        200         10
  289      77         63       6727        423          0        101         20
  290      25         47        260          0        120        197         10
  291      83         25       2025         40          0        157         20
  292     160        101       2010          0          0        176         10
  293     111        131         82       1349        150        234         20
  294     108         38       1775          0         30        193         10
  295     144         34       2376       1927        360        436         20
  296     148        126       1719          0          0        199         10
  297     197         58       2012          0          0        192         10
  298      85        102       2066        249         60        202         20
  299      56        102        780         34        420        502         20
  300     144        128        172        300        300        396         20
  301     187         54       3502          0          0        189         10
  302     151        120       5130        484          0        198         20
  303     135         51         64       4551          0        135         20
  304      96         86        212        673        120        288         20
  305     150         46       3578       1196         30        162         20
  306     152         87       2636          0         60        186         10
  307      90        124        108        137        210        285         20
  308      43        129       1640          0         60        141         10
  309     109        146       4850       6304         60        190         20
  310     116         43        480       1500          0        129         20
  311      83         64        104         25        120        287         20
  312      60        118       7904       5162         60        141         20
  313     102         72       2790      12210        210        280         20
  314     139        107        481          0        120        230         10
  315      30        106       3753          0        150        219         10
  316     140        104        856        542        150        230         20
  317     131        104       1858          0        150        263         10
  318      35          8       1992       2702        120        286         20
  319      60        148       1697       5044         30        189         20
  320      74        119         60          0        120        261         10
  321     142        136       2434        856        180        240         20
  322     186         72         91       2136         60        206         20
  323     142        124       3269          0        120        281         10
  324     167         57       1475          0         60        181         10
  325      13        119        606          0        210        287         10
  326     174         54       1034          0        180        264         10
  327      54          2       7666          0         30        110         10
  328     150        131       1010          0        180        250         10
  329      33        131       1500          0        120        250         10
  330      88         73       2290       7406          0        142         20
  331     190         58       4309         30        180        250         20
  332      27         84         33      14967         30        165         20
  333     127         52        301          0         30        156         10
  334      84         66        450          0        180        273         10
  335      78         10       8007          0        120        252         10
  336      71         59       6086       1430        120        224         20
  337     106         55        309          0          0        165         10
  338      32          5        585          0        120        246         10
  339      25        117       5161       1943        330        486         20
  340      23         35       3072       5533         30        151         20
  341      96         68        840          0          0        137         10
  342     139         18         43       2453        120        190         20
  343      91         84       2130       1307        330        440         20
  344      16         10      11938        630        120        207         20
  345      99        144       1870        142         60        171         20
  346      42         14       1514          0          0        159         10
  347      66        109       4511          0        420        525         10
  348      85         76       2490       5313        120        185         20
  349     122        109       1098       3238        180        286         20
  350       2         22       6503          0          0        136         10
  351     113        121       2180       2542         30        172         20
  352      24        148         40       1123        180        277         20
  353     122         30       1332        207         30        154         20
  354      80         46         21          0        120        224         10
  355     139         33      12751          0        330        491         10
  356      52         63       3542          0          0         77         10
  357     112         75       5947          0        390        471         10
  358      41         70         30       1036        120        248         20
  359      53         44       5047       1204         60        144         20
  360      45        126         61          0          0        154         10
  361      76          4       9807       2333        330        431         20
  362      80        139        255          0         90        196         10
  363      57        153        299         30        360        455         20
  364     161        117        282          0        120        219         10
  365     172        113         47          0         60        231         10
  366      18         22       2684          0          0        102         10
  367      15         10       2020          0         90        184         10
  368      53         61       7335        178          0         76         20
  369      90         47       2146          0        120        281         10
  370      10         15       1552          0          0        100         10
  371      88         63       2453         17         30        116         20
  372     185         98       3330       1980         60        203         20
  373     160         23        108        270        120        203         20
  374     153        148         43      14957         60        217         20
  375      97         46         56       6099        120        244         20
  376      33        113        106       7832        120        190         20
  377     145        114       8961          0        420        494         10
  378      80         93       2005         32        120        197         20
  379      17         36       1330         14          0         99         20
  380      20         39         60        108          0        106         20
  381      61         63        183          0         30        140         10
  382      55         91        348       2453        180        289         20
  383     110         69       1453        121         60        230         20
  384     151         82         39          0        150        259         10
  385      85         77       7409          0         60        220         10
  386      95         38      10533          0        300        398         10
  387     159         75       7375          0        330        468         10
  388     135         37        820          0        120        284         10
  389     107         21        876          0        120        285         10
  390      13         12       1157       1527          0        129         20
  391      78         87      15000          0          0        144         10
  392     116         94        181          0        120        203         10
  393      41        145       7246       3055        120        258         20
  394     119         15       4175       4102         30        159         20
  395      85         52       4061          0        120        216         10
  396      80         64        414          0          0         99         10
  397       7         33        300       6210          0        137         20
  398      78         65         89          0        120        287         10
  399      96        118        111          0         30        172         10
  400     148         32      10754       1881         30        164         20
