400_283

CUSTOMER  VEHICLE
NUMBER	  NUMBER     CAPACITY    DispatchingCost
    400     500          40000       100

CUSTOMER
CUST NO.  XCOORD.   YCOORD.   DDEMAND   PDEMAND   READY TIME  DUE TIME   SERVICE TIME

    0      41         23          0          0          0        960          0
    1     180         65       1322          0         90        232         10
    2     120         85       3926          0         30        157         10
    3      81         11       1613          0        120        234         10
    4     173         62        205       1859        120        264         20
    5     106         59        129        287        150        220         20
    6      34         98        474         23         60        133         20
    7       8         81        232         34        120        191         20
    8      80         48        156          0          0        141         10
    9     160         56      13442       1558         90        220         20
   10      74         63        354          0        210        277         10
   11      22         99       2008          0         30        122         10
   12     106         55       1939          0          0        108         10
   13     135         29       2789       1610         30        155         20
   14      86         86        422       2620          0        133         20
   15     167         47       2384          0         60        205         10
   16     188         83       2334          0         90        204         10
   17      91         73        314          0        420        530         10
   18      27        100       2133       1839        390        531         20
   19      88         87       9970          0        180        279         10
   20     112         74        347          0          0        138         10
   21     142        136       2434        856        180        240         20
   22      86         67       6081          0        420        528         10
   23     119         33        108         80        150        220         20
   24      57         29       1752          0        120        228         10
   25      20        116       2331      12669        120        252         20
   26      59         14       5199       2975        120        282         20
   27     104         91         86          0         60        220         10
   28     117        146         75       4866        120        193         20
   29      78         84       2387          0          0        148         10
   30      30        155       1745       2364        120        269         20
   31     146         88      10696          0         30        163         10
   32       2         17       1772          0         30        156         10
   33     119         94        388       2215         60        200         20
   34     120        117       1615       1636          0        157         20
   35      69         24        108        117          0        144         20
   36     134         89        282        197        360        437         20
   37     195         84       2484          0         60        218         10
   38     171         66       1122       7730         30        191         20
   39      54         40         95          0        120        220         10
   40     156        115       1299        588        120        296         20
   41      59        134        864          0        120        196         10
   42     158        142        156        107          0        211         20
   43     113         64        311          0        150        291         10
   44     145         69       2080       4330        420        492         20
   45     155         35         90         20         60        165         20
   46     160         78        606       1253        180        250         20
   47     135         78      15000          0        300        404         10
   48      94        118       2191          0        180        250         10
   49      40         29        124          0          0        175         10
   50     122        128       3545       1686        300        399         20
   51      11         34       5652       3785          0         79         20
   52      81         75       2086          0         60        174         10
   53      19         13        108          0         90        247         10
   54     163        111       1648       5955        120        258         20
   55      78         32       7967       2036          0         81         20
   56      55         91        348       2453        180        289         20
   57      44         86         37          0          0         99         10
   58      62        151         60          0        180        264         10
   59      88         73      14285        715          0        119         20
   60      73         43         75       1067        120        284         20
   61       7        116         82       2516        150        227         20
   62     199         87       1536        511        450        538         20
   63     121         81         92          0         60        173         10
   64     111         70       5395       2706         90        173         20
   65      22         15         90          0         30        174         10
   66      15        118      14294          0        210        277         10
   67      57        153       7500        437        120        231         20
   68      92        120       2713          0        150        226         10
   69      67         94        266          0         30        128         10
   70      52        130       1940       1003         60        164         20
   71     186         73       2487        847         90        194         20
   72     105         68      10387        223        120        288         20
   73     141        142       8313          0          0        206         10
   74     164         73       5735          0         60        200         10
   75      83         74       1537          0         60        231         10
   76      46         52        105          0          0        172         10
   77      28         74        178          0         30        198         10
   78      77        120         22          0         90        230         10
   79      33        113        106       7832        120        190         20
   80      36         79         86        212        450        517         20
   81      73        157       5588        126         90        171         20
   82     163         77       6210       1909        210        272         20
   83     107         63       3716       4355         30        185         20
   84      76         16         16         49        120        234         20
   85      76          4       9807       2333        330        431         20
   86     123         67       3124       2437         60        203         20
   87     141         68       3120          0        330        433         10
   88      81          8       1000        363        300        394         20
   89      48          5       1638       4183        450        526         20
   90     111         67       3489        829        120        236         20
   91     130         68        149          0         30        156         10
   92      71        107        655          0          0        133         10
   93      28        120       8107          0         60        174         10
   94     131         83        315       1751         90        220         20
   95     191         51         74       3792          0        205         20
   96     139         33      12751          0        330        491         10
   97      60        148       1697       5044         30        189         20
   98      98         10        165          0          0        133         10
   99      42         62         51          0         60        172         10
  100     112         75       5947          0        390        471         10
  101     111        131       1290          0          0        180         10
  102     122         30       1332        207         30        154         20
  103     158         33        775       1136          0        160         20
  104     131         17        190          0          0        154         10
  105     164         85        630       5376          0        171         20
  106      85         61       3805        210         60        151         20
  107     150        131       1010          0        180        250         10
  108      37         15      15000          0          0         77         10
  109     198         67       1886          0         30        195         10
  110     153        148       3786          0         60        219         10
  111     147         57       1502       7667        360        522         20
  112      68         94       4472       1951        120        198         20
  113      68         73         36          0        150        251         10
  114      89         56        625       1959          0        116         20
  115     125        103        101       1261         90        233         20
  116      70        125       1563        238         90        172         20
  117      40        112       1854          0        390        460         10
  118      15          3        841       1915         30        187         20
  119      85         83       6623          0          0        111         10
  120      37         14        902          0          0         76         10
  121      60        118       7904       5162         60        141         20
  122     155         55        452       9990         30        184         20
  123      47        137        248        413        150        245         20
  124     160         92        750       2077         60        218         20
  125      29         24       3492        215        300        427         20
  126     112        138      13644       1356        120        250         20
  127      39         33        673        169        420        497         20
  128     132         36         13       2630         90        182         20
  129      90         92         15          0        120        228         10
  130      82         15      13910          0        120        283         10
  131     108        105       5644          0         60        163         10
  132     121         71       2620       5274          0        126         20
  133       0          8       5321        105        120        223         20
  134      46        125       1175      13825          0        153         20
  135      51         47       3775       1544          0        159         20
  136      77         55        280       1511          0        110         20
  137     158         71       3592        231          0        160         20
  138      56         10        887      14113        120        216         20
  139      22         44       4416          0        360        458         10
  140      83         99         78          0         30        137         10
  141      57        145         64          0         60        221         10
  142      53        120        132        741         60        159         20
  143      13         26        384        211        120        187         20
  144      91         95       1257       6161         30        123         20
  145     112         47       4377          0        120        200         10
  146     107         77       3438       2076        150        220         20
  147      92         88       2076         67         90        250         20
  148      53         69         82       2826         90        194         20
  149     153         48        280          0         90        171         10
  150      87        113       1519          0         90        169         10
  151     179        114       1724          0         30        220         10
  152     185         98       2153          0         30        214         10
  153     123         59       6700       4619         30        204         20
  154      58         88       1900          0        150        271         10
  155      70        126       1688       1036        330        497         20
  156     168         96       2000        101          0        192         20
  157     141         30         31        277        120        232         20
  158      68         96         65          0        150        242         10
  159     116         85        152          0         60        141         10
  160     140        104        856        542        150        230         20
  161      86         52       1738          0          0        130         10
  162      14         34        456          0        120        280         10
  163      27         73       2314          0        300        469         10
  164     121         91      14100        900        180        286         20
  165     184         71       5419       1364         60        201         20
  166     152         91        170          0        120        197         10
  167      60         79       4537       1655        300        430         20
  168     152        110       1356          0         90        230         10
  169      56         64        170       5400         60        195         20
  170      57          0       4103        156        120        247         20
  171     167         35      11558       3442        150        218         20
  172      49        148        772          0          0        161         10
  173      12         98       1233          0         90        246         10
  174     108        137        182       1571        180        286         20
  175       0         90       7975       4343        360        506         20
  176     148         94      12593       2407        150        227         20
  177      76         94        866          0         30        131         10
  178     172         39        150       2010         60        168         20
  179      98         46        101      14899          0         92         20
  180      68         21       1661          0        150        229         10
  181      93         68       2493          0         30        147         10
  182      48         74       4997          0        360        489         10
  183      45         61       1970        147        120        198         20
  184      64         71        840       3155        300        416         20
  185     103        124        181          0        180        286         10
  186      64        137       1077       1708        360        530         20
  187      21        101       3626       2067        360        423         20
  188      28         14        537          0        120        194         10
  189     176        113         45          0        120        275         10
  190      98         99       3156          0          0        148         10
  191     101        117        637       2111         60        233         20
  192      87         69         16          0        120        230         10
  193      54          2       7666          0         30        110         10
  194      52         62       1715       3401          0        108         20
  195     146         40       1068       5200        120        237         20
  196      48        129       2461          0          0        177         10
  197     134         55       3496          0        120        276         10
  198      82          9      11160        222          0        127         20
  199      26        126       1513          0        360        522         10
  200      38         68       3160          0        360        432         10
  201      42        127       2066      12934        120        248         20
  202      85         77        259       1035          0        175         20
  203     192         62       1622        257          0        205         20
  204     176         71       2581         20         60        184         20
  205      18         29       2139        442        120        258         20
  206     188         95       2958          0        120        232         10
  207       7          4       1847        908        120        253         20
  208     137         49        173          0          0        158         10
  209      40         67       1644          0        450        523         10
  210     148         30       5837       1870         90        163         20
  211     109         94       1512       2434         60        186         20
  212     166         88       5588          0         30        195         10
  213      69          1        665       4247          0        134         20
  214      70         76         19      11041          0        104         20
  215     138        128       2515       7408         90        256         20
  216      15         37         90       6257        180        253         20
  217      80        113       2250       2029         60        191         20
  218     158         73       3051          0        360        466         10
  219      56         49       1691       6109        120        260         20
  220      87         81        949          0        360        471         10
  221      80         11      15000          0          0         73         10
  222     167         57       3868        200         60        201         20
  223      38         31       2308      12692        300        399         20
  224     121        129       1491          0         90        263         10
  225     105         41       4551       1073          0        169         20
  226      26        142       2365         31         30        168         20
  227     166         83       2535        376          0        189         20
  228      96         66       7052          0        150        258         10
  229      95         66        265          0          0        149         10
  230     133         37      13294       1706          0        127         20
  231      85         76        465          0        150        278         10
  232     162        118       1709          0          0        199         10
  233     176         59       3726          0        150        283         10
  234     182         66      10279          0        150        225         10
  235     113         48       2963        624        300        410         20
  236     117        152        102       6373        210        283         20
  237     115         61         14          0         60        166         10
  238     170         81       3004      10698         60        191         20
  239      61         76       6572          0         30        164         10
  240     110         92       2702          0         60        221         10
  241     120        129        100       8516        210        289         20
  242      57         70       3068          0        120        217         10
  243     151         22       1517          0         30        160         10
  244     138        146         31          0         90        208         10
  245      67         96       1792         81          0        128         20
  246     122         66       7045        313         90        224         20
  247      56         51         13        699        150        280         20
  248     130         52       2295          0        390        472         10
  249     118         67       2780          0          0        168         10
  250     146        132       6216          0        180        260         10
  251     173         87       5332          0        300        410         10
  252      20         98       1926          0         60        237         10
  253      29         11       8445          0        390        470         10
  254     101         85        431       3769        420        521         20
  255     136        148         58          0         90        228         10
  256      85        102       2066        249         60        202         20
  257     191         57       1758       2206         90        201         20
  258      74         95       5497       2199          0        125         20
  259      25        155       3138          0        120        252         10
  260      72         39        586         23          0        140         20
  261     185         44        233        984        150        256         20
  262      63         90       2683          0        180        251         10
  263     103         96         20       1989        150        281         20
  264      83         64        259         54          0         95         20
  265      74         66       2529          0          0         94         10
  266      96         68        840          0          0        137         10
  267     103         56       4371       2547        300        475         20
  268     138         53       6618       1944        360        451         20
  269     169         35       1862        106          0        162         20
  270     160        101       2010          0          0        176         10
  271      85         52       4061          0        120        216         10
  272     168        109       2850      11299        180        286         20
  273      47        133       4963          0         60        232         10
  274     130         44         30          0         60        234         10
  275      97         86       4135      10865          0        154         20
  276     123         66       3302          0         60        224         10
  277      86        140       4314          0        300        416         10
  278     116         83        365          0        120        227         10
  279      53         44       5047       1204         60        144         20
  280     139        107       4140        182         60        172         20
  281      42        125       1889          0        120        194         10
  282      48         54       2908          0          0         67         10
  283     111         54         13        436          0        168         20
  284      75         90       3133       1153        390        472         20
  285     115         90       8548         88        150        286         20
  286      27        127       6599          0        300        414         10
  287     103        127       4593       2410         60        157         20
  288      57         37       1885      13115          0        114         20
  289     128         56       2475          0         90        243         10
  290      18         22       2684          0          0        102         10
  291     126         72       7182          0        390        537         10
  292      44         47        202       1940          0         74         20
  293      61         49       1613       5466        120        195         20
  294      35        150        232          0         90        206         10
  295     106         96        379       2490         90        198         20
  296     197         87        781       2435        300        467         20
  297      32         43       3449          0        120        261         10
  298      76         68        612        406        210        281         20
  299     130        122       4586       1802        360        521         20
  300      62         17        162       2237        300        435         20
  301      33         70        712       2199         30        183         20
  302      90         29        600          0        120        192         10
  303     172        113         47          0         60        231         10
  304      76         78       3955       4377        120        287         20
  305     142        124        720         23        120        254         20
  306     109         75       1710        193         30        155         20
  307     142         28      14988         12        150        244         20
  308      49         43       6547          0          0         81         10
  309      96        112         12        285        120        254         20
  310      65         86         98          0        150        229         10
  311      88        103       3713          0        180        260         10
  312     168        139       3851          0        120        259         10
  313       7         97       4446       3145         90        255         20
  314      60         43        136          0        120        193         10
  315     154         38        139          0         90        257         10
  316     134        130       2799       3850        120        274         20
  317      87         53       8945          0        360        525         10
  318      12         16        690          0        150        288         10
  319     150         70       3899        511        300        469         20
  320     196         74       3743          0        210        292         10
  321      71        100       5973          0         30        121         10
  322      25        117      14638        287          0        134         20
  323     186         72       2562          0        450        526         10
  324      62         56         40        248        120        258         20
  325      61         31         55       1184        120        253         20
  326      55        102         15          0          0        129         10
  327       7        114       1255          0         60        173         10
  328      87         73       2733         25        120        285         20
  329      30         42       1110          0        120        220         10
  330      17         49       1940         15        120        213         20
  331      69         21         28          0        150        280         10
  332      82        131         14          0         60        223         10
  333     153         27       4494       1051          0        153         20
  334      96        118        579       5307        180        297         20
  335      35         49         56        259        300        410         20
  336      60         10       2247          0          0         93         10
  337     123         62       1825          0        300        403         10
  338      55        116      10997        108         30        131         20
  339      97         37        103       2795         30        196         20
  340     128        111       2939          0          0        162         10
  341      89         57        156         83         60        141         20
  342      88         61        363          0        330        474         10
  343     120         78       4018       3401        330        482         20
  344     161         87       1361          0          0        184         10
  345      21         12        104          0          0        146         10
  346      24        100       4040          0        150        250         10
  347     114         56       8362          0         30        201         10
  348      89         80        448       1710        120        230         20
  349      65        134        847        877        120        230         20
  350      22        146       5088          0        180        266         10
  351     123         72        941       1885         60        196         20
  352      86         76        670          0          0        120         10
  353      35         63       1931          0          0        100         10
  354     169        147         10          0         60        217         10
  355       5        116       2268          0        360        520         10
  356      28         34         85          0          0        132         10
  357      36        146        280       3622         60        189         20
  358      34        106        384        417          0        148         20
  359      97        113       1510       3134         60        192         20
  360      34         65       3800          0        420        522         10
  361      62         76       9568          0        300        429         10
  362     190         58       4309         30        180        250         20
  363     161        117        282          0        120        219         10
  364     100         23        730          0          0        133         10
  365      73         96        423          0        120        197         10
  366      42         52       1802          0          0        145         10
  367      48        138        563          0        180        260         10
  368      93         94        631       7181         60        138         20
  369     122        109       1098       3238        180        286         20
  370     162        146       2028          0        120        228         10
  371      50         64       1747       2222         90        160         20
  372      83        141       1653          0        150        252         10
  373      67         61        352          0        120        289         10
  374      78          6       2902       1882        120        196         20
  375     170         36       5879       1769        120        186         20
  376     135        130        651       5137        120        260         20
  377      59         54       4886       3022          0        163         20
  378      84         85        648          0          0        141         10
  379      21         40         48          0        120        196         10
  380     105         79       1959          0        180        242         10
  381     142         59        291          0         30        172         10
  382     198         85        594          0        120        288         10
  383      29        110       1016         30         60        157         20
  384     151         82       1594        107         30        185         20
  385      34        136         68          0        120        204         10
  386      82          8        280          0          0        133         10
  387      35         26         19          0        120        224         10
  388      30         45         17       1526        150        277         20
  389      90         83       2995          0         60        163         10
  390      86         77       1708        227        330        399         20
  391     135        121        172        566         60        196         20
  392     148        126       1520          0         60        194         10
  393      88         63       2453         17         30        116         20
  394      16         10      10906       4094         30        169         20
  395     160         77         26       3784          0        164         20
  396      43        129       1640          0         60        141         10
  397      77         20       1976       8108          0        167         20
  398      61         30         40          0        120        292         10
  399      80         64        414          0          0         99         10
  400     122         40         14          0        150        289         10
