400_298

CUSTOMER  VEHICLE
NUMBER	  NUMBER     CAPACITY    DispatchingCost
    400     500          40000       100

CUSTOMER
CUST NO.  XCOORD.   YCOORD.   DDEMAND   PDEMAND   READY TIME  DUE TIME   SERVICE TIME

    0      41         23          0          0          0        960          0
    1      88         61        363          0        330        474         10
    2      46         52       4362        227          0         80         20
    3     112         20       8802          0        360        539         10
    4     120        109         22       1769         60        170         20
    5     175         62        476          0         90        181         10
    6      69         92        351        290        390        492         20
    7     149         80        984          0         90        235         10
    8      53         37       5955       2429        120        290         20
    9     106        125        110          0        150        229         10
   10      35         97        196          0         90        170         10
   11     111         65       1020       1968         90        265         20
   12     117         63       4027       1999        120        279         20
   13      87         93         77          0        120        281         10
   14      39        139        147         13          0        163         20
   15      51        114       1974       1723        300        401         20
   16      32         73       3613       1893        360        487         20
   17       6         49       4040          0        120        231         10
   18      30         43       2209          0        120        293         10
   19     132         62       4261          0          0        136         10
   20     167         47       2384          0         60        205         10
   21      79         16        706       6211        360        441         20
   22      68         73       1260          0        150        261         10
   23      59         14       5199       2975        120        282         20
   24      73         92      15000          0        300        413         10
   25     178        117       2568          0          0        209         10
   26     172        108        183          0         30        202         10
   27     155         90       2119          0        120        258         10
   28      86         76        236        288         90        231         20
   29      10         51        117          0        150        296         10
   30     122         83       2054          0        180        253         10
   31      65         82       2552          0         90        170         10
   32       7        116         82       2516        150        227         20
   33     142         28      14988         12        150        244         20
   34     116         85         40          0        330        498         10
   35      95         38        433          0          0        100         10
   36     123         54      12556          0        150        238         10
   37     107         61        197          0         90        251         10
   38     127        122         14          0        120        266         10
   39      65         12        287          0          0         72         10
   40      15         36       1121          0        210        276         10
   41     173         87       5332          0        300        410         10
   42      85         77       7409          0         60        220         10
   43     142         91        108       4191        120        287         20
   44     180         65       1322          0         90        232         10
   45     186         72         91       2136         60        206         20
   46      69         90       1998          0         30        196         10
   47      34        136         68          0        120        204         10
   48     167        147        140         87         60        233         20
   49     119        140       1919       4387        360        499         20
   50      36         79         86        212        450        517         20
   51     131         44        310          0        120        188         10
   52      95         66         82        101          0        108         20
   53      66         63        237        665          0        160         20
   54      68         86       1828          0        120        194         10
   55     126        132       1472        222         60        196         20
   56     110        135       7052       7572        300        400         20
   57      57         37         14          0        150        219         10
   58     138         37      14957         43        120        277         20
   59      56         80        470          0         90        225         10
   60     121         85        191        147        360        438         20
   61     150         20        176        388         90        174         20
   62     185         59       3400       5639        120        206         20
   63     143         31         67          0        210        278         10
   64      34         98        474         23         60        133         20
   65     163        118       2063       4998         60        186         20
   66     107         70       6738          0        360        463         10
   67      67        115        280       8547         60        199         20
   68     132         69        268        345         30        186         20
   69     106         68      15000          0         30        170         10
   70     139         25       1956          0          0        176         10
   71      35          8       1992       2702        120        286         20
   72      45        147         86       1572         60        228         20
   73     176         71       2484          0        120        274         10
   74      27         76        563       7334          0        108         20
   75     115         90        276          0        120        259         10
   76     141         30        886          0         60        212         10
   77      31         40       6651       4849        150        222         20
   78      90         87       2773       3791        390        530         20
   79     160        108         90        124         30        191         20
   80      51        134         14          0        120        275         10
   81     146        130       1611          0        180        278         10
   82     148        126       1719          0          0        199         10
   83     123         66       3302          0         60        224         10
   84       5         14        439      14561        120        295         20
   85      98         53       4924      10076         60        133         20
   86     122        109       1098       3238        180        286         20
   87      46        113        442          0          0        171         10
   88     126        111       1629       9241        150        251         20
   89      57        145         64          0         60        221         10
   90      64         44       1758       7409          0        122         20
   91      52        130      15000          0         60        222         10
   92      78          7       1210        450         30        145         20
   93     176        111       1654          0         90        220         10
   94     151         77       4561       1854         90        228         20
   95      95         90       1636          0        150        272         10
   96      37         72       1536          0         30        201         10
   97     115         61        170          0         60        190         10
   98     146        141       2236        972        210        296         20
   99     123        124       6744          0        330        442         10
  100     170        139       2300          0        180        263         10
  101      71        129      12904         84          0        154         20
  102     186         73         74          0         60        190         10
  103     111         25        700       1224          0        120         20
  104      13        119        606          0        210        287         10
  105      74        140        108          0        150        277         10
  106      80          5         70          0        150        276         10
  107      34         67       2009        514          0         86         20
  108      15         54         12        107        180        278         20
  109     123         52        720          0        180        240         10
  110     137         49        501          0          0        157         10
  111     110        119       1017          0        210        288         10
  112     152        146        505          0         90        231         10
  113      90         29         45          0         90        186         10
  114      36         72       2498        527        300        437         20
  115     106         82       1914          0        120        193         10
  116      17         18       3480          0          0        104         10
  117      86         52       1738          0          0        130         10
  118      23        141       2280          0        150        231         10
  119      68          2         26        174          0        145         20
  120     192         62       1622        257          0        205         20
  121      96         81       6831          0        120        198         10
  122     177        112        280        193          0        200         20
  123     136         69       1344        232        330        472         20
  124     145         69         44          0         30        143         10
  125     110         21        806          0        330        464         10
  126      63        111        378          0         90        262         10
  127     198         85        594          0        120        288         10
  128     172         39       6060          0          0        177         10
  129      45         79       1104          0        150        227         10
  130      66        119       1551          0        150        227         10
  131     190         58        154       2544         30        204         20
  132     197         70         83          0         60        208         10
  133      34         79       1777       1839        300        412         20
  134      65         57       1104          0          0         75         10
  135      68         96         65          0        150        242         10
  136      77         63         68       4814         60        167         20
  137     176         59        200       2283        150        254         20
  138       8         46       1713          0        180        266         10
  139      96         36         74          0        120        220         10
  140      60         13        324          0          0        103         10
  141      87        101         84        149         60        127         20
  142      87        139         60          0         90        167         10
  143      52         92        577          0        180        285         10
  144     194         82       2787       2387         30        203         20
  145     128         72      13201       1799        210        287         20
  146      71        100       5973          0         30        121         10
  147      15         10        239          0         30        168         10
  148      47        133      11397          0        120        249         10
  149      59         85        631       4636        360        488         20
  150      69         22        101          0          0        143         10
  151     123         59       1081          0        390        528         10
  152      74        120         20          0          0        167         10
  153      36         87        913      10752        180        297         20
  154      16         62       4458          0          0        103         10
  155      13          8       2823          0          0        149         10
  156      42         52       1613       2243          0        127         20
  157      79        122       3671          0        180        260         10
  158      40         67       1644          0        450        523         10
  159      89         79        987         92         60        167         20
  160      89         80       6860          0         30        142         10
  161      95         84       3079          0         90        213         10
  162     134        130       2799       3850        120        274         20
  163     158         24       5374          0          0        166         10
  164      33        113       1782         96        210        285         20
  165      35        109       2089          0        120        225         10
  166     154        105       2024       1850        420        494         20
  167      78         98        462       2331         90        237         20
  168      66         71       7810       7190          0        103         20
  169     129        122       1595       1221        210        279         20
  170      48         83       2181       2064        120        233         20
  171      70        126       1688       1036        330        497         20
  172      78         65        960       4741         60        203         20
  173      40         29        124          0          0        175         10
  174     135         51        172         41        120        247         20
  175      60         49       1543         90         30        166         20
  176     173         56        817       2138        120        258         20
  177      15          3        401         98        120        222         20
  178      86         67        991          0          0         96         10
  179      60        148       1697       5044         30        189         20
  180      24         59       4918          0        390        502         10
  181     169         35       1862        106          0        162         20
  182      20         78       3380      11620         90        171         20
  183      83         86         89          0         90        182         10
  184     137         17        493       2819        300        460         20
  185      83         85        300       4834         90        174         20
  186      44        101       1242          0         30        183         10
  187     151        107      12718         82        330        454         20
  188      44        133        690        106        150        216         20
  189     111         85       2903          0        120        279         10
  190     144         86       6707       6109        120        228         20
  191     131         83        315       1751         90        220         20
  192     127         53       1804          0        120        225         10
  193     120         33       1841       1896        150        222         20
  194      35        124       6109        251          0        146         20
  195      84         56        142       7646        210        292         20
  196       7        117        610        100         60        189         20
  197      93         50        710      14290          0         98         20
  198      34         65       3800          0        420        522         10
  199      47         62        621       3243        120        279         20
  200      30         73       1538      13462        300        427         20
  201       8         81        232         34        120        191         20
  202     101         20        428       1271        120        184         20
  203     111         41        306       2191        120        230         20
  204      49         88       1526       1790         90        228         20
  205     107         77       3716          0          0        153         10
  206      59         81         90       3021        120        228         20
  207      54          2        181         31          0        110         20
  208     166         28      11551        984         30        194         20
  209     199         74        336          0          0        208         10
  210     112         78        108       1511        120        216         20
  211     161         36      14657        343        390        502         20
  212      45        116       4319        893          0        140         20
  213      87        130       3686          0         60        158         10
  214      39         27       6210          0        120        192         10
  215     167         57       1475          0         60        181         10
  216     164         76         51        577        180        251         20
  217      61         49       1523          0        150        242         10
  218     172        113         47          0         60        231         10
  219      61        103       2360       8296        180        274         20
  220      76         87       6305          0        450        525         10
  221     110         98         56       7374         90        178         20
  222      29         68       1074          0         60        197         10
  223      74         63       2340       8107        120        225         20
  224     131         51       2121          0        120        236         10
  225      53         44        287          0        150        256         10
  226     149         94        165        502        180        259         20
  227      90         28        374      14626        300        434         20
  228     147         39       2024       2295         90        195         20
  229     100         19       9275       4376        420        523         20
  230      98         69       2480        219         60        174         20
  231      42         16       2135          0        120        252         10
  232     198         93       5274          0         60        215         10
  233     139         70         46          0         30        200         10
  234     144         54       1767       3023          0        147         20
  235     101         85       1800          0          0        127         10
  236     147         61       1269          0        420        495         10
  237      35         23         16          0          0        114         10
  238      27         24         52          0          0        138         10
  239      51         80         62          0        150        227         10
  240      73        157       1944          0        180        263         10
  241      75        156        323         11         90        235         20
  242     183         60       1659          0        210        281         10
  243       1         17         29       1669         60        230         20
  244      99         45        936      14064        120        198         20
  245     101        120       1250          0        360        469         10
  246      77          6       2198          0          0        100         10
  247     185        103       2776          0         60        231         10
  248     134         55       3496          0        120        276         10
  249      62         76       3624        766        150        236         20
  250     152         91       3809       2159          0        175         20
  251     101         77        314          0        300        398         10
  252     112         36         57          0        120        266         10
  253      97         37        103       2795         30        196         20
  254      48         54       2908          0          0         67         10
  255      12         45       1481       6546          0         80         20
  256      76         78       7643          0         90        229         10
  257      18         22        690        281        150        232         20
  258     185         98       2153          0         30        214         10
  259      92        120       2713          0        150        226         10
  260      57         70       3068          0        120        217         10
  261     135        136        303          0          0        197         10
  262     116         94        824       1815         30        203         20
  263      74         93        290          0          0        111         10
  264      94        103       1518        686        120        260         20
  265      80        139        255          0         90        196         10
  266      29        110       1016         30         60        157         20
  267     147         94       1976          0        120        251         10
  268      90        124        108        137        210        285         20
  269     104         81       5116       4558        120        202         20
  270     148         32        768       1958        150        278         20
  271      13         12       1157       1527          0        129         20
  272      12         15         29          0          0         97         10
  273      63         90        106         72        150        283         20
  274      95         82        699          0        120        187         10
  275     152         87       2636          0         60        186         10
  276      12         98       1233          0         90        246         10
  277      25         47      14315          0          0        133         10
  278      15         81       3726       2012          0        103         20
  279      31          4       2093          0        120        275         10
  280      67         94        266          0         30        128         10
  281      30        117       1507          0         60        160         10
  282      62         67       2332          0        360        441         10
  283      57         45       1460          0        330        503         10
  284     115         83       1898          0         60        185         10
  285      22         92         22        356          0        118         20
  286     120         85        853       2631          0        163         20
  287      61         76      13149          0        300        400         10
  288     162         96         16          0         90        220         10
  289     169         49       5959          0        180        287         10
  290     168        147       2530        147          0        222         20
  291     102         67       1641         27         60        152         20
  292      19         52        984       5904         30        129         20
  293     167        103      14692        308        150        214         20
  294      29         81         33       4814         60        189         20
  295     137         38       5135          0        210        280         10
  296      19         90       1074          0        120        287         10
  297      82         74        556          0         90        164         10
  298     121         91      14100        900        180        286         20
  299     200         68       2537         42          0        220         20
  300      42        125        199       1517         60        233         20
  301     114         80       1772       2472         60        224         20
  302      74        119         60          0        120        261         10
  303     174         66         54       2020         90        226         20
  304     132        136       5071          0        360        528         10
  305      77         55        280       1511          0        110         20
  306     109         94        292          0         30        172         10
  307     112         74        350          0         60        182         10
  308     119         64      13401          0        360        459         10
  309     121        120       1864          0          0        166         10
  310      54         40         95          0        120        220         10
  311      96         68       2354          0          0        127         10
  312     107        138        758       4478        120        286         20
  313      27        100       2133       1839        390        531         20
  314      85         45        667          0        120        203         10
  315     103         67       5652       1649          0        125         20
  316     171        104        123          0         60        225         10
  317      39        107       3078       1042          0        129         20
  318     162        118       1841          0        180        255         10
  319     109         64       2869         98         90        217         20
  320      14         34        456          0        120        280         10
  321      53        153         46          0         90        175         10
  322      43        136      12933          0        390        500         10
  323      94        118       2191          0        180        250         10
  324     188         95       2958          0        120        232         10
  325      57        144       1183       1365        390        517         20
  326      12         16        690          0        150        288         10
  327      89         84         46       1461         60        169         20
  328      34        142        432        389          0        171         20
  329      45         54       3180       6006         30        108         20
  330     118         94        325       1706         60        162         20
  331     152         56       1331       1863        150        267         20
  332     143         87       1059          0        120        296         10
  333     115         60       1628       1011          0        127         20
  334     151         82       1594        107         30        185         20
  335      38        113        470       2221         60        207         20
  336      58         88       1900          0        150        271         10
  337     150        127       3450         58         90        181         20
  338      36        106         73          0         60        140         10
  339      67         61        352          0        120        289         10
  340     102         93       2636       9336        180        295         20
  341     145        114       8961          0        420        494         10
  342     168        139       3851          0        120        259         10
  343      50         93        804       2139          0        105         20
  344     121        147       1605          0        150        260         10
  345     154         27       2820          0         30        145         10
  346      46         46        105          0        150        275         10
  347     142        102       4128       3302         60        184         20
  348      29         35        280          0          0        128         10
  349     192         64      11845          0        420        535         10
  350     111         70       2613       8002        120        181         20
  351     123         72        941       1885         60        196         20
  352     168        109       3646          0         60        190         10
  353      20         98       1926          0         60        237         10
  354      38         24       4771       7888          0        169         20
  355     185         44        233        984        150        256         20
  356       2         22       6503          0          0        136         10
  357      36        143       1200          0         60        213         10
  358     100         67       6851         56         30        135         20
  359      57          0         86          0          0         67         10
  360      52         62       8107       3808          0         77         20
  361      97        113      10426         61         30        166         20
  362     117         35        497       2383          0        120         20
  363      54        130         76       1859         60        165         20
  364     186         83         22       9806          0        202         20
  365     128         71       1174       2961        150        284         20
  366     138         56        108       7691        120        185         20
  367      37        100       8374        891        300        458         20
  368      22        149       4211          0        450        521         10
  369      60         60        208        908        120        192         20
  370     160        117         82        290         30        183         20
  371     132        151         46          0         30        204         10
  372      29         11       8445          0        390        470         10
  373      76          4       9807       2333        330        431         20
  374      56         64        170       5400         60        195         20
  375     126         66        123          0         90        222         10
  376       6         12         30        210          0         73         20
  377     173         95       4225       6623         90        201         20
  378      96        118        579       5307        180        297         20
  379     150        131       1010          0        180        250         10
  380      93         65        975          0        120        188         10
  381      76         31        206      14794          0        166         20
  382       9         49       1501          0        150        257         10
  383     133        100       2576          0        390        459         10
  384     168         49       2348      12652         90        168         20
  385      91         73       4176        207         60        131         20
  386      14          4         53       4356        120        222         20
  387     111         83        937          0        420        533         10
  388      56        114        226       2021         60        151         20
  389      21         41       7170          0          0        102         10
  390     188         79        566        126          0        216         20
  391      34        149       2036          0         60        235         10
  392     169         76       4559         30        150        249         20
  393     145         71       8935       1819        330        466         20
  394      69        134       1305          0        180        259         10
  395     153         52        615          0         90        231         10
  396      52         10       3033          0        300        425         10
  397     118         45       1597        289         30        129         20
  398      85         83       6623          0          0        111         10
  399     107         98         82       5359         60        193         20
  400     102        100      13923          0         60        133         10
