400_313

CUSTOMER  VEHICLE
NUMBER	  NUMBER     CAPACITY    DispatchingCost
    400     500          40000       100

CUSTOMER
CUST NO.  XCOORD.   YCOORD.   DDEMAND   PDEMAND   READY TIME  DUE TIME   SERVICE TIME

    0      41         23          0          0          0        960          0
    1      20         39         60        108          0        106         20
    2     116         43        480       1500          0        129         20
    3     122         30       1750         48        120        247         20
    4      80         64        665         95          0         97         20
    5      33         20        720          0          0        168         10
    6     117        100       1616       5146        150        285         20
    7     108        137        258          0         60        225         10
    8     135         37        820          0        120        284         10
    9     157         96       1116        621         90        230         20
   10      99         57        146         58          0        141         20
   11      45         61       1970        147        120        198         20
   12     191         97         40        691        180        290         20
   13      45         79       1104          0        150        227         10
   14      10        116         86       1521         60        226         20
   15     150         49         57       2075          0        162         20
   16     115         96      11435          0          0        160         10
   17      78         32       3212          0          0        116         10
   18     105         62         42          0         90        172         10
   19     109         94        292          0         30        172         10
   20     112         37       4280          0          0        140         10
   21     129         89         81         14         30        162         20
   22     167         35         91        384          0        172         20
   23     121         71       2620       5274          0        126         20
   24     151        120       2582          0        300        443         10
   25      56         19       4992       2542          0        140         20
   26     197         70       7034          0        210        296         10
   27     107        138        758       4478        120        286         20
   28     121        142       1553          0        120        205         10
   29      29        131       3180          0        180        290         10
   30      83        141        744          0        150        228         10
   31      79        131        170          0         30        158         10
   32      73         81       1936         35        150        261         20
   33     173        111       1961          0        120        216         10
   34     154         27       2820          0         30        145         10
   35     191         51       3545          0          0        204         10
   36     125        103        998       2362        150        279         20
   37      50        123        657          0        150        296         10
   38      18         37         47         17        120        254         20
   39     144         86       6707       6109        120        228         20
   40      23        118       6397          0         60        201         10
   41      15         37         90       6257        180        253         20
   42      34         33         57          0         30        165         10
   43      62         67       2332          0        360        441         10
   44     123         67       3124       2437         60        203         20
   45      67         39        178      13912        120        188         20
   46     123         47       8172          0        360        470         10
   47      96         68       1183        233         30        191         20
   48     135        136        303          0          0        197         10
   49     142         19       5356          0        330        423         10
   50      60         13        324          0          0        103         10
   51      11         17       2253        197          0        131         20
   52     200         68       2537         42          0        220         20
   53      68         94       4472       1951        120        198         20
   54      93         65        975          0        120        188         10
   55     138        128       1884          0         30        182         10
   56     124        136        994          0         60        188         10
   57      21          7       7043        123          0        161         20
   58     179        107      12420        142        120        206         20
   59     152         91        170          0        120        197         10
   60      86         52       1157          0         90        251         10
   61      85         74       3146        252        150        233         20
   62      18         11       4858       2220        300        412         20
   63     188         83      14970         30         30        210         20
   64      15         10        239          0         30        168         10
   65      34         74       1589          0        150        274         10
   66      59        106       1712          0          0        136         10
   67      13        119        606          0        210        287         10
   68     186        107       2703       5379         90        246         20
   69     132        144       4836        131        300        401         20
   70      27        110        745       1298        120        193         20
   71      19         52       1360          0          0        166         10
   72      69         24        108        117          0        144         20
   73      58         88        422       1246        150        294         20
   74     116         49      14757          0        300        440         10
   75      46        113        442          0          0        171         10
   76      67         96       9040          0        120        249         10
   77      57         72        155          0        300        408         10
   78     168         75       4492        515          0        183         20
   79     117        146         75       4866        120        193         20
   80     130         59        339       1307        180        294         20
   81     143         31       4301          0        120        231         10
   82      91         12       2290          0          0        134         10
   83      81        134       1348         82         60        155         20
   84     123         34        106         87          0        132         20
   85      56        114        587       1940          0        136         20
   86      56         51         13        699        150        280         20
   87     113        121        221         44        180        251         20
   88     179        114       1724          0         30        220         10
   89     126         36       2136        234        120        259         20
   90      29         81         33       4814         60        189         20
   91      13         38       2296          0        150        274         10
   92      26        126        248       2684        120        237         20
   93     130         44         30          0         60        234         10
   94      25        117       5161       1943        330        486         20
   95     160        127        157          0        300        440         10
   96     111        131       1290          0          0        180         10
   97      51        101       1585       4770        120        188         20
   98      73        113        524       3301        180        286         20
   99      65         57         72       2160        120        253         20
  100      53         21       1800          0          0        105         10
  101     178         62       1822          0        390        529         10
  102      40        112      13471          0        120        186         10
  103      40        133       1587       5873         60        158         20
  104      34        122        556          0          0        129         10
  105      10        117       1817          0          0        149         10
  106      36        106       1722       6296        360        463         20
  107     123        124       6744          0        330        442         10
  108      47        125        734          0          0        161         10
  109     156        115       1299        588        120        296         20
  110      96        112         12        285        120        254         20
  111       2         22       6503          0          0        136         10
  112      79         16         83          0          0         80         10
  113      45         49        112          0        120        275         10
  114      62         17        162       2237        300        435         20
  115     114         49        628       1895          0        131         20
  116     127        122       7628          0        120        278         10
  117      47        133      11397          0        120        249         10
  118      27         46       1424          0          0         86         10
  119      75        126      13578       1422        360        428         20
  120      77         42       7692       2905        360        445         20
  121     113         64        311          0        150        291         10
  122      85         83        263          0          0        127         10
  123      57         91        197       3956        390        532         20
  124     102         67       1641         27         60        152         20
  125      45        147         86       1572         60        228         20
  126     142         35       6869          0        150        294         10
  127     148         92       1711          0          0        173         10
  128      83         25       2025         40          0        157         20
  129      23          9       1198          0          0        109         10
  130      92         35       2586       1748        120        229         20
  131      66         63        418          0        150        221         10
  132      51        115         15       6725         60        187         20
  133      60        118       7904       5162         60        141         20
  134     110         21       2830          0          0        110         10
  135       7        116        147       1749        120        281         20
  136      32         83         84        564          0        134         20
  137     132         44         36          0          0        139         10
  138     146         88      10696          0         30        163         10
  139      35         23         16          0          0        114         10
  140      34         63        152          0         60        225         10
  141     149         80        984          0         90        235         10
  142      64         54       8731          0        300        438         10
  143     168        139         35        643        120        278         20
  144     146        132       4255          0         60        217         10
  145     112         47       4377          0        120        200         10
  146      15         36       1121          0        210        276         10
  147     139         33      12128       2872        120        282         20
  148      28         75        589          0        390        496         10
  149     152         56       1331       1863        150        267         20
  150      81         75       2086          0         60        174         10
  151      97         24       2089          0        120        250         10
  152     111         87         10       1976        180        263         20
  153      88        127       4289          0         30        203         10
  154       8         46       1713          0        180        266         10
  155     143         66         95       1872         60        148         20
  156      70         72       2362        180          0        108         20
  157     194         60       6296        390         60        206         20
  158     139        144        960          0         90        210         10
  159     132         48        526         24          0        134         20
  160      22         44       4416          0        360        458         10
  161      13         12       2221       2094          0         93         20
  162     135         78      15000          0        300        404         10
  163      16          6        552       5947        120        219         20
  164      86         77       1708        227        330        399         20
  165      49         88       1526       1790         90        228         20
  166      35         49         56        259        300        410         20
  167      78         74        999          0          0        124         10
  168      74         93        290          0          0        111         10
  169     160         56      13442       1558         90        220         20
  170      31          4       4408         12        330        490         20
  171      17         36        277          0         30        157         10
  172      29        110         55        432         60        199         20
  173     164         45        514          0         30        193         10
  174     150         76        910         20         30        187         20
  175      22         92         22        356          0        118         20
  176      55         67       2489          0        150        227         10
  177      37        100       2569          0        120        286         10
  178      21         41       7170          0          0        102         10
  179      14        122        684          0        330        435         10
  180     151         92        543       7575          0        168         20
  181     144        128        172        300        300        396         20
  182      32        112       4944          0        360        513         10
  183     106        103         56        943         90        166         20
  184      75         90       3133       1153        390        472         20
  185     186         72       2562          0        450        526         10
  186     126         66        123          0         90        222         10
  187      44         49       2711          0        120        291         10
  188      95         24        380        190          0        143         20
  189      39        107        542       9983          0        161         20
  190      34         68        320          0        120        232         10
  191     148        128       1544       1286         30        200         20
  192      40         29        124          0          0        175         10
  193     105        152         77       1742        180        292         20
  194     107         70       6738          0        360        463         10
  195      30        155         18       6217          0        169         20
  196     140        133       2982      10695         60        203         20
  197      68         95         50        538          0        122         20
  198      90         16       8545       2763        330        491         20
  199      29        130       1851       2076         30        160         20
  200     119         11       2041          0          0        132         10
  201      60         64       1366       6937        120        254         20
  202      41        145       7246       3055        120        258         20
  203      12         15       1272          0         90        189         10
  204      97         36       9156       2225          0        165         20
  205       9         44        287          0        390        467         10
  206      65        134        847        877        120        230         20
  207      87        140       2695       3645        150        220         20
  208     149         94        165        502        180        259         20
  209     130         68        149          0         30        156         10
  210      54         96         16          0        120        248         10
  211      68         73      10273       4727          0        101         20
  212     100         84       2429          0          0        123         10
  213      88         41       1275          0        120        221         10
  214      57        145       2633          0         60        215         10
  215     109         75       1710        193         30        155         20
  216      74         95       5497       2199          0        125         20
  217      31        142       5368       2559        390        470         20
  218     141        103         49       1836          0        171         20
  219       7        117         16      10588         60        175         20
  220     114         80       1772       2472         60        224         20
  221      68         21       1661          0        150        229         10
  222     134        122       1104          0        150        279         10
  223     100        116       1850         13         30        194         20
  224     123         59       1081          0        390        528         10
  225      90        111       1208       9251         60        161         20
  226      36         72       2498        527        300        437         20
  227     148         94       7866          0        450        539         10
  228      30         73       2255        840        150        287         20
  229     106         85        844          0         60        169         10
  230      48         83       2181       2064        120        233         20
  231     130        148       1672          0        150        233         10
  232     120         86         94          0        330        491         10
  233     126        133       1838          0        330        431         10
  234      52         28       8254       2295        420        513         20
  235      57         26         62         59        120        216         20
  236      83         64        104         25        120        287         20
  237      95        146       1531        690         60        175         20
  238      27        127       6599          0        300        414         10
  239      62         76       9568          0        300        429         10
  240     107         61        197          0         90        251         10
  241      56        103       3792          0          0        159         10
  242      83         99         78          0         30        137         10
  243      84         66        450          0        180        273         10
  244      30         45      12886          0        420        492         10
  245     122         40         14          0        150        289         10
  246      87        113       6124          0        120        229         10
  247      71        100       5973          0         30        121         10
  248     194         82       4993         99         60        206         20
  249      31          7       1702         87        120        292         20
  250      29         38         22          0         90        162         10
  251     122         59        641          0         30        183         10
  252       7         32         33       3879        120        195         20
  253      36        143       1200          0         60        213         10
  254      46         46         22      11398        120        216         20
  255      74         85       1708          0          0        124         10
  256      24        148         40       1123        180        277         20
  257      73         65       1739       4416        120        231         20
  258      90         83       2995          0         60        163         10
  259     163         77       6210       1909        210        272         20
  260     102         87         11        383        150        245         20
  261      29        108        466         91         30        135         20
  262      75        156        323         11         90        235         20
  263     108         38       1775          0         30        193         10
  264     111         25        700       1224          0        120         20
  265     190         58       1529          0          0        199         10
  266      69         90       1998          0         30        196         10
  267     137         49        173          0          0        158         10
  268     172         39       6060          0          0        177         10
  269     159         75       7375          0        330        468         10
  270     143        102       8871       6129        120        259         20
  271      31        128        343          0        150        251         10
  272       7        114       1255          0         60        173         10
  273      65         88       3389          0        360        517         10
  274      11         33       2028          0        120        246         10
  275     104         91         86          0         60        220         10
  276     192         62       1622        257          0        205         20
  277      77         63         68       4814         60        167         20
  278      64         67       1506        393          0        131         20
  279     109         29        608       3418        120        223         20
  280      27         84         33      14967         30        165         20
  281      23         35       3072       5533         30        151         20
  282     194         80       1352          0          0        205         10
  283     188         79        566        126          0        216         20
  284     135        121        169          0         30        182         10
  285     110         49      13648          0          0        111         10
  286       1         17         29       1669         60        230         20
  287     150         46       3578       1196         30        162         20
  288      40         86       6622       8378        450        525         20
  289     144         54       5306          0          0        146         10
  290     163        140       3726          0        120        251         10
  291      82         74        556          0         90        164         10
  292     158         30         30          0        330        494         10
  293      84         78       2544          0         60        190         10
  294      76         94         44       1776         60        198         20
  295     156         67       9316       1976         60        164         20
  296     121         66       2282       3179        150        259         20
  297      33        113        106       7832        120        190         20
  298      49        148        772          0          0        161         10
  299      68          2        198        181          0        115         20
  300      25         52       5079       2017        180        287         20
  301      91         84       2130       1307        330        440         20
  302      35          8       1992       2702        120        286         20
  303     120         78       4018       3401        330        482         20
  304     118         94       3792          0        120        202         10
  305      96         82         90       3809         90        189         20
  306      84         85        648          0          0        141         10
  307      17         89       1415          0         60        191         10
  308     122         83       2054          0        180        253         10
  309     113         48       5758          0          0        122         10
  310     126         73       5113          0         30        168         10
  311     109         51       1301        299        300        459         20
  312     167        147        140         87         60        233         20
  313     160         92        750       2077         60        218         20
  314     153         27        132       1985        120        191         20
  315      73         96        423          0        120        197         10
  316     161         36      14657        343        390        502         20
  317      11         48       8280       1094         90        192         20
  318      76         59       1014          0         60        225         10
  319     132         62        422          0        120        291         10
  320      39        156        179       3625          0        176         20
  321      73         56         10          0          0        134         10
  322      65        100       1629       8279        120        220         20
  323     155         27       3282          0         30        205         10
  324     192         88       4583       1308        120        231         20
  325      49         47        679          0        120        189         10
  326     170         82       4985          0        120        219         10
  327      69         45       1895       8738          0        109         20
  328      90        119       1869       9807        360        431         20
  329     126         72       7182          0        390        537         10
  330     130         90        233          0         60        204         10
  331     138        146       1104          0         60        195         10
  332     108         18        373       1719          0        141         20
  333     198         67         52          0          0        199         10
  334     102         27         33       2085          0         98         20
  335     185         73       1929       2138         60        194         20
  336      30         42       1110          0        120        220         10
  337     149         34       3794          0        360        424         10
  338      30         38       1519        107         90        253         20
  339     132         36         13       2630         90        182         20
  340     132         56        254      14746        360        501         20
  341      78         87      15000          0          0        144         10
  342      77         20        347          0        150        286         10
  343      38        113       2703         77          0        154         20
  344     148         33       4248          0        450        511         10
  345      53         37       1685        404        360        499         20
  346      77        132       2764          0        120        257         10
  347      71         19       3406        567          0         66         20
  348      86        135      15000          0          0        164         10
  349     198         79       3403          0         60        222         10
  350     169         49       5959          0        180        287         10
  351      64         71        840       3155        300        416         20
  352      79        130       1720          0        120        191         10
  353     134         73       1174       5745         30        143         20
  354     132        121       1538       2076         90        185         20
  355     135         59       1010          0          0        151         10
  356     143         87       1059          0        120        296         10
  357     132         69         13        433         90        230         20
  358      10         48        395       6125        120        186         20
  359      61         30       2067       6210          0         72         20
  360      75         55         74          0        120        232         10
  361      40         67       1644          0        450        523         10
  362      90         47       2146          0        120        281         10
  363      59         64        610         25        120        289         20
  364     112         36         57          0        120        266         10
  365     116         75         63       5651         30        135         20
  366     151        143         28          0         60        195         10
  367      37         14        894          0        120        259         10
  368       7         18         66         20        150        265         20
  369      61         49       1613       5466        120        195         20
  370      85        135        480       1379         90        228         20
  371      87         69         16          0        120        230         10
  372     138         99       1838          0        150        245         10
  373      93         68        831         85        150        222         20
  374     158         74       1454       1418          0        176         20
  375      65         82       2587        500        120        188         20
  376      91         95       1257       6161         30        123         20
  377     115         31      12292         35        120        289         20
  378      97         46         56       6099        120        244         20
  379      52          0       4242          0        120        283         10
  380     105         79       1959          0        180        242         10
  381     110         98        255          0         30        131         10
  382     140         47       5638          0        330        494         10
  383      79        101       4006        199         60        144         20
  384      24        109       1096        166        390        459         20
  385      64         12       2020          0          0         84         10
  386      53        103       1890          0          0        159         10
  387      38         24       4771       7888          0        169         20
  388     111         35       2054       2821          0        141         20
  389     162        146       2028          0        120        228         10
  390     140        104         98          0         90        171         10
  391      58         79       2086       1894        360        458         20
  392      95         87       2218       4579         60        171         20
  393      96         87       1842        147        450        527         20
  394     185         59      14193        807        420        517         20
  395     131        104       1308       1932         60        165         20
  396     131         89       1708          0         30        159         10
  397      22        149       4698         82         30        175         20
  398      86         80        437        941         90        230         20
  399     110        119       4225          0        180        249         10
  400       9         49         10       1737        120        191         20
