400_84

CUSTOMER  VEHICLE
NUMBER	  NUMBER     CAPACITY    DispatchingCost
    400     500          40000       100

CUSTOMER
CUST NO.  XCOORD.   YCOORD.   DDEMAND   PDEMAND   READY TIME  DUE TIME   SERVICE TIME

    0      41         23          0          0          0        960          0
    1      57        145         64          0         60        221         10
    2      74        119        540          0        150        227         10
    3      44        133        690        106        150        216         20
    4      15         41       2076          0        120        262         10
    5     152         91        170          0        120        197         10
    6      78         32       7967       2036          0         81         20
    7     152        110       1356          0         90        230         10
    8      36        146       6099        397        300        473         20
    9      74        120       4007          0        420        502         10
   10      40        149       1451       3623          0        182         20
   11      11         19       5746        781        300        400         20
   12      78         98        462       2331         90        237         20
   13      60         64       1366       6937        120        254         20
   14      79        122       3671          0        180        260         10
   15      83        141        744          0        150        228         10
   16      38         96        576        433        180        244         20
   17     117        100       1616       5146        150        285         20
   18     144         34       3247       1430          0        135         20
   19      75         55       2917        363        120        281         20
   20     111         41        503         55        150        291         20
   21      62        154         13       2433        210        296         20
   22      87         63       4966       2305        300        432         20
   23     179         67         70       3422        180        263         20
   24     107         98         82       5359         60        193         20
   25     157         59         52          0         90        166         10
   26     125         88         46       2162        300        441         20
   27      66        135       2116          0         90        200         10
   28     140         66         72        298          0        154         20
   29      95         84       3947          0        210        271         10
   30      63         90       2683          0        180        251         10
   31      93         50         90          0         30        199         10
   32      69         21         28          0        150        280         10
   33     155        145        238          0         60        233         10
   34      34         61       7125          0        300        408         10
   35     105        126        525          0         60        171         10
   36     139        144        960          0         90        210         10
   37     120        116        786          0         90        184         10
   38      95        146       1549          0         90        195         10
   39      48        129       2461          0          0        177         10
   40      37         15      15000          0          0         77         10
   41     155         27       3282          0         30        205         10
   42      52         10         94         97        120        287         20
   43      67         80        420          0        150        258         10
   44     148         43       1176          0        330        408         10
   45     180         65        672         19        150        279         20
   46      17         21        194       1014         30        154         20
   47     129         71       7335          0        180        265         10
   48      41         74         87          0         90        169         10
   49      24         59       4918          0        390        502         10
   50     134        122        950          0        120        295         10
   51      46        113        442          0          0        171         10
   52     135         29       4413       2159         30        143         20
   53     142         28       3591          0        420        531         10
   54     145        114       8961          0        420        494         10
   55      18        126       1733          0         90        260         10
   56     132         93       2419          0         90        231         10
   57     105         68      10387        223        120        288         20
   58      63        135       7890        890         60        226         20
   59      20        145         87          0         90        241         10
   60     148         33       4248          0        450        511         10
   61      32        112       4944          0        360        513         10
   62      35         23         16          0          0        114         10
   63     171        104        123          0         60        225         10
   64     106         66         82       1254         30        183         20
   65      47        129        171          0         60        154         10
   66     145         69       2080       4330        420        492         20
   67     121        142       1557      13443        120        242         20
   68      28        139         28          0         60        168         10
   69     142         91       6861          0         90        256         10
   70      34         67      10530        127        120        294         20
   71      17         49       1940         15        120        213         20
   72     152        146        250          0        390        470         10
   73      94         62       3090          0        150        231         10
   74     138        128       2515       7408         90        256         20
   75      40        155        128         35        180        254         20
   76     140        104        856        542        150        230         20
   77      61          1        456        424        120        278         20
   78     122         83       1952          0        180        277         10
   79      96         68       1630          0          0        108         10
   80      77         44       4579       3422        120        285         20
   81      78         84       1819         76         90        260         20
   82      38         31       2308      12692        300        399         20
   83      21         12        104          0          0        146         10
   84      46        125        253         17         60        155         20
   85      74         63        354          0        210        277         10
   86      42         52       1613       2243          0        127         20
   87      53         37       5955       2429        120        290         20
   88     199         87       1536        511        450        538         20
   89     170        140       1895       5680        150        222         20
   90     141         70        269         12        330        458         20
   91      51        134         14          0        120        275         10
   92      76         16       1247          0        120        222         10
   93      74        142       2887          0         60        193         10
   94      87         93       2024          0        150        216         10
   95     162        118       2536          0        120        284         10
   96     164        107       3396       1706        120        187         20
   97      87        113       1519          0         90        169         10
   98      48        151       1789         40        330        460         20
   99     114         27      13557       1443          0        122         20
  100     154        131       5120          0          0        201         10
  101      59        106       1712          0          0        136         10
  102     142        136       2434        856        180        240         20
  103      81         18      11287       2416        120        228         20
  104      27         24         52          0          0        138         10
  105      95         82        699          0        120        187         10
  106      85         58        441          0          0        166         10
  107      82         99       1432       2939        120        207         20
  108     106         59        129        287        150        220         20
  109      71        107       3481          0         30        188         10
  110     181         76       6564       2216          0        192         20
  111      84         75         36       4537        360        525         20
  112      63         48         62      13911         30        155         20
  113     100         78        250       3370        120        280         20
  114     155         90       2119          0        120        258         10
  115      86         76        236        288         90        231         20
  116      66         63        418          0        150        221         10
  117      76          4       9807       2333        330        431         20
  118      83         64        259         54          0         95         20
  119     134        130       2799       3850        120        274         20
  120      54        117       2175      12825        150        292         20
  121      52        152       1744          0        120        206         10
  122      71        130        142          0        120        235         10
  123      73        157       1944          0        180        263         10
  124     176         77       5595          0        120        189         10
  125      57         70       1258       2997        360        467         20
  126      76         78       1637       4697         30        108         20
  127      73         81       3528          0          0        108         10
  128      30         36        468       2067        390        494         20
  129     120        124       6209          0         60        223         10
  130      11         34        715       1709          0        163         20
  131     183        102       2558        334        120        228         20
  132      86         80        437        941         90        230         20
  133      16        122       1708          0         30        145         10
  134     146         92         82         74        180        250         20
  135      25         72         97       1414         60        171         20
  136     102         27       6474       2134          0         95         20
  137      29        131       1225       2550        300        396         20
  138      78         35        821       1711          0        108         20
  139      69         24       3371          0          0        172         10
  140      76         68        612        406        210        281         20
  141      86         77        357        986        180        260         20
  142      35         63       2025          0          0        138         10
  143      93        152       6160          0         30        195         10
  144      33        113        106       7832        120        190         20
  145      78          7       1210        450         30        145         20
  146      34        127       8560          0        300        454         10
  147      98        116       1524      11435        120        224         20
  148     172        113       2392          0         30        196         10
  149      48         60       1005          0        390        500         10
  150      55         67       2489          0        150        227         10
  151      90        124         22          0        120        291         10
  152     100        116       1850         13         30        194         20
  153     179         48         45      11000         90        189         20
  154     109         65       1160       1863         90        253         20
  155     153        148       3786          0         60        219         10
  156     149        141         90          0         60        199         10
  157      86        140        100       4343          0        176         20
  158      57        142       9688         26         90        170         20
  159     174         99        805        140        180        246         20
  160      85         83        263          0          0        127         10
  161       7        114       1255          0         60        173         10
  162      89         79        987         92         60        167         20
  163      48         56       1950          0          0        162         10
  164     121         32       2146         93         30        205         20
  165      65         88       3389          0        360        517         10
  166      89         57        156         83         60        141         20
  167      91         65        268          0         90        204         10
  168     135         26       2810       1097        390        452         20
  169      68         86       1828          0        120        194         10
  170     134         55       1993       3211        150        296         20
  171     100         14       1850          0        120        263         10
  172      34         79       2759          0         90        263         10
  173      62         45       1457       1225        300        410         20
  174      48          5       1638       4183        450        526         20
  175     141        103         49       1836          0        171         20
  176      14         34        456          0        120        280         10
  177      80         70       1403          0        120        221         10
  178      36         87        913      10752        180        297         20
  179      53         78       5064         22          0        101         20
  180     107         77       3438       2076        150        220         20
  181      77        132       2764          0        120        257         10
  182      13         87       2832          0          0        124         10
  183      68         73         36          0        150        251         10
  184      60         79       4537       1655        300        430         20
  185     153        146       2403       1306        390        533         20
  186     193         92       2155       4270          0        207         20
  187      55         60       2170          0        150        232         10
  188      91         12       8584          0        300        465         10
  189      98         46        101      14899          0         92         20
  190      28         10        181        583        120        276         20
  191     117         56       8002        836        330        431         20
  192     162         63        310       3296        390        526         20
  193      23        141       2280          0        150        231         10
  194      34         65       3800          0        420        522         10
  195      73         96       1678       2545        180        255         20
  196     198         85       1522        586        120        259         20
  197      99         64       1879          0         90        176         10
  198     111         54       3504          0          0        113         10
  199      28         81       4333          0         30        135         10
  200      74         85       1708          0          0        124         10
  201     185         44         40          0         60        220         10
  202     173         56        817       2138        120        258         20
  203      47         51       2207       5899         30        115         20
  204     100         84       2429          0          0        123         10
  205      51         47       3775       1544          0        159         20
  206     127        105       1265          0         30        192         10
  207      29         11       8445          0        390        470         10
  208      74         95       1290        123         30        163         20
  209      34        124       9338          0        120        284         10
  210     127         93       3480        233        180        254         20
  211     121         66       2147          0          0        167         10
  212      17         89       1415          0         60        191         10
  213      59         64        610         25        120        289         20
  214      73         55      14262          0        120        289         10
  215      63        150       1004       1465        120        232         20
  216       5        116       2632          0         60        225         10
  217      64         71        840       3155        300        416         20
  218     111         70       2613       8002        120        181         20
  219     156         67       9316       1976         60        164         20
  220     122        128       3545       1686        300        399         20
  221      18         37       1460        890        120        218         20
  222     167         57       1475          0         60        181         10
  223     146         40       1068       5200        120        237         20
  224     154         27        443          0        300        426         10
  225     113         48       2963        624        300        410         20
  226      99        144       1870        142         60        171         20
  227      83         74       1537          0         60        231         10
  228      21         78      12793       2207        120        225         20
  229     120         86         94          0        330        491         10
  230     139        104       1682          0        300        407         10
  231      60         13       2205          0        120        205         10
  232      13        119       2319          0         60        227         10
  233     118         45       1597        289         30        129         20
  234      71         91        672        305          0        125         20
  235     109         94        292          0         30        172         10
  236     109        146       4850       6304         60        190         20
  237      33        155       6212          0        390        519         10
  238     119         15       2659          0        420        480         10
  239     149         34       3794          0        360        424         10
  240     132        136       5071          0        360        528         10
  241      42        127       2066      12934        120        248         20
  242     107         85         75       5377         60        132         20
  243      80        139        255          0         90        196         10
  244      36         20        110        718          0        176         20
  245      80         46         81          0          0        102         10
  246      81         75       2086          0         60        174         10
  247      40         67       9378          0          0         95         10
  248     122         34       1862         70         30        115         20
  249      59         48         38         80          0         95         20
  250     148         92      15000          0        120        186         10
  251     182        107         65        399          0        206         20
  252      27         76       2700          0         60        142         10
  253     128         89       1706       1109        150        245         20
  254      74         66       2529          0          0         94         10
  255      91         84       3872          0         60        158         10
  256      22        101         82      14918         60        137         20
  257      57         91        748          0        120        257         10
  258     132         44         36          0          0        139         10
  259      23         35        164          0          0        164         10
  260      44         71        164        504        150        225         20
  261      96         66       7052          0        150        258         10
  262      72          3       2977       2254          0        163         20
  263     176        113         45          0        120        275         10
  264      64         44       1799       6800        120        218         20
  265     133        142       3803          0         60        185         10
  266      97         84       3915       6296         90        249         20
  267     125         29      15000          0        150        295         10
  268      67         61        352          0        120        289         10
  269      53         21       2094          0        120        230         10
  270     194         80       1352          0          0        205         10
  271      30        106       5649       9351         30        124         20
  272      48         54       2908          0          0         67         10
  273     140        109         60          0         90        199         10
  274      74        140        108          0        150        277         10
  275     122         30       1332        207         30        154         20
  276      26          9         90        686        120        243         20
  277       9         49         10       1737        120        191         20
  278      41         79       1984       2822         90        197         20
  279      25         52       2409          0        120        276         10
  280     122         66       3521          0         90        246         10
  281     166         28       2289       1712        180        263         20
  282     101         85        237       1403        120        254         20
  283      52         61         60          0          0        111         10
  284     152         56       1331       1863        150        267         20
  285      74         20        127          0          0         75         10
  286     167        103      14692        308        150        214         20
  287      71         19       3406        567          0         66         20
  288      85         52         67          0        120        248         10
  289      59         54       4886       3022          0        163         20
  290      28         14        537          0        120        194         10
  291     153         48        280          0         90        171         10
  292      94         69       1537       6086         30        107         20
  293     150         53         54          0         90        230         10
  294      22         77      15000          0         30        200         10
  295     133        102         73          0        120        285         10
  296      16         35       5990          0          0        168         10
  297      60        134         15          0        120        190         10
  298     121         81         92          0         60        173         10
  299     123         59       6700       4619         30        204         20
  300     163        118       1518        345        150        220         20
  301     117        152        102       6373        210        283         20
  302      19          8       4343          0          0         69         10
  303     129        122       2424          0         60        187         10
  304      42         14       1514          0          0        159         10
  305      58          2        324          0         30        200         10
  306      10         15        283          0        120        283         10
  307      57         29       1752          0        120        228         10
  308     170         65      14449          0         30        177         10
  309     153         27        132       1985        120        191         20
  310      88         41       2209          0        120        216         10
  311      42        107       1530         99        120        238         20
  312      95         87       2218       4579         60        171         20
  313      99         58       3995        140        300        401         20
  314     113        121        221         44        180        251         20
  315      18         22       2684          0          0        102         10
  316      50         80        673       1629        300        404         20
  317       5        113         74          0         60        130         10
  318     169         82        150         17        120        225         20
  319     191         97       4636          0          0        204         10
  320      44        101       1242          0         30        183         10
  321      22        129       1601       1207        120        250         20
  322      85         76        465          0        150        278         10
  323      25         47      14315          0          0        133         10
  324      45         49        112          0        120        275         10
  325      81          8       1000        363        300        394         20
  326     110         49      13648          0          0        111         10
  327     164         85       1673          0         90        219         10
  328      48         46       1206          0        330        504         10
  329      55         47       1590       1646         30        158         20
  330      86         99         17        389         30        138         20
  331       6         12         30        210          0         73         20
  332     173         85       4842        248         60        183         20
  333      79        130       3610          0         90        248         10
  334      70        125      13341       1659         30        196         20
  335     123         52        138          0        210        273         10
  336     158        142         94          0         90        201         10
  337     106         68      15000          0         30        170         10
  338      28         74        252          0         90        172         10
  339     116         65       2686         62          0        140         20
  340      51         98        407       8859          0        107         20
  341     163         99        102          0        120        257         10
  342     175        124       9326          0          0        214         10
  343      29         24       6196       8804          0         66         20
  344     151         77         15          0         60        226         10
  345      82         74        556          0         90        164         10
  346     158         30         30          0        330        494         10
  347     119         55        124       5274          0        136         20
  348     100         67       6851         56         30        135         20
  349      57         37         14          0        150        219         10
  350      30         45      12886          0        420        492         10
  351      62        151         60          0        180        264         10
  352     183         60         96          0         60        181         10
  353     100        101      10151       2654         60        201         20
  354     123        124       6744          0        330        442         10
  355     112        112       8742          0        420        526         10
  356     135         51         64       4551          0        135         20
  357      25         55       1492          0        120        282         10
  358     151        107      12718         82        330        454         20
  359     126        106         31       1157          0        159         20
  360     169        111       1118       3641        120        248         20
  361      86         52       1738          0          0        130         10
  362      12         30        303          0        150        227         10
  363     175         51       1655          0          0        169         10
  364      71        129         13        101        120        184         20
  365     122         65       7557         88        300        411         20
  366     155         24         30          0        120        262         10
  367     162        117       3616          0        210        281         10
  368     112        138      13644       1356        120        250         20
  369      87         53       8945          0        360        525         10
  370      75         90       5745          0        150        217         10
  371      30         42      11298          0        150        212         10
  372      88         72        795        661         60        187         20
  373      67         87       3590          0         90        258         10
  374      51        115        567       3605         30        192         20
  375     195         59        736          0         60        200         10
  376      88         16        204          0          0        101         10
  377      43        136      12933          0        390        500         10
  378      59         14       5199       2975        120        282         20
  379     150         67        227          0          0        155         10
  380     130         46         72          0        120        263         10
  381     160         56        553        465          0        177         20
  382      65         74       2221        200        180        272         20
  383     142        124       3269          0        120        281         10
  384      35         26       1192         21        120        234         20
  385     131        104       1858          0        150        263         10
  386      24        148        579       9316        180        268         20
  387     106         84        841       1474         60        133         20
  388     133        100       2576          0        390        459         10
  389      77         42       7692       2905        360        445         20
  390     106         82       1914          0        120        193         10
  391      99         56       8544          0          0        109         10
  392     115         96       3288          0        150        214         10
  393     118         67        576          0         60        167         10
  394      26         73       6403         37        300        478         20
  395      61        103       2360       8296        180        274         20
  396     121         73         21          0        300        459         10
  397      86        135         18       2115         90        257         20
  398     178        101         14          0        180        250         10
  399      77          6        503          0        120        228         10
  400      47        137        248        413        150        245         20
