400_325

CUSTOMER  VEHICLE
NUMBER	  NUMBER     CAPACITY    DispatchingCost
    400     500          40000       100

CUSTOMER
CUST NO.  XCOORD.   YCOORD.   DDEMAND   PDEMAND   READY TIME  DUE TIME   SERVICE TIME

    0      41         23          0          0          0        960          0
    1     111         65       3524       6652        360        492         20
    2     176         59       3726          0        150        283         10
    3      92         52       2272         40        120        236         20
    4     131         44        310          0        120        188         10
    5      95         18        146       1667         30        129         20
    6      91         95       1931        924         30        144         20
    7      88         87         35       5653        180        289         20
    8      55         65        330       1770        120        285         20
    9     118         45       1597        289         30        129         20
   10     139         91       1580        714        150        260         20
   11     149        141         90          0         60        199         10
   12      88         41       2209          0        120        216         10
   13      95         90       1636          0        150        272         10
   14      17         89       1415          0         60        191         10
   15     142         29      10671        395        300        403         20
   16     144         54       5306          0          0        146         10
   17      73         89         54          0         90        258         10
   18     117        145       1686          0        180        294         10
   19      13         38         27       1613         30         98         20
   20      19         13       1044          0          0         64         10
   21      79        130       1720          0        120        191         10
   22      75        130        340          0         90        163         10
   23     196         74       3743          0        210        292         10
   24      77        120       1854       2136          0        144         20
   25      40        133         27         87        120        217         20
   26     125        102         61          0          0        167         10
   27     127         93       3266          0         30        163         10
   28     106         85        844          0         60        169         10
   29     176         70        576          0        360        443         10
   30      46        113        442          0          0        171         10
   31     106         68        277       1874          0        123         20
   32     151         22       1517          0         30        160         10
   33      67         39        178      13912        120        188         20
   34      32        112       1854          0        120        208         10
   35      44         86         37          0          0         99         10
   36      60        118       7904       5162         60        141         20
   37      27         46        210         59        120        204         20
   38      64         40        280          0          0         77         10
   39     113         71       2990          0        180        265         10
   40      88         16        700          0          0         96         10
   41     132        144       4836        131        300        401         20
   42     145         71       8935       1819        330        466         20
   43      37        100       1221       2447        330        467         20
   44      61         31         55       1184        120        253         20
   45      32         56        182       1771        120        271         20
   46      27        127       1363       1951         60        162         20
   47      92        120        250          0         30        162         10
   48      97        113      10426         61         30        166         20
   49      86         81       2042          0        300        442         10
   50      49         43       6547          0          0         81         10
   51     142         91       6861          0         90        256         10
   52      80         46        735        107          0        168         20
   53      81          8       1604          0          0        135         10
   54      85        102      11109          0          0        122         10
   55      15         54         12        107        180        278         20
   56     188         95       9335       2946        120        212         20
   57      55        102       1082          0         30        173         10
   58     112        138      13644       1356        120        250         20
   59      32        100       2565          0        150        222         10
   60     125         79       1293       1492        300        410         20
   61      71        100       5973          0         30        121         10
   62      80          5         70          0        150        276         10
   63      39        156         94         70        330        447         20
   64      97         84       3915       6296         90        249         20
   65      87        113       6124          0        120        229         10
   66     131         89       1708          0         30        159         10
   67      76         87       6305          0        450        525         10
   68      24        148         40       1123        180        277         20
   69     106         82       1920       3037          0        161         20
   70     141         58       4199       2130        360        473         20
   71     120         85         96          0        180        297         10
   72      26        126        346        593         60        190         20
   73     144         18        498        686        120        218         20
   74      70         51       7914         34        300        437         20
   75      64         12       2020          0          0         84         10
   76      90         28        374      14626        300        434         20
   77     119         45         22          0          0        141         10
   78     151        120       5130        484          0        198         20
   79      53        103       1890          0          0        159         10
   80     155         35         78          0         30        161         10
   81     154         76       5420          0        180        283         10
   82      45        116       4319        893          0        140         20
   83     100         65       3415          0          0        128         10
   84     183         60       1659          0        210        281         10
   85      29         24       3492        215        300        427         20
   86      88         63       2453         17         30        116         20
   87     135         59       1010          0          0        151         10
   88     103        124       3789         80         60        232         20
   89      14        122        684          0        330        435         10
   90      67         87       1522        122        120        225         20
   91       9         49       1501          0        150        257         10
   92      38         31       2308      12692        300        399         20
   93       6         12       1818          0         30         97         10
   94      12         15       1272          0         90        189         10
   95     185        103       2776          0         60        231         10
   96      82         12        151          0          0         97         10
   97     145         38         40          0         30        156         10
   98     123         67       3124       2437         60        203         20
   99     120        116        786          0         90        184         10
  100     141         30         31        277        120        232         20
  101     192         65       1092          0        120        237         10
  102     126        111       1629       9241        150        251         20
  103      82          8        280          0          0        133         10
  104      49        131       3327          0          0        159         10
  105      14          4         53       4356        120        222         20
  106      30         42       1110          0        120        220         10
  107      31         76       1011        179        330        426         20
  108       7        114         82       2419         60        193         20
  109      76         78       7643          0         90        229         10
  110      86         77       1708        227        330        399         20
  111      29         38         22          0         90        162         10
  112      45         86       3936       3369         30        202         20
  113      37         72       1536          0         30        201         10
  114     177         47       2378        271        450        516         20
  115      29        101       2168         29         30        159         20
  116      76         56         43       5681         30        174         20
  117      78         35       6575          0        120        185         10
  118      26        113        236       4829          0        128         20
  119     195         59       1733          0         30        202         10
  120       7        116         82       2516        150        227         20
  121     153        134        116       1745         90        221         20
  122     104         70        513       4698         60        165         20
  123     148         94       7866          0        450        539         10
  124     114         77       2484          0        180        260         10
  125     194         94        300          0          0        216         10
  126     167        147       1644       1841        150        216         20
  127      36        146       6099        397        300        473         20
  128      59        106       8684          0         60        231         10
  129      21          7       7043        123          0        161         20
  130      90        111       1208       9251         60        161         20
  131     151        143        783         35        150        291         20
  132     140        109         60          0         90        199         10
  133      43        122       6257          0         30        164         10
  134     151         82       1594        107         30        185         20
  135     185         59      14193        807        420        517         20
  136     107         98         82       5359         60        193         20
  137      29        130       1851       2076         30        160         20
  138     130        122       4586       1802        360        521         20
  139     105        152         77       1742        180        292         20
  140     121        129       1783          0        420        536         10
  141     140        128         30         17         30        195         20
  142      65         88        745        299        150        232         20
  143      51        114       1974       1723        300        401         20
  144     127         37       5281        270          0        138         20
  145     121        120       1864          0          0        166         10
  146      81         56        315          0        120        199         10
  147     121         32       2146         93         30        205         20
  148      60         49       5316          0          0         81         10
  149      36        106         73          0         60        140         10
  150      84         56        142       7646        210        292         20
  151     116         65       2686         62          0        140         20
  152      60         13       2205          0        120        205         10
  153      46         18       1403          0          0        159         10
  154      71        131        146        655         90        198         20
  155     122         40        307       3485        120        198         20
  156     105         81       1985        894        180        249         20
  157      62         67       2332          0        360        441         10
  158      31         40       1222          0          0        143         10
  159      31        107        326       1156         30        201         20
  160      63         90       7354       1614        120        204         20
  161     167         94        888       5693          0        185         20
  162      33         20       2257       6831          0         69         20
  163     114         80       1772       2472         60        224         20
  164      90         29         45          0         90        186         10
  165      34         79       2759          0         90        263         10
  166      55         11        984          0        360        470         10
  167      33         70        712       2199         30        183         20
  168     127        122       7628          0        120        278         10
  169     116         83        550       1777         30        197         20
  170     114         27      13557       1443          0        122         20
  171     115         31       1754          0        120        245         10
  172      33         69         72          0          0        128         10
  173     142        126       1391       1528         60        227         20
  174     152         87       2636          0         60        186         10
  175      85         61       8938          0        330        460         10
  176     111         85       2903          0        120        279         10
  177     115         81       2084          0          0        142         10
  178      56        103        152       9040          0        124         20
  179     173         97       6144       4815        150        254         20
  180      71        130       1104          0         90        263         10
  181      63         20        614          0        120        226         10
  182      22         99       2008          0         30        122         10
  183      76         16       1247          0        120        222         10
  184     149        136       1418       5946        120        280         20
  185      98        116       1524      11435        120        224         20
  186      32        115       6757       1941        390        527         20
  187      97         37        103       2795         30        196         20
  188       1         19       7206          0        420        524         10
  189      42         23       1844       1205        120        218         20
  190     125         51       2157          0        120        281         10
  191      70         55        181          0          0        147         10
  192      73         81       3084          0         30        141         10
  193      97         86       4135      10865          0        154         20
  194      19        124       6407        627        120        283         20
  195      13         87       2832          0          0        124         10
  196      47         96       5906          0         90        190         10
  197      92         70       5901          0        180        280         10
  198      90         73        264        575         30        147         20
  199      45        147       1805        111        120        191         20
  200      39        139        663        180        180        290         20
  201      66         71        920          0        210        274         10
  202      47         62        621       3243        120        279         20
  203     139        104       1682          0        300        407         10
  204      15          3        841       1915         30        187         20
  205     136         72       1133       4854        150        260         20
  206       8         43         94      14906         60        198         20
  207       5         20       7372       2237         90        255         20
  208      84         75         36       4537        360        525         20
  209     150         46       3578       1196         30        162         20
  210      43        136      12933          0        390        500         10
  211      45         54       1677          0        120        294         10
  212     103         96         20       1989        150        281         20
  213      42        107         23       3646         90        236         20
  214     112         37       4280          0          0        140         10
  215     126         36       2136        234        120        259         20
  216      78          7       1618          0         30        115         10
  217     124         96        178       1901          0        175         20
  218     109         65      15000          0          0        118         10
  219     192         92       4479        387        360        488         20
  220      60        122        249       3793         60        219         20
  221      52         10         94         97        120        287         20
  222      35         23        852        784        120        222         20
  223      27         76        563       7334          0        108         20
  224      88        127       1988        553         60        149         20
  225      20        116       2331      12669        120        252         20
  226      53         37       5955       2429        120        290         20
  227      12         98       1233          0         90        246         10
  228      54          2       7666          0         30        110         10
  229     151         49        118       1291        180        247         20
  230      25         47        260          0        120        197         10
  231      95         38      10533          0        300        398         10
  232      80         48        173       3613        120        194         20
  233     176         77         39          0         60        200         10
  234      23        102        617       2432        390        464         20
  235     157         59         52          0         90        166         10
  236      57          0       4103        156        120        247         20
  237     131         18       2262          0         30        158         10
  238     182         66       2961        686         60        182         20
  239      63         52        656          0        150        284         10
  240      10         51        117          0        150        296         10
  241      82          7        160       5421        360        526         20
  242      34         63       2827          0        300        400         10
  243      12         55       3909         68        120        256         20
  244      70         64        104       5643        300        427         20
  245     122        139        424         47         90        186         20
  246      83         99         78          0         30        137         10
  247      28         81       4605          0          0        105         10
  248      64         54       8731          0        300        438         10
  249      39         52        100          0        120        201         10
  250      76         59       2958          0          0         97         10
  251      85         76        465          0        150        278         10
  252      32         41        255        177        150        275         20
  253      74         95       1290        123         30        163         20
  254      91         65        268          0         90        204         10
  255     137        143        188          0         60        189         10
  256      73         92      15000          0        300        413         10
  257     183         89         24          0        180        297         10
  258     111         83        937          0        420        533         10
  259      55        104        169       1793         30        190         20
  260     119         15       2659          0        420        480         10
  261      15        118      14294          0        210        277         10
  262      95         82       2682          0        120        265         10
  263     132         69         13        433         90        230         20
  264      22         92       6293          0          0        113         10
  265      90         92         15          0        120        228         10
  266     128         71       1174       2961        150        284         20
  267      99         57        146         58          0        141         20
  268     148         23        926          0          0        141         10
  269     189        101        830          0        180        281         10
  270      97         36       9156       2225          0        165         20
  271     119         55        124       5274          0        136         20
  272     150        140       3400       2503        120        215         20
  273     172         39        150       2010         60        168         20
  274     158         30         30          0        330        494         10
  275     112         20        189          0        120        281         10
  276      58         21       1892          0          0        135         10
  277      31        142       5368       2559        390        470         20
  278      29        110       1016         30         60        157         20
  279     168        109       2850      11299        180        286         20
  280      39        107       3078       1042          0        129         20
  281      35          8        130        263        120        294         20
  282     183         79       2944         36        120        287         20
  283     148        128       1544       1286         30        200         20
  284     150         20       3561          0        120        197         10
  285      87        140       2695       3645        150        220         20
  286      53         38       1377        666        450        529         20
  287       5         14        439      14561        120        295         20
  288      22        146       1463       3399        120        285         20
  289      22         15       1910          0        120        219         10
  290      23        110        406          0        300        412         10
  291      72          3       2977       2254          0        163         20
  292      69          1        665       4247          0        134         20
  293     100         67       6851         56         30        135         20
  294      87        130         12          0         30        164         10
  295     187         93      13543       1457        300        436         20
  296      65         12       3769          0          0         80         10
  297      57        145        402          0         60        234         10
  298      86        140        100       4343          0        176         20
  299     102         47         56          0         60        229         10
  300       0         21        474         54          0        167         20
  301      80         11       1799          0        360        524         10
  302     150         27         93          0        150        227         10
  303      44         48        922      14078        390        486         20
  304      80        117       1938          0        150        247         10
  305     198         86        192          0         60        212         10
  306      51          1       1834       3239         30        141         20
  307      60         37         58      14448          0         65         20
  308     121         85        191        147        360        438         20
  309      88         54      11096          0         30        109         10
  310      77         42       7692       2905        360        445         20
  311      85         75        110          0          0        115         10
  312     117         56       8002        836        330        431         20
  313     161         35       5373          0        360        441         10
  314     170         81       3004      10698         60        191         20
  315      36         20       2287        292        120        282         20
  316     109         75       5146          0         60        170         10
  317      99         58       3995        140        300        401         20
  318     135        121        169          0         30        182         10
  319     170         82       4985          0        120        219         10
  320     142        102       3349          0        450        528         10
  321     115         96       3288          0        150        214         10
  322     146         56       1613          0         60        174         10
  323     117         42      12636          0        120        188         10
  324     140         66         72        298          0        154         20
  325      53         65        434         10          0        103         20
  326     141        103         49       1836          0        171         20
  327     130         90        233          0         60        204         10
  328     121         45        684          0          0        118         10
  329      86        102        615       2112        150        285         20
  330      34        136         68          0        120        204         10
  331     109         98        382       5735         30        141         20
  332      48         46       1206          0        330        504         10
  333       2         17        257          0        120        250         10
  334     142         28      14988         12        150        244         20
  335      66        152       1090          0         60        227         10
  336     187         54       3502          0          0        189         10
  337       0         90       7975       4343        360        506         20
  338     158         73        166          0          0        174         10
  339       7         32         14          0        120        230         10
  340      30         43         37          0        120        253         10
  341     102        120       3112          0        210        291         10
  342      19          8       1293       1888        150        246         20
  343     174        119       2449       2204        120        215         20
  344     148         46         70          0         30        160         10
  345      15         52        136       2360        150        242         20
  346     195         84         17          0          0        215         10
  347     153         48        280          0         90        171         10
  348      69         21         28          0        150        280         10
  349      69         92       2542          0        120        291         10
  350     135         26       3579       2020         60        186         20
  351      62        154         13       2433        210        296         20
  352      19         52       1360          0          0        166         10
  353     115         61         14          0         60        166         10
  354     107         85       1526       8945        120        232         20
  355      96         68       2354          0          0        127         10
  356     108        151      15000          0        300        395         10
  357      71        129      12904         84          0        154         20
  358     158         24       8394        614        120        284         20
  359      64         44       1869          0          0        133         10
  360      27         73       2173          0          0        100         10
  361     101        117       2024         28          0        151         20
  362     108        105       5644          0         60        163         10
  363     173         43       2819          0         90        172         10
  364     191        100       3104          0        150        215         10
  365       9         44        287          0        390        467         10
  366      88         67         86          0          0         98         10
  367     171         80        204        249         30        201         20
  368     120        129       7679       6372        180        276         20
  369     152        146       1043          0         90        200         10
  370      85         10       3602       3479        150        245         20
  371      16          6       2550          0          0         86         10
  372     159         83        515        152        120        299         20
  373     186        106       9756          0        120        221         10
  374      65         86         98          0        150        229         10
  375     137         70       3093        941          0        175         20
  376      95         84       3079          0         90        213         10
  377      21         24       1893        322          0         66         20
  378      52         63       3542          0          0         77         10
  379     154         31        879        338        120        246         20
  380      50         93        804       2139          0        105         20
  381     179        107      12420        142        120        206         20
  382      24        100       4040          0        150        250         10
  383     121         91      14100        900        180        286         20
  384      96         86       4827          9        120        256         20
  385     153         52        615          0         90        231         10
  386      28        120       8107          0         60        174         10
  387      80         64        414          0          0         99         10
  388     122         30       1750         48        120        247         20
  389      49         84       1083          0         60        138         10
  390     144         34       2376       1927        360        436         20
  391     149         94        165        502        180        259         20
  392     153        122      15000          0        210        288         10
  393     159         43       5669       1990        360        466         20
  394      84         78       6367        925          0        160         20
  395      19         90       1074          0        120        287         10
  396      47        129        171          0         60        154         10
  397      56         64       1200          0          0         84         10
  398     108         18      11093        260        330        468         20
  399     173         62         44       5374        180        285         20
  400      28         34         85          0          0        132         10
