400_329

CUSTOMER  VEHICLE
NUMBER	  NUMBER     CAPACITY    DispatchingCost
    400     500          40000       100

CUSTOMER
CUST NO.  XCOORD.   YCOORD.   DDEMAND   PDEMAND   READY TIME  DUE TIME   SERVICE TIME

    0      41         23          0          0          0        960          0
    1      77        153       1501          0         30        174         10
    2     136        148         58          0         90        228         10
    3       7         32         33       3879        120        195         20
    4      89         80        448       1710        120        230         20
    5     112         37       2469          0        150        290         10
    6     132         36       1052          0        120        198         10
    7      55         47       1590       1646         30        158         20
    8      38         73         30          0          0        110         10
    9      88         87         35       5653        180        289         20
   10      63         48       1520       2363        120        255         20
   11      72          3       2977       2254          0        163         20
   12     118         94       3792          0        120        202         10
   13     126         73       5113          0         30        168         10
   14      38         32        545        109          0        165         20
   15      28         45       4270          0          0        110         10
   16     146         56       1613          0         60        174         10
   17      32         43       3449          0        120        261         10
   18     110        128        480          0         30        173         10
   19      74         93        290          0          0        111         10
   20     127         53       1804          0        120        225         10
   21     186         83       3419       8738         60        216         20
   22     179         72         30         54         60        190         20
   23     171         66       1122       7730         30        191         20
   24     137         49        173          0          0        158         10
   25     146         33        127          0         60        232         10
   26      33         64       4213        333        300        410         20
   27       0          8       2948          0          0        106         10
   28      96         68        840          0          0        137         10
   29      29        130        127          0        120        295         10
   30      43        122       6257          0         30        164         10
   31      78         84       1819         76         90        260         20
   32      34        149       1526       3958         60        216         20
   33      90         28       4659          0          0        102         10
   34      23        141       2280          0        150        231         10
   35     149        141         90          0         60        199         10
   36      31        142       5368       2559        390        470         20
   37     132         93       2419          0         90        231         10
   38     102         93       2828       1365        360        427         20
   39     130        148       1951          0        330        432         10
   40     170         82       4985          0        120        219         10
   41     181         42       4565       2636          0        180         20
   42      27         73        330         57        120        289         20
   43      31         76       1011        179        330        426         20
   44      83         64        104         25        120        287         20
   45     155         27        325          0         60        164         10
   46      28         81       4333          0         30        135         10
   47      62         56         21          0          0        155         10
   48      69         51       4815       3808          0        119         20
   49     134         34        299        201          0        142         20
   50     192         64      11845          0        420        535         10
   51      29         11       8445          0        390        470         10
   52     106         81         47          0        150        218         10
   53      45        147       1805        111        120        191         20
   54     164         73       5735          0         60        200         10
   55      14        122        684          0        330        435         10
   56      18        126       1733          0         90        260         10
   57      73         81       1936         35        150        261         20
   58      39         27       6210          0        120        192         10
   59     121         85        191        147        360        438         20
   60      39        156         94         70        330        447         20
   61      41         79       1984       2822         90        197         20
   62     150         70       3899        511        300        469         20
   63      81          8       1604          0          0        135         10
   64      27         24       3402       1828          0        136         20
   65      93         50         90          0         30        199         10
   66     193         91       1440       5669        150        225         20
   67     115         81       2084          0          0        142         10
   68     111         65       1020       1968         90        265         20
   69      64         90         81          0        360        493         10
   70     112         75         24       2024          0        129         20
   71      85         83        263          0          0        127         10
   72      69          1        665       4247          0        134         20
   73     173        111       5692          0        420        498         10
   74     163         22        272        788        120        243         20
   75      46         46         22      11398        120        216         20
   76      78         74        999          0          0        124         10
   77      61         30       2067       6210          0         72         20
   78      85         61       3805        210         60        151         20
   79      90         87       2773       3791        390        530         20
   80      79        101       4006        199         60        144         20
   81      32        112       1555       1924        120        220         20
   82      63         90       7354       1614        120        204         20
   83      26        126        248       2684        120        237         20
   84      53         45         31          0         30         95         10
   85     121         71       4982          0        360        530         10
   86      32        115       6757       1941        390        527         20
   87      25         47      14315          0          0        133         10
   88      55         11        984          0        360        470         10
   89     193         92       2155       4270          0        207         20
   90      86         76        670          0          0        120         10
   91      56         49         44          0          0         94         10
   92      24        148        579       9316        180        268         20
   93     114         80        646          0        150        224         10
   94     134        130       2799       3850        120        274         20
   95     121         81         92          0         60        173         10
   96     154         39       1879          0        300        404         10
   97      44        101       1242          0         30        183         10
   98     164        107       3396       1706        120        187         20
   99     103         96         36          0         90        165         10
  100      82          8        280          0          0        133         10
  101     102         87       2047        179        120        259         20
  102     100         14       1850          0        120        263         10
  103      53        103        618        889          0        138         20
  104     109         75       5146          0         60        170         10
  105     105         81       1985        894        180        249         20
  106      42         14       2710          0         90        230         10
  107      34         67       2009        514          0         86         20
  108     172        113       2392          0         30        196         10
  109     131        123       4519          0         60        194         10
  110     194         82       4993         99         60        206         20
  111      73         65       1739       4416        120        231         20
  112      34        147        233          0        120        212         10
  113     103         95         75      10994         90        222         20
  114      46         50        234       4176        120        284         20
  115      22         15       1910          0        120        219         10
  116      87        130       3686          0         60        158         10
  117      70         72       2975          0        120        253         10
  118     106         83       5186          0        300        442         10
  119     144         54       1767       3023          0        147         20
  120     169        147         10          0         60        217         10
  121     132         48       6880         18        120        228         20
  122     101        117       3956          0        330        441         10
  123     132         69         13        433         90        230         20
  124     148         94      12593       2407        150        227         20
  125      99         74       3110       1521        120        197         20
  126      93        152       6160          0         30        195         10
  127      92         65        223          0         30        202         10
  128      88         61        363          0        330        474         10
  129     100         78        126          0        120        193         10
  130      33        131       1500          0        120        250         10
  131      57         37       1885      13115          0        114         20
  132     176         71       2484          0        120        274         10
  133      86         80        127        211         30        172         20
  134     187         54       3502          0          0        189         10
  135      61         76      13149          0        300        400         10
  136     173         95       4225       6623         90        201         20
  137     150         67        227          0          0        155         10
  138     110        119       1017          0        210        288         10
  139      16         62         77       8312        120        241         20
  140     135        121       2524      12476        210        294         20
  141     138         99       1838          0        150        245         10
  142      31          4       2093          0        120        275         10
  143      83        141       1653          0        150        252         10
  144      74        142       2887          0         60        193         10
  145      92         88       2076         67         90        250         20
  146     134        122       1104          0        150        279         10
  147      34        136       6807        100          0        156         20
  148      66         71       7810       7190          0        103         20
  149     116        147         93        425        300        398         20
  150      21         78       3399          0         60        163         10
  151      57         94       5245        902         30        136         20
  152     146         88        105          0         60        223         10
  153     126        111       1629       9241        150        251         20
  154     121         66       2147          0          0        167         10
  155      33        113        106       7832        120        190         20
  156     132         61        202       6386          0        142         20
  157     156         42        432         72        300        408         20
  158     170        137       1498      13502         90        218         20
  159     150         81       1824       1361          0        156         20
  160     101         55       4728          0        420        528         10
  161     176         70       1430        164        120        192         20
  162      95         66        237        525         30        185         20
  163     133         52       4356          0         60        130         10
  164     188         70       1509        857          0        195         20
  165     194         80       1352          0          0        205         10
  166      20         21       2489       2006        210        291         20
  167     142         29      10671        395        300        403         20
  168      49        131       1598          0        120        186         10
  169     106         55       4592          0        120        293         10
  170     191         51         74       3792          0        205         20
  171      21         98       3613       6345        120        220         20
  172      47        129        723       1308        120        221         20
  173      41         74         87          0         90        169         10
  174      85         74       7744         73         90        252         20
  175     108        105       5644          0         60        163         10
  176     189         85       1869       1825          0        199         20
  177     148         23       5155          0        450        515         10
  178      51        115         15       6725         60        187         20
  179       8         43         94      14906         60        198         20
  180      48         47       2496       5873        210        279         20
  181      84         56        147       1751          0        135         20
  182     101         97       3191          0         30        197         10
  183     194         94       2936       6345         60        217         20
  184     173         97        683          0        180        293         10
  185      10        117       1817          0          0        149         10
  186      41         73       1594          0          0         97         10
  187      74         92       1473       3547        120        246         20
  188      12         55       1489          0        330        424         10
  189     100         23        730          0          0        133         10
  190     146        132       6216          0        180        260         10
  191      63         52        656          0        150        284         10
  192       1         17         29       1669         60        230         20
  193      73         55      14262          0        120        289         10
  194     101        111        110          0          0        143         10
  195      73         83         28          0          0        139         10
  196     123         52        720          0        180        240         10
  197      96         82       1738          0          0        137         10
  198      34         65       3800          0        420        522         10
  199     106         54         12          0        120        243         10
  200      49         47        679          0        120        189         10
  201      82         92        564          0         60        228         10
  202      48        154         21        455         90        217         20
  203      62         76       9568          0        300        429         10
  204      31        128       3008        982          0        138         20
  205       9         49         10       1737        120        191         20
  206     106        103         56        943         90        166         20
  207      82         12        151          0          0         97         10
  208      16         35       5990          0          0        168         10
  209      63         62        200          0        300        405         10
  210     140        109         60          0         90        199         10
  211      79          7       2256          0        120        196         10
  212       8         10         42       8254        150        292         20
  213      87         93        784          0        150        294         10
  214     130         59       1572        688        120        212         20
  215     151         22       3910          0          0        168         10
  216      15          3        841       1915         30        187         20
  217     139         70       9240       2162         30        201         20
  218       6         49        350       2338          0         84         20
  219       8         81        232         34        120        191         20
  220     132         27         14          0         90        192         10
  221      50         80        673       1629        300        404         20
  222      95         90        390       1647        120        235         20
  223     167         57       3868        200         60        201         20
  224      13         12       1157       1527          0        129         20
  225      11         34       5652       3785          0         79         20
  226      64         44       1758       7409          0        122         20
  227     103        124        181          0        180        286         10
  228      61         31         55       1184        120        253         20
  229      88         54       1037       7180          0        101         20
  230     160        118       6111       1029         90        224         20
  231     153         42        610          0          0        148         10
  232     154         76       5420          0        180        283         10
  233     152        146       1043          0         90        200         10
  234      60         60       2066          0        120        196         10
  235     198         67         52          0          0        199         10
  236      29        135        888          0        210        287         10
  237      58         88        422       1246        150        294         20
  238     113         71       2990          0        180        265         10
  239      54         96         16          0        120        248         10
  240     158         71        370          0          0        169         10
  241     153        115       1744         97        120        275         20
  242     137         17        493       2819        300        460         20
  243      31         13       1210       3648        180        277         20
  244     133        142       3803          0         60        185         10
  245      92         61       1511          0        120        257         10
  246      64        119        381        180          0        148         20
  247      60         43       2267       1205        120        255         20
  248      53         57        538         68          0         75         20
  249      51        101       1585       4770        120        188         20
  250     111         25        700       1224          0        120         20
  251      66        117       1096          0        150        231         10
  252     160        108        591       3008        180        248         20
  253     139         33      12128       2872        120        282         20
  254     130         44        237          0        120        229         10
  255     112         47        105         93        180        265         20
  256      73        111        437      14563        330        453         20
  257      30         54       1177        525        120        290         20
  258     179         67        382       1583         60        193         20
  259      97        144       8517        605        420        494         20
  260      65        100       1629       8279        120        220         20
  261      91         35       4009         41          0        172         20
  262     111         85       2903          0        120        279         10
  263      48         83       2181       2064        120        233         20
  264      10         48         25         20        120        230         20
  265     124         79         74          0        120        250         10
  266     100         84        150          0        180        254         10
  267      52         63       3542          0          0         77         10
  268     116         94        824       1815         30        203         20
  269      45         86       3936       3369         30        202         20
  270     115        114       2497       2138        150        280         20
  271      20        116        977        107        150        222         20
  272     139         91       1580        714        150        260         20
  273     197         70         83          0         60        208         10
  274     100        101      10151       2654         60        201         20
  275     160         37       2511          0         60        153         10
  276      48        138        563          0        180        260         10
  277     153         52        615          0         90        231         10
  278      65         82       2552          0         90        170         10
  279       4         23       1989          0        150        244         10
  280      76         31        364          0        330        409         10
  281     149         29       8095          0          0        151         10
  282     147         57       1502       7667        360        522         20
  283      28         34         85          0          0        132         10
  284      60         13       2205          0        120        205         10
  285      99         57        146         58          0        141         20
  286      88         16        204          0          0        101         10
  287     191        100        149        279        120        285         20
  288     144         18       1092      13908         60        147         20
  289      12         98       1233          0         90        246         10
  290     135         51         64       4551          0        135         20
  291      63        150         15       1030        330        403         20
  292     185         44        233        984        150        256         20
  293     125         79       5792         22         30        167         20
  294     132         43       7489          0          0        166         10
  295     101         77        314          0        300        398         10
  296       7        116         82       2516        150        227         20
  297     133         70        282      14718          0        151         20
  298     122         66       7045        313         90        224         20
  299      44         48        922      14078        390        486         20
  300     170         65      14449          0         30        177         10
  301     160        131         29          0        180        290         10
  302      95        146       1531        690         60        175         20
  303      13         87       1330          0          0        122         10
  304     130        122       9733          0        150        257         10
  305     131         83        299          0         60        155         10
  306     148        126       1520          0         60        194         10
  307      88         71         70       1644        420        487         20
  308      77        120         22          0         90        230         10
  309     123         53        438       5972         30        192         20
  310      69         24       3234        160        120        282         20
  311     151        107      12718         82        330        454         20
  312      40        149       1451       3623          0        182         20
  313     199         60        253       1149        180        248         20
  314      92         35       2586       1748        120        229         20
  315     118         67       2780          0          0        168         10
  316      15        118      14294          0        210        277         10
  317       6         26       3038       1970          0         96         20
  318      76          4       4633       8065          0         76         20
  319     186        106       9756          0        120        221         10
  320      76         56         43       5681         30        174         20
  321      66         63        237        665          0        160         20
  322     121         49       3096        618        150        220         20
  323       7         33       2495        190          0         98         20
  324      44         78       1873       4411        420        519         20
  325      79        119        519        759         60        165         20
  326      84         78       6367        925          0        160         20
  327      59         54      11876          0        390        459         10
  328      89         84         46       1461         60        169         20
  329     109         64      14768        232         30        131         20
  330      99         37        108       1210        120        283         20
  331     119        140       1919       4387        360        499         20
  332      30         42        540          0          0         80         10
  333      50          1        768        190        120        235         20
  334      52          0       1860          0          0         98         10
  335     188         83      14970         30         30        210         20
  336     102         47         56          0         60        229         10
  337      98         53       4924      10076         60        133         20
  338     175         51       1655          0          0        169         10
  339      78          7       1210        450         30        145         20
  340      15         37       1254       5746        120        257         20
  341     164         70       2361       1816        300        428         20
  342      27         76       2700          0         60        142         10
  343      57         45        202        137        120        186         20
  344      22        146       1463       3399        120        285         20
  345      49        148        772          0          0        161         10
  346     123         59       6700       4619         30        204         20
  347      64         71        840       3155        300        416         20
  348      30        117       1507          0         60        160         10
  349     153        122        284       3327         90        200         20
  350     143         87       1059          0        120        296         10
  351     122        101       1641          0         30        166         10
  352     153         27       4494       1051          0        153         20
  353     172         39       6060          0          0        177         10
  354     174        119       1642          0        120        243         10
  355      67        115        280       8547         60        199         20
  356     135         29       2789       1610         30        155         20
  357     131         32       2471          0        300        432         10
  358      80         48        156          0          0        141         10
  359     115         96       2703          0        120        281         10
  360     179         61       1605       5657         90        180         20
  361      99        108         52        832         30        152         20
  362      88         67        619          0         90        216         10
  363     107        138        758       4478        120        286         20
  364     141         68       3120          0        330        433         10
  365      21        101       3626       2067        360        423         20
  366      76         78       7643          0         90        229         10
  367      19          8       1293       1888        150        246         20
  368     154         31        879        338        120        246         20
  369      69         22       7888       3483          0         63         20
  370     123         72        941       1885         60        196         20
  371      67         95       1760        192        120        213         20
  372     121        129       2805       1791        180        279         20
  373     114         48       4493          0        330        462         10
  374      23         93       3399          0         60        129         10
  375     128        111       2939          0          0        162         10
  376     122         40         14          0        150        289         10
  377      95         84       3947          0        210        271         10
  378     106         59        129        287        150        220         20
  379     118        100       3564          0        360        465         10
  380     196         74       1716       1860        120        211         20
  381      90        124         22          0        120        291         10
  382     162        146       2028          0        120        228         10
  383      51        114       3536       5974         60        194         20
  384      90         16       1667       4478         30        198         20
  385     136         72       4622        182          0        150         20
  386     198         85        594          0        120        288         10
  387     152         87       2636          0         60        186         10
  388      83         74       2364          0        120        260         10
  389     176        111       6331          0        150        293         10
  390     126        133       1838          0        330        431         10
  391      28         14        537          0        120        194         10
  392      71        107        655          0          0        133         10
  393      52         10         94         97        120        287         20
  394      57         70       1258       2997        360        467         20
  395     158         24       8394        614        120        284         20
  396     163         99       6623         76          0        186         20
  397      66         58       1700      13300        120        288         20
  398      66        152       1090          0         60        227         10
  399      34        122        556          0          0        129         10
  400      67         96       9040          0        120        249         10
