400_335

CUSTOMER  VEHICLE
NUMBER	  NUMBER     CAPACITY    DispatchingCost
    400     500          40000       100

CUSTOMER
CUST NO.  XCOORD.   YCOORD.   DDEMAND   PDEMAND   READY TIME  DUE TIME   SERVICE TIME

    0      41         23          0          0          0        960          0
    1     198         79       1205          0         90        203         10
    2      91         84       3872          0         60        158         10
    3      82         99        454       5804        180        275         20
    4     109         64       3963          0        300        428         10
    5     111         87         10       1976        180        263         20
    6     146        141         94       2659         60        199         20
    7      29        135        888          0        210        287         10
    8      20         78       3380      11620         90        171         20
    9     132         44        200         62        120        196         20
   10      31          7       1702         87        120        292         20
   11     138        146       1104          0         60        195         10
   12      32         83         84        564          0        134         20
   13     188         70       1509        857          0        195         20
   14     192         92        889       1774         90        205         20
   15      80         48        156          0          0        141         10
   16      46         46        105          0        150        275         10
   17      39        156        179       3625          0        176         20
   18     108         42      11329          0          0        109         10
   19      57         37       1885      13115          0        114         20
   20      60         43        136          0        120        193         10
   21     117        100       6469       8004          0        157         20
   22      28        139         28          0         60        168         10
   23      51          1       1834       3239         30        141         20
   24      17         36        524          0          0        104         10
   25     139         70       9240       2162         30        201         20
   26      39         33        673        169        420        497         20
   27     151        120       2582          0        300        443         10
   28     112         47       4377          0        120        200         10
   29      16        118       3419        191        120        232         20
   30      99         37       1069          0          0        100         10
   31     164         60       2060       2199        150        230         20
   32      12         15         29          0          0         97         10
   33      57         45       1460          0        330        503         10
   34      85         71        857       3492         30        142         20
   35     100         78        126          0        120        193         10
   36      90        119       4742          0        120        256         10
   37      82         90       2138       7578         30        154         20
   38     112         78        108       1511        120        216         20
   39      53         65         70          0         60        199         10
   40     125        102         61          0          0        167         10
   41      44         51        240       1297        120        291         20
   42      95         84       3947          0        210        271         10
   43      87        130         12          0         30        164         10
   44     122         77        442        345        120        188         20
   45      95        146       1531        690         60        175         20
   46      28         31       1807         20         30        158         20
   47     183         60         96          0         60        181         10
   48      76          4       9807       2333        330        431         20
   49     173         85       4842        248         60        183         20
   50       4         16       2745      12255        150        230         20
   51       7         28         13          0         30        187         10
   52      51        150       1346       4497         90        249         20
   53     174         99       2160        447          0        203         20
   54      80         93        138       2224        120        205         20
   55      85         76       2490       5313        120        185         20
   56      19         98       5993          0        330        470         10
   57      30        154        476        309        360        461         20
   58      60         49       5316          0          0         81         10
   59     130         59       1572        688        120        212         20
   60     134         55       1993       3211        150        296         20
   61      95         82       2682          0        120        265         10
   62     120        109         22       1769         60        170         20
   63     122         30       1332        207         30        154         20
   64      65        100       1629       8279        120        220         20
   65      47         96        920          0        210        283         10
   66      68         94       2410        333         60        164         20
   67     158        128         27       1673         60        235         20
   68     194         82       2787       2387         30        203         20
   69      21          7       1038          0         90        189         10
   70      40         30       1495          0          0        124         10
   71      28        122        563          0          0        135         10
   72     194         65         76          0        180        284         10
   73      88         41       1275          0        120        221         10
   74      90        124         22          0        120        291         10
   75     149         34       1568       3152         90        254         20
   76     155         88        274          0        120        268         10
   77     148         47       1791       3160        150        259         20
   78      82          9        483          0        120        247         10
   79     108        137        182       1571        180        286         20
   80     101        117        637       2111         60        233         20
   81     104        109       1628        251        180        294         20
   82      37         15      15000          0          0         77         10
   83      13         26        384        211        120        187         20
   84      89         56       1257          0         30        139         10
   85      85         61       3805        210         60        151         20
   86      15         81       1625          0        180        276         10
   87      92         52       2272         40        120        236         20
   88      22         92         22        356          0        118         20
   89      98         10        165          0          0        133         10
   90      42         23       1844       1205        120        218         20
   91      97         86        559          0         30        147         10
   92     111         65       1020       1968         90        265         20
   93      81         18        225         22          0         89         20
   94     156         67         12       7501         90        203         20
   95     186        106         84          0        120        211         10
   96      81          6       4267          0        150        255         10
   97      40        155        128         35        180        254         20
   98     139         33      12128       2872        120        282         20
   99      85         46      13520          0          0        164         10
  100      29         68       1074          0         60        197         10
  101      91         73       4176        207         60        131         20
  102      85         83        263          0          0        127         10
  103       7        114       1255          0         60        173         10
  104      65         57       1104          0          0         75         10
  105     148         30       5837       1870         90        163         20
  106     151         77         87          0          0        160         10
  107     143        112       2682        236        360        469         20
  108      13         12       1157       1527          0        129         20
  109      17         89       1542         38        120        289         20
  110     154        105       2750         12        180        285         20
  111     147         61       1269          0        420        495         10
  112     119         55       3884          0          0        135         10
  113     169        147         10          0         60        217         10
  114     155        145        238          0         60        233         10
  115      64        132        137          0         60        224         10
  116      47        137         33          0        120        298         10
  117      35        124       6109        251          0        146         20
  118     176        126       5559          0          0        216         10
  119      78         98        462       2331         90        237         20
  120      87        113       6124          0        120        229         10
  121     154         76        333       2490         60        226         20
  122     142         28       3591          0        420        531         10
  123     148        126       1719          0          0        199         10
  124      16          6       2550          0          0         86         10
  125      78          7       1618          0         30        115         10
  126     128         97        756       7047        330        403         20
  127      64         67       1506        393          0        131         20
  128      88         54      11096          0         30        109         10
  129      31          4       2093          0        120        275         10
  130     173         62        205       1859        120        264         20
  131     105        152        367          0         30        179         10
  132      84         56        147       1751          0        135         20
  133     119         98         19          0        120        243         10
  134      21         40       3810          0          0        140         10
  135      58         86       1700         43        120        201         20
  136      71        107        655          0          0        133         10
  137     102         78       8295          0        120        222         10
  138      75         55       2917        363        120        281         20
  139     126        111       9991       3234        180        256         20
  140     121         91        476          0        150        263         10
  141     122        109         11          0         30        166         10
  142      65        134        847        877        120        230         20
  143      38        113       2703         77          0        154         20
  144      48         54       2908          0          0         67         10
  145     121         85        191        147        360        438         20
  146      95         66         55        102        180        287         20
  147     177        112        280        193          0        200         20
  148      55         47       1590       1646         30        158         20
  149      72         86       1687       1497        180        254         20
  150      64         44       1758       7409          0        122         20
  151      67         87       1522        122        120        225         20
  152     142        136       8188        204         60        190         20
  153      92         61       1511          0        120        257         10
  154      26        127       4093          0         90        224         10
  155     118         94       3792          0        120        202         10
  156      53         21       1800          0          0        105         10
  157      88         16        204          0          0        101         10
  158     118        100       3564          0        360        465         10
  159     170         65      14449          0         30        177         10
  160      99        113        202          0          0        153         10
  161      56         19       4992       2542          0        140         20
  162      74         92         36          0        120        249         10
  163      57        142       9688         26         90        170         20
  164     112         36         57          0        120        266         10
  165      45         79       2851          0        120        212         10
  166      78          8       4580          0        330        430         10
  167      49        131       1598          0        120        186         10
  168     142         91       6861          0         90        256         10
  169     123         54        288         45         60        232         20
  170       2         17        257          0        120        250         10
  171       9         49       1501          0        150        257         10
  172     122         34       1862         70         30        115         20
  173     151        143         28          0         60        195         10
  174     121        142       1553          0        120        205         10
  175      16          3       1657       9040          0         99         20
  176     168        109       3646          0         60        190         10
  177     177         74         50        113         60        200         20
  178       0         90       7975       4343        360        506         20
  179     115         64       2545          0        150        292         10
  180      63         20         81          0         30        101         10
  181      77        120       1854       2136          0        144         20
  182      18         37         47         17        120        254         20
  183      53         37       1685        404        360        499         20
  184       8         46        910        960          0         93         20
  185      32        112       1555       1924        120        220         20
  186     132         36       1052          0        120        198         10
  187      91         70        763          0        120        218         10
  188     121         49       3096        618        150        220         20
  189      29        114      11268          0          0        149         10
  190     122         83       4009          0         60        228         10
  191      32         41        255        177        150        275         20
  192     154         31        178       7866        180        251         20
  193      73         81         86        312        150        293         20
  194     175         51       9905        298        300        435         20
  195     140        104        856        542        150        230         20
  196      79        131       2905       4886        120        217         20
  197     122        139        424         47         90        186         20
  198      45         61       1970        147        120        198         20
  199      27         84       1142       3496          0        125         20
  200      34         33         57          0         30        165         10
  201     153         75       5845         36          0        170         20
  202     122         59        641          0         30        183         10
  203      78          6       2902       1882        120        196         20
  204     137         49       8190       1015          0        145         20
  205      74        119         60          0        120        261         10
  206     195         99       3484       2738        120        232         20
  207      29        108        306       1816        180        277         20
  208      57          0         86          0          0         67         10
  209      36         87        913      10752        180        297         20
  210      29         11       8445          0        390        470         10
  211     111         70       5395       2706         90        173         20
  212      61         30       2067       6210          0         72         20
  213      78         74        443          0         60        140         10
  214      59        106       1712          0          0        136         10
  215       6         26        103        338         30        167         20
  216      22        129       1601       1207        120        250         20
  217     160         74       8312          0         60        171         10
  218     106         68       3813          0        360        514         10
  219      78         35       6575          0        120        185         10
  220     174         67        189         91        120        201         20
  221      30         45         17       1526        150        277         20
  222     163         22        272        788        120        243         20
  223     131        104         65          0         30        166         10
  224     108         18      11093        260        330        468         20
  225      47        133       4963          0         60        232         10
  226     120        124       6209          0         60        223         10
  227      13        119       2319          0         60        227         10
  228     106        143       1942          0         60        181         10
  229     107         63        800       1174         90        243         20
  230     106         85        844          0         60        169         10
  231     147         22       3151       5907         60        181         20
  232      74        142       2500          0         30        161         10
  233      52         46       2445       1778          0         66         20
  234     116         94        181          0        120        203         10
  235      29         38         22          0         90        162         10
  236     129         71       7335          0        180        265         10
  237      57        117       7204          0         60        140         10
  238     121         66       7575          0        180        259         10
  239     182         66      10279          0        150        225         10
  240     146         56       1613          0         60        174         10
  241     163        111       1648       5955        120        258         20
  242      54          2        181         31          0        110         20
  243       7         21        230        615        150        248         20
  244      65         82       2552          0         90        170         10
  245      82          8        280          0          0        133         10
  246     102         87       2047        179        120        259         20
  247      38         73       1018        562        150        294         20
  248      92         59       3425       8935        390        465         20
  249      30         54       1318          0          0        134         10
  250      97         84        101          0        120        278         10
  251     152        104        330       2683         60        227         20
  252     129        122       2424          0         60        187         10
  253      69         90       3243          0        390        495         10
  254      58         88       1900          0        150        271         10
  255      22        146       5088          0        180        266         10
  256     109         75       5146          0         60        170         10
  257      12         98       1233          0         90        246         10
  258      64         90         81          0        360        493         10
  259      24         59       3281          0        120        220         10
  260     153         27       4494       1051          0        153         20
  261     126         36       2136        234        120        259         20
  262       1         25       3149       3212         60        173         20
  263     176        111       6331          0        150        293         10
  264      11         33       2028          0        120        246         10
  265      96        112        291          0         60        234         10
  266      44         47      13065          0        150        280         10
  267      42        125       1889          0        120        194         10
  268     160         33       2819          0        420        533         10
  269     132        136       5071          0        360        528         10
  270     160         77       1715          0          0        183         10
  271      10         48         25         20        120        230         20
  272     176         46       2784        182         90        183         20
  273     131         18      11000        112        120        193         20
  274     119         64      13401          0        360        459         10
  275      48         74       3945          0          0        110         10
  276      94         94       1502          0          0        139         10
  277      47        129        723       1308        120        221         20
  278      59         64        610         25        120        289         20
  279     145         38         40          0         30        156         10
  280      92        120       2713          0        150        226         10
  281      20        145        101          0          0        177         10
  282     169        111        290          0        150        221         10
  283      74         85       1824       1068        360        443         20
  284      79          7       2256          0        120        196         10
  285      27         76       2700          0         60        142         10
  286     123         62       1825          0        300        403         10
  287      68         73      10273       4727          0        101         20
  288      69         24        108        117          0        144         20
  289      22         91        197          0        180        281         10
  290      54        130         76       1859         60        165         20
  291      64         40        280          0          0         77         10
  292      48        129       2502        151          0        169         20
  293      26        126       1513          0        360        522         10
  294     133         70        282      14718          0        151         20
  295      54         96         16          0        120        248         10
  296      68          2         26        174          0        145         20
  297      31         76       1011        179        330        426         20
  298     195         84         17          0          0        215         10
  299      39        139        663        180        180        290         20
  300      53         57        538         68          0         75         20
  301       7         97         54         17          0        171         20
  302      39         27       6210          0        120        192         10
  303     172         39       6060          0          0        177         10
  304     124         79         74          0        120        250         10
  305     161         35       5904          0        150        244         10
  306     108         46         98          0        120        202         10
  307      76         44        234       1582        120        250         20
  308       9        114        525          0         30        190         10
  309      17        119        170       2379        150        279         20
  310      15         52        136       2360        150        242         20
  311      73         43         75       1067        120        284         20
  312      59         81         90       3021        120        228         20
  313      88         71         70       1644        420        487         20
  314     110         98        255          0         30        131         10
  315     158         24       5374          0          0        166         10
  316     144         86       6707       6109        120        228         20
  317      63        135       7890        890         60        226         20
  318      37         72       1536          0         30        201         10
  319      73        157        383          0        300        456         10
  320      65         74       2221        200        180        272         20
  321     132         93       5072          0         90        212         10
  322     114         48       4493          0        330        462         10
  323      31        142       5368       2559        390        470         20
  324      21         41       7170          0          0        102         10
  325      30         73       2255        840        150        287         20
  326      75        156        695       5746         60        199         20
  327     116         83        365          0        120        227         10
  328     188         95        130        385          0        214         20
  329      85         75       4920        383        120        220         20
  330      81         81        604          0          0        135         10
  331      57         94       5245        902         30        136         20
  332     135        121        172        566         60        196         20
  333     123         59       1081          0        390        528         10
  334     108        105       5644          0         60        163         10
  335      19          8       4343          0          0         69         10
  336      27        100       2133       1839        390        531         20
  337     139        104       1682          0        300        407         10
  338      42         52       1802          0          0        145         10
  339      62         56         40        248        120        258         20
  340      55         11        984          0        360        470         10
  341     158         71       3592        231          0        160         20
  342      34        136       1030          0          0        146         10
  343      77         20        347          0        150        286         10
  344     167         47       2447       1752        330        440         20
  345      70        119       1500          0          0        165         10
  346     179         72         30         54         60        190         20
  347      36        106       1722       6296        360        463         20
  348      79        122       2645          0         60        220         10
  349     121         45       2293       7629         90        167         20
  350      64        119        103      14897         60        155         20
  351     131         44        310          0        120        188         10
  352      61         49       1523          0        150        242         10
  353     134         33        760          0        360        429         10
  354     115         31       1754          0        120        245         10
  355      55         65        330       1770        120        285         20
  356     143         31        112          0        300        434         10
  357     179         67        382       1583         60        193         20
  358      62         17        162       2237        300        435         20
  359      96         68       1630          0          0        108         10
  360      62        154       5309          0        180        273         10
  361      91         72        129          0         90        230         10
  362     164         90        344      14656        120        186         20
  363      60        148       1697       5044         30        189         20
  364      52          0        487          0        120        228         10
  365      80         46         21          0        120        224         10
  366      51         80         62          0        150        227         10
  367     185        103       2776          0         60        231         10
  368      29        131       3180          0        180        290         10
  369      66         71        920          0        210        274         10
  370      48        138        127          0        120        233         10
  371       8         11       1860        996         60        162         20
  372      51         47        233          0          0        102         10
  373      84         66        450          0        180        273         10
  374     159        127       2388       2516         60        201         20
  375      96         86       4827          9        120        256         20
  376      36         79         86        212        450        517         20
  377     139        107        481          0        120        230         10
  378      41         70        684          0          0        172         10
  379      86         86        422       2620          0        133         20
  380     148        116       3610          0        300        445         10
  381      71         81       9982         59         60        128         20
  382     120         62        394        119          0        147         20
  383     132         61         15          0        120        265         10
  384     185         59       3400       5639        120        206         20
  385     115         60       1628       1011          0        127         20
  386     131         51       2121          0        120        236         10
  387     197         87         32        127         60        203         20
  388     112        138      14049        878         90        173         20
  389      51         98        407       8859          0        107         20
  390      29         31       1680          0        120        284         10
  391      95         90        390       1647        120        235         20
  392     176         47        333          0         60        190         10
  393      86         80        437        941         90        230         20
  394      97         37       1253         95         30        153         20
  395     132         48       6880         18        120        228         20
  396     173         95       3140       2399          0        199         20
  397      85        102       2066        249         60        202         20
  398      28         34         85          0          0        132         10
  399     180         65       1322          0         90        232         10
  400     153        148         43      14957         60        217         20
