400_339

CUSTOMER  VEHICLE
NUMBER	  NUMBER     CAPACITY    DispatchingCost
    400     500          40000       100

CUSTOMER
CUST NO.  XCOORD.   YCOORD.   DDEMAND   PDEMAND   READY TIME  DUE TIME   SERVICE TIME

    0      41         23          0          0          0        960          0
    1     160         23        108        270        120        203         20
    2     148         33       4248          0        450        511         10
    3      30         38         14       9754        120        254         20
    4     181         76       6564       2216          0        192         20
    5      15         41       2076          0        120        262         10
    6     107         98         82       5359         60        193         20
    7      56         64        170       5400         60        195         20
    8      83         85        300       4834         90        174         20
    9      87        140       5361          0        210        279         10
   10      59        106       1712          0          0        136         10
   11     121         81         92          0         60        173         10
   12      24        148         40       1123        180        277         20
   13      11         34       5652       3785          0         79         20
   14      27         76        563       7334          0        108         20
   15      86         76        236        288         90        231         20
   16      46         50        234       4176        120        284         20
   17     146         88      10696          0         30        163         10
   18       7         32         33       3879        120        195         20
   19      67         95       1760        192        120        213         20
   20     106         54        218        169        180        243         20
   21      70        125      13341       1659         30        196         20
   22      66         63        617        672        360        469         20
   23      16        122        679          0        150        261         10
   24     138        128       1884          0         30        182         10
   25     140        104         98          0         90        171         10
   26     176        126       5559          0          0        216         10
   27      84         78       2544          0         60        190         10
   28      96         68        840          0          0        137         10
   29     104         91       1115        109         90        161         20
   30      40        133         27         87        120        217         20
   31      84         66        450          0        180        273         10
   32      60        118       7904       5162         60        141         20
   33     139        107        481          0        120        230         10
   34      92        120        250          0         30        162         10
   35     104         55       4342          0        300        417         10
   36     112         20        189          0        120        281         10
   37     103        124       3789         80         60        232         20
   38      41        145       7246       3055        120        258         20
   39      31        142       5368       2559        390        470         20
   40     105         79       1959          0        180        242         10
   41     112         75         24       2024          0        129         20
   42      38         73         30          0          0        110         10
   43     111         85       2903          0        120        279         10
   44      78         74        443          0         60        140         10
   45     145        134        181          0        300        401         10
   46      92         84       1940       2028        420        522         20
   47      78          6       2902       1882        120        196         20
   48     160         74         49       1329        180        288         20
   49     131         18       2262          0         30        158         10
   50      57         91        215          0        120        253         10
   51     186         73       2487        847         90        194         20
   52     110         98         56       7374         90        178         20
   53     146        130       1611          0        180        278         10
   54     170        137       1498      13502         90        218         20
   55      48        129       2461          0          0        177         10
   56      57         94       5245        902         30        136         20
   57     122        146        344        287        300        451         20
   58     125         88         46       2162        300        441         20
   59     152         56       2295          0        390        515         10
   60      76         31        206      14794          0        166         20
   61      20         98       1926          0         60        237         10
   62      74         20       5221       6408        120        229         20
   63     162        104       9484        514         60        195         20
   64     137         30        589         90          0        140         20
   65     158        142        156        107          0        211         20
   66     153        148         43      14957         60        217         20
   67     140         66         72        298          0        154         20
   68     127        105       2583          0         90        247         10
   69      85         83       6623          0          0        111         10
   70     101        111        110          0          0        143         10
   71      72         39         16          0        120        231         10
   72      28        122        563          0          0        135         10
   73      51         98       5190       6318        180        266         20
   74      34         63        152          0         60        225         10
   75      34        127       8560          0        300        454         10
   76      74         85       1708          0          0        124         10
   77      96         79       1186       1959         60        167         20
   78      14         34        456          0        120        280         10
   79      53         38       1377        666        450        529         20
   80     194         72       2010       1000        180        292         20
   81      99        108       6709          0          0        142         10
   82     107        138        472       3161         60        208         20
   83     138         99       1838          0        150        245         10
   84     151        123       9812       5188        360        535         20
   85      89         36         11        504          0         79         20
   86     177         74       2400      11095        120        187         20
   87     115         60        742          0         90        220         10
   88      29        108        466         91         30        135         20
   89      32         74        960       1273        120        220         20
   90      98         53       4924      10076         60        133         20
   91      20        119       9298          0        120        206         10
   92     101         85       1800          0          0        127         10
   93      80         70       1403          0        120        221         10
   94      60         37         58      14448          0         65         20
   95      53         78       5064         22          0        101         20
   96     155         55        178          0        150        248         10
   97      41         70        684          0          0        172         10
   98     154         76        274          0         60        234         10
   99     168        109       2850      11299        180        286         20
  100      26        113        129          0         30        191         10
  101     132         44       3422          0        210        282         10
  102      64         44       1758       7409          0        122         20
  103     179         72       1473        197         90        224         20
  104      86         81       2386       1256        120        232         20
  105     166         28       2289       1712        180        263         20
  106      29         31        135          0          0         88         10
  107     185         59       3400       5639        120        206         20
  108      31          4       2093          0        120        275         10
  109     113        121       2180       2542         30        172         20
  110      85         71        338          0          0        149         10
  111     120        129       7679       6372        180        276         20
  112     151        107      12718         82        330        454         20
  113     126         72       7182          0        390        537         10
  114     121         73         21          0        300        459         10
  115      71         91        672        305          0        125         20
  116      90        111       1208       9251         60        161         20
  117     176        111       6331          0        150        293         10
  118     150         53         54          0         90        230         10
  119     161         35       5904          0        150        244         10
  120      51        115         15       6725         60        187         20
  121      32         56        182       1771        120        271         20
  122     121         66       2147          0          0        167         10
  123     162        118       1709          0          0        199         10
  124      22         91        197          0        180        281         10
  125     117        146        498          0        180        249         10
  126     120        117       1615       1636          0        157         20
  127      32        112        584          0         30        174         10
  128      57        144       1183       1365        390        517         20
  129     123         62       1825          0        300        403         10
  130      13         87       1330          0          0        122         10
  131      21         40         48          0        120        196         10
  132     116        147         93        425        300        398         20
  133      26          9        681          0        120        261         10
  134     140        128       1927       1818         90        188         20
  135      86        140        100       4343          0        176         20
  136      83         86         89          0         90        182         10
  137       9         49         10       1737        120        191         20
  138      35        150        232          0         90        206         10
  139      83        141        744          0        150        228         10
  140      31        128       3008        982          0        138         20
  141     122         30       1750         48        120        247         20
  142     169        147       1975       1611         60        223         20
  143     122        109         11          0         30        166         10
  144     145         69         44          0         30        143         10
  145      11         48       9418        749          0        125         20
  146      53         21       1800          0          0        105         10
  147      36        153        203        144        390        475         20
  148      23         35       3072       5533         30        151         20
  149      98         10        165          0          0        133         10
  150     105        126        525          0         60        171         10
  151      67         61         30          0          0        127         10
  152     117         42       1478        505          0        131         20
  153     136         72       5681        483        360        525         20
  154     120        116       7832          0          0        178         10
  155      97         37        103       2795         30        196         20
  156     105         81         58          0        120        290         10
  157     106         68        277       1874          0        123         20
  158     163         22        272        788        120        243         20
  159      68         73         36          0        150        251         10
  160     106         84        841       1474         60        133         20
  161      90        119       1869       9807        360        431         20
  162      63         62        200          0        300        405         10
  163     119         33        108         80        150        220         20
  164      50         64       1747       2222         90        160         20
  165      45         49        112          0        120        275         10
  166     130         46       1352       1010        180        275         20
  167      32         23       2963       2419        300        425         20
  168     181         68       1149          0         90        185         10
  169      41         73        120          0         30        163         10
  170      85         75       4920        383        120        220         20
  171     131        123       4519          0         60        194         10
  172      36         20        110        718          0        176         20
  173     160         78        270          0        120        188         10
  174      24         59       3281          0        120        220         10
  175     178         62       1822          0        390        529         10
  176     118         94        325       1706         60        162         20
  177      61         30       2067       6210          0         72         20
  178     198         67         52          0          0        199         10
  179     119         45       1008        697          0        129         20
  180     106         66        294          0        180        275         10
  181      88         41       2209          0        120        216         10
  182     145         38         40          0         30        156         10
  183      93         50        710      14290          0         98         20
  184     167         94         86          0        120        186         10
  185     126         89       1838        339         30        207         20
  186     108         46         98          0        120        202         10
  187     125         29       4183        151        450        535         20
  188     158         30         30          0        330        494         10
  189      70         72       2975          0        120        253         10
  190      32         43       3449          0        120        261         10
  191     142         91        108       4191        120        287         20
  192      17         18         15        664          0        102         20
  193      18         29       2400         69        120        230         20
  194      82         90       1382      13618         60        201         20
  195      76         68        612        406        210        281         20
  196      72         99         83       1750        120        274         20
  197      30         73       1538      13462        300        427         20
  198     148        126       1520          0         60        194         10
  199     153         52        615          0         90        231         10
  200     143         87        250          0         90        252         10
  201     107         63       3716       4355         30        185         20
  202      27        127       1363       1951         60        162         20
  203      93         94        631       7181         60        138         20
  204      64         67       1506        393          0        131         20
  205      81          8       1427          0          0        127         10
  206      82          8        280          0          0        133         10
  207     177        110       2025          0        120        261         10
  208     125         79       5792         22         30        167         20
  209      29        130        127          0        120        295         10
  210       8         10         42       8254        150        292         20
  211     102         47         56          0         60        229         10
  212     174         54       1034          0        180        264         10
  213      20         78       3380      11620         90        171         20
  214     107         77       3438       2076        150        220         20
  215     127        122       7628          0        120        278         10
  216     105        152        367          0         30        179         10
  217     147         94       1976          0        120        251         10
  218     139         18         43       2453        120        190         20
  219      21         78       3399          0         60        163         10
  220      70        126        143          0         60        170         10
  221      50         85       1874          0         60        198         10
  222     130         59       1572        688        120        212         20
  223      99         56       8544          0          0        109         10
  224      60        148        713       1749         30        182         20
  225     121        129       1783          0        420        536         10
  226     106         82       1914          0        120        193         10
  227     174         99        805        140        180        246         20
  228      11         19       6393          0        120        230         10
  229     135         59       1010          0          0        151         10
  230     167        103      14692        308        150        214         20
  231      27         22       1614       1875        330        400         20
  232       7         28       1609          0        180        298         10
  233     155         88         83        748         90        186         20
  234      96         81       6831          0        120        198         10
  235      26        142       2365         31         30        168         20
  236      62         67       2332          0        360        441         10
  237      25         50       7260       2850        120        236         20
  238     132        136       5071          0        360        528         10
  239     177         48        264          0        120        283         10
  240     188         70       1509        857          0        195         20
  241      76         76       5203         53          0        173         20
  242     198         85        594          0        120        288         10
  243     158         75       1639       1839         60        206         20
  244     143         31       4301          0        120        231         10
  245      31         40      14776        224        120        187         20
  246      91        122        228          0         60        190         10
  247       7         21        633          0          0        121         10
  248     100         23        584          0        120        222         10
  249      79         16        548          0        120        259         10
  250      35         26         19          0        120        224         10
  251      52        152       3862          0        180        245         10
  252     122         65       7557         88        300        411         20
  253      93         68        831         85        150        222         20
  254     103         96         20       1989        150        281         20
  255      71         19       3406        567          0         66         20
  256      69         90       1998          0         30        196         10
  257      96        112        291          0         60        234         10
  258     146        132       6216          0        180        260         10
  259      85         74       3146        252        150        233         20
  260     121        143       4376          0        330        471         10
  261      77        132       1221          0         30        200         10
  262      46        125        253         17         60        155         20
  263     126        132       1472        222         60        196         20
  264     102         27         33       2085          0         98         20
  265     132         61        202       6386          0        142         20
  266     119         55         96       1895         90        199         20
  267     128         56       2475          0         90        243         10
  268      52         28       8254       2295        420        513         20
  269     181         42        294          0         60        204         10
  270      33         69         72          0          0        128         10
  271      34        137       5813         74        300        434         20
  272     119         11       1680          0          0        131         10
  273       7        117         16      10588         60        175         20
  274     149        141         90          0         60        199         10
  275      34        106        384        417          0        148         20
  276      37         14        902          0          0         76         10
  277      39        139        147         13          0        163         20
  278     169        146       7197          0        360        435         10
  279     170         36       1810         20         60        184         20
  280     148         32        768       1958        150        278         20
  281     173        111       1961          0        120        216         10
  282      29         68       1074          0         60        197         10
  283      17         36       1330         14          0         99         20
  284      82         99       1432       2939        120        207         20
  285      59         81        835          0        120        188         10
  286     126         66        123          0         90        222         10
  287      78          7       1210        450         30        145         20
  288     173         85       4842        248         60        183         20
  289      87        113       6124          0        120        229         10
  290     135         26       2810       1097        390        452         20
  291      82         15        133          0        120        254         10
  292      63         48         62      13911         30        155         20
  293     153         48        280          0         90        171         10
  294      55        116      10997        108         30        131         20
  295     186        106         84          0        120        211         10
  296      92         65        223          0         30        202         10
  297     134         73        233        192          0        162         20
  298      83         25        442       3136         30        159         20
  299     187         93      13543       1457        300        436         20
  300      91         55       6953          0          0        131         10
  301     133         37      13294       1706          0        127         20
  302      97         68       2799          0        120        211         10
  303      62        151       5376         22          0        187         20
  304      33        131       2198        336        150        232         20
  305      99         37       1069          0          0        100         10
  306     106         10       2243       2026        360        496         20
  307     171        104        123          0         60        225         10
  308     104         81       4870        938         90        260         20
  309      87         69         16          0        120        230         10
  310     106         59       4453          0         90        161         10
  311     168        147       2530        147          0        222         20
  312     160        101       2010          0          0        176         10
  313      95         66        265          0          0        149         10
  314      43        122       6257          0         30        164         10
  315      94         94       1502          0          0        139         10
  316      35          8       1992       2702        120        286         20
  317      54          2        181         31          0        110         20
  318      49         84       1083          0         60        138         10
  319      80         11      15000          0          0         73         10
  320     160        131         29          0        180        290         10
  321     120         62        394        119          0        147         20
  322     121         32       2146         93         30        205         20
  323     161         63       1848          0         90        223         10
  324     147         38       1937         50         90        223         20
  325       2         17        257          0        120        250         10
  326      20        116       2331      12669        120        252         20
  327      62         45       1457       1225        300        410         20
  328      38        141        250       1250         60        199         20
  329      63        150         15       1030        330        403         20
  330      17        119      13931       1069         90        263         20
  331      59         48         38         80          0         95         20
  332     117         56       8002        836        330        431         20
  333      26        126        248       2684        120        237         20
  334      37         15      15000          0          0         77         10
  335      80         93       2005         32        120        197         20
  336      65         88        745        299        150        232         20
  337     141        103         49       1836          0        171         20
  338      61         31       3879         69        120        288         20
  339     134         55       1993       3211        150        296         20
  340     152        146       3114       1844        120        205         20
  341      73         89         54          0         90        258         10
  342     133        102         73          0        120        285         10
  343      16         35         87      10255         30        115         20
  344     128         89       1706       1109        150        245         20
  345      47        141        257          0        300        408         10
  346      68          2         26        174          0        145         20
  347     100         19       9275       4376        420        523         20
  348     121         85        191        147        360        438         20
  349      73         55         20      11550        120        292         20
  350     114         77         11        615         30        170         20
  351      42         14       2710          0         90        230         10
  352     192         92       4479        387        360        488         20
  353      85        128       6740       2399        120        299         20
  354      77         20       1976       8108          0        167         20
  355      88         73       2290       7406          0        142         20
  356     147        113         39       2361        120        199         20
  357      78          8       4580          0        330        430         10
  358      87         63       4966       2305        300        432         20
  359     160         77       1715          0          0        183         10
  360     194         60      12139          0         60        228         10
  361     148         23       5155          0        450        515         10
  362      57         70       1258       2997        360        467         20
  363      71        107       3481          0         30        188         10
  364      49         88        400       1494        120        225         20
  365      42        125        199       1517         60        233         20
  366      46         18       1403          0          0        159         10
  367     109         51       1301        299        300        459         20
  368     101        117       2024         28          0        151         20
  369      15          3        401         98        120        222         20
  370      70         51       7914         34        300        437         20
  371     103         67       5652       1649          0        125         20
  372     112         74        347          0          0        138         10
  373     112        138      13644       1356        120        250         20
  374      14        122       9250          0         90        232         10
  375      54        130       4493        879        180        286         20
  376      23        141       2280          0        150        231         10
  377     123         54      12556          0        150        238         10
  378      41         74        113         41         30         99         20
  379      62         56         21          0          0        155         10
  380      37        100       8374        891        300        458         20
  381      46        113        442          0          0        171         10
  382     163        118       1518        345        150        220         20
  383      73         96        423          0        120        197         10
  384     111         35       3046        350        300        441         20
  385     130         68        149          0         30        156         10
  386      22        146       5088          0        180        266         10
  387      68         95         50        538          0        122         20
  388      70        119       3059          0          0        148         10
  389      36         79         86        212        450        517         20
  390     163        111       2219       7051        210        277         20
  391      16         62         77       8312        120        241         20
  392      25         55       1492          0        120        282         10
  393      69         24        108        117          0        144         20
  394     138         56       1926          0        180        273         10
  395     119         98       5888       7915        180        281         20
  396      28         81       4333          0         30        135         10
  397     132        121        147          0        150        259         10
  398      28        139       2579          0         60        155         10
  399      62         17        162       2237        300        435         20
  400      86         86         86          0        180        250         10
