400_86

CUSTOMER  VEHICLE
NUMBER	  NUMBER     CAPACITY    DispatchingCost
    400     500          40000       100

CUSTOMER
CUST NO.  XCOORD.   YCOORD.   DDEMAND   PDEMAND   READY TIME  DUE TIME   SERVICE TIME

    0      41         23          0          0          0        960          0
    1     128         97        756       7047        330        403         20
    2     122         30       1750         48        120        247         20
    3      64         90         81          0        360        493         10
    4      95        146       1531        690         60        175         20
    5     170        139       2300          0        180        263         10
    6     174         66         54       2020         90        226         20
    7     198         79       1205          0         90        203         10
    8      77          6        503          0        120        228         10
    9      59         48       8964          0        120        190         10
   10      38         24       4771       7888          0        169         20
   11     192         62         41       2702          0        202         20
   12     119         45       1008        697          0        129         20
   13      41         79       1984       2822         90        197         20
   14     126        132       1749       1716         60        228         20
   15     139         70         46          0         30        200         10
   16      34         68        320          0        120        232         10
   17     121        147       1605          0        150        260         10
   18     117         63       4027       1999        120        279         20
   19     139         66       7243       6474        300        410         20
   20      22         92       6293          0          0        113         10
   21      75         90       3133       1153        390        472         20
   22      63         48         62      13911         30        155         20
   23      85         58       7139          0         60        223         10
   24     139         91       2344       1685        150        245         20
   25     106         96       8663        587         30        141         20
   26     138        146       1104          0         60        195         10
   27     181         42       4565       2636          0        180         20
   28      87        101       5050        279          0        135         20
   29      96         68       2354          0          0        127         10
   30     180         58       3535         63          0        196         20
   31     107         85         75       5377         60        132         20
   32     178         62       2706          0         30        195         10
   33      36         20       2287        292        120        282         20
   34     101        117       2024         28          0        151         20
   35     126         66        123          0         90        222         10
   36      16          6       2550          0          0         86         10
   37      28         74        252          0         90        172         10
   38     123         72      10147          0        300        412         10
   39      75         55         74          0        120        232         10
   40      74         85       1708          0          0        124         10
   41      81         11       1613          0        120        234         10
   42     141        142       8313          0          0        206         10
   43     115         64         92          0        150        252         10
   44      13          8       1062          0        120        288         10
   45      52         10         94         97        120        287         20
   46     108        137        258          0         60        225         10
   47      80        113       2250       2029         60        191         20
   48      85         83        263          0          0        127         10
   49      77        153       1501          0         30        174         10
   50      34        149       2036          0         60        235         10
   51     155        145        396          0         30        204         10
   52     102        100       1673          0        120        249         10
   53     149         94        165        502        180        259         20
   54      86         76        236        288         90        231         20
   55     111         65       3524       6652        360        492         20
   56     177        112        280        193          0        200         20
   57      29        108        306       1816        180        277         20
   58      84         75         36       4537        360        525         20
   59     134         33        760          0        360        429         10
   60     161         87       2738          0        120        226         10
   61      59        134       2995          0        300        470         10
   62     158         71        370          0          0        169         10
   63      12         15       1272          0         90        189         10
   64      95         24         60       2219          0        153         20
   65      90         73        264        575         30        147         20
   66     109         94       1512       2434         60        186         20
   67     110         21        806          0        330        464         10
   68      61         31       3879         69        120        288         20
   69     171         66        210       5151         30        180         20
   70      51        101       1585       4770        120        188         20
   71       8         81        232         34        120        191         20
   72     104         81       4870        938         90        260         20
   73       0          8       9866          0        120        278         10
   74      95         66         55        102        180        287         20
   75     106         68       1741       8171        150        275         20
   76     100         14        396          0        120        255         10
   77     122         66       7045        313         90        224         20
   78     160        136       1923          0        360        466         10
   79     116        147         93        425        300        398         20
   80     101         20        428       1271        120        184         20
   81      56         19       4992       2542          0        140         20
   82      35         63       1931          0          0        100         10
   83      32        112        584          0         30        174         10
   84      88         41       2209          0        120        216         10
   85     121         66       2282       3179        150        259         20
   86      82          8        280          0          0        133         10
   87      50        123        657          0        150        296         10
   88      14          4         53       4356        120        222         20
   89      53        103       1890          0          0        159         10
   90      13         12       1157       1527          0        129         20
   91      66        135       2024          0        120        225         10
   92      84         85        648          0          0        141         10
   93      55        102         15          0          0        129         10
   94     150        108       1173       3114        330        470         20
   95      48        154       1498          0        120        205         10
   96     118        100        337          0         60        214         10
   97       0         90       7975       4343        360        506         20
   98     109        122         23       6880        120        190         20
   99      68         96         65          0        150        242         10
  100      17         36        524          0          0        104         10
  101      34        127       8560          0        300        454         10
  102      54        130       4493        879        180        286         20
  103      34         63        152          0         60        225         10
  104      76          4       4633       8065          0         76         20
  105      83         79       1076          0        120        243         10
  106     151         77         15          0         60        226         10
  107      36        146       6099        397        300        473         20
  108     118         67        576          0         60        167         10
  109      83        141       1653          0        150        252         10
  110      53         37       1685        404        360        499         20
  111      27        127       1363       1951         60        162         20
  112      76         31        364          0        330        409         10
  113      77        120         22          0         90        230         10
  114      92         88         12          0        150        254         10
  115      34        124       9338          0        120        284         10
  116     102         93       2828       1365        360        427         20
  117     133         37         13       1030          0        146         20
  118     117        145       2555       2247        180        282         20
  119       8         10        216       2069        150        286         20
  120      50         64       2911          0          0        109         10
  121     193         91       2004          0          0        211         10
  122     162         63        310       3296        390        526         20
  123      18         22        690        281        150        232         20
  124     114         48       4493          0        330        462         10
  125      87          8        240          0        120        260         10
  126      27         46        210         59        120        204         20
  127     116         85         40          0        330        498         10
  128     115        114       1889          0        120        206         10
  129     106         82       1920       3037          0        161         20
  130     143        112       2682        236        360        469         20
  131      59         54      11876          0        390        459         10
  132      16         10       2201         31          0        130         20
  133     161         35       5904          0        150        244         10
  134      88         54       1037       7180          0        101         20
  135     144         18        498        686        120        218         20
  136      31         13       1844        847        120        221         20
  137     101         81        196          0         60        224         10
  138     172         43        620        280         30        178         20
  139     106         54        218        169        180        243         20
  140      25         52       2409          0        120        276         10
  141      78          6       6345       6106        120        248         20
  142     112         47        105         93        180        265         20
  143      97        113      10426         61         30        166         20
  144      57         29        170          0          0        129         10
  145      64         12       2020          0          0         84         10
  146      48         74       3945          0          0        110         10
  147      27         84         33      14967         30        165         20
  148      19          8       4343          0          0         69         10
  149       5         14        439      14561        120        295         20
  150     192         64      11845          0        420        535         10
  151      53         57        538         68          0         75         20
  152      97         86       4135      10865          0        154         20
  153     190         58        120          0          0        204         10
  154     168        147       1759       3420        120        230         20
  155     145         69       2080       4330        420        492         20
  156      27         76        563       7334          0        108         20
  157      34        137       5356       9644         60        209         20
  158     121        129       1491          0         90        263         10
  159      97         24        618        175          0        144         20
  160      86         52       1738          0          0        130         10
  161     122        109       1098       3238        180        286         20
  162      88         16        204          0          0        101         10
  163      21         98       3613       6345        120        220         20
  164      96         87       1842        147        450        527         20
  165     105        126         36          0        120        200         10
  166     102         27         33       2085          0         98         20
  167      60        134         15          0        120        190         10
  168     129         71       1103          0        360        501         10
  169      81         66       5003       7500        120        230         20
  170     121         81         92          0         60        173         10
  171      32         56        683          0         30        189         10
  172      58         21        451          0          0        174         10
  173      30        155         18       6217          0        169         20
  174     158         24       5374          0          0        166         10
  175      24         59       3281          0        120        220         10
  176      89         56       1257          0         30        139         10
  177      21         40         48          0        120        196         10
  178      70         46       3340          0        300        461         10
  179      40         67       1644          0        450        523         10
  180      90         47       2146          0        120        281         10
  181     120        116        786          0         90        184         10
  182       7        116        147       1749        120        281         20
  183     175         51       9905        298        300        435         20
  184     121         91      14100        900        180        286         20
  185     200         68       2537         42          0        220         20
  186     100         19        427       5297        120        227         20
  187     140        128         30         17         30        195         20
  188     179         72         30         54         60        190         20
  189      39        139        663        180        180        290         20
  190     174         99        805        140        180        246         20
  191      78         98        462       2331         90        237         20
  192     151        123       1225          0        120        221         10
  193      47        133       4963          0         60        232         10
  194     142        102       3349          0        450        528         10
  195      22        129       1601       1207        120        250         20
  196      66         63        237        665          0        160         20
  197     131         18      11000        112        120        193         20
  198     168        109       2850      11299        180        286         20
  199      97         46         56       6099        120        244         20
  200     174         54       2139          0          0        172         10
  201      11         19       6393          0        120        230         10
  202      16        118       7875       2080        390        525         20
  203     157         96        237          0         60        181         10
  204      71         19       3406        567          0         66         20
  205     183         79       2944         36        120        287         20
  206     134         34        299        201          0        142         20
  207     117        146         75       4866        120        193         20
  208     132         69         13        433         90        230         20
  209      21         12        104          0          0        146         10
  210      35         26       1192         21        120        234         20
  211      86         81       2042          0        300        442         10
  212     148         94      12593       2407        150        227         20
  213      93         68       2220          0        120        273         10
  214      95         82       2682          0        120        265         10
  215     164         90        344      14656        120        186         20
  216      27         73       2314          0        300        469         10
  217     151         92        543       7575          0        168         20
  218     159         43       5669       1990        360        466         20
  219      46         18       1403          0          0        159         10
  220      83         85        300       4834         90        174         20
  221      62         76       9568          0        300        429         10
  222     158         33        775       1136          0        160         20
  223      72          3       2977       2254          0        163         20
  224     161         36      14657        343        390        502         20
  225      23        102        617       2432        390        464         20
  226      11         33       2028          0        120        246         10
  227     182         66      10279          0        150        225         10
  228     179         67        382       1583         60        193         20
  229     103         67       5652       1649          0        125         20
  230     124         79         74          0        120        250         10
  231     116         49       3116       4606         30        172         20
  232     176         46       2784        182         90        183         20
  233     107         98         82       5359         60        193         20
  234     117        100         13          0         30        160         10
  235     149         29       8095          0          0        151         10
  236     198         93       5274          0         60        215         10
  237      30         42      11298          0        150        212         10
  238      37         14        894          0        120        259         10
  239      80         70       2014          0        120        276         10
  240      30         36        468       2067        390        494         20
  241     120         33       9977          0        390        496         10
  242      66        117      10176        845          0        175         20
  243      23        141       2280          0        150        231         10
  244      22         15       1910          0        120        219         10
  245       3         94       8935         24         30        143         20
  246      27         24       3402       1828          0        136         20
  247     120        109         22       1769         60        170         20
  248      22         91        197          0        180        281         10
  249     100         85       1769          0         90        199         10
  250      47        141        257          0        300        408         10
  251      70         55       3033       1094          0        112         20
  252     115         61         14          0         60        166         10
  253     197         70         83          0         60        208         10
  254      92         70       2000       2991        330        401         20
  255      10        117       1817          0          0        149         10
  256      78         32       7967       2036          0         81         20
  257      73         96        423          0        120        197         10
  258      53         44       5047       1204         60        144         20
  259       7         97       4446       3145         90        255         20
  260     123         59       6700       4619         30        204         20
  261      78         17       2692        337        390        461         20
  262      60         13        324          0          0        103         10
  263     122         40         14          0        150        289         10
  264     140         66         72        298          0        154         20
  265      17         89       1415          0         60        191         10
  266      88         73       2290       7406          0        142         20
  267      60        118       7904       5162         60        141         20
  268      64        132        137          0         60        224         10
  269      78         43       1788          0        420        504         10
  270      99        144       1870        142         60        171         20
  271      74         66       2529          0          0         94         10
  272     175        124       9326          0          0        214         10
  273     164        107       3396       1706        120        187         20
  274      81          8       1604          0          0        135         10
  275     170        137         53          0         60        216         10
  276      79        122       2645          0         60        220         10
  277      22        151       8726          0          0        183         10
  278     100         78        126          0        120        193         10
  279     139        144        960          0         90        210         10
  280     111         41        306       2191        120        230         20
  281     115         60       1628       1011          0        127         20
  282      16         62         77       8312        120        241         20
  283     146        141       2236        972        210        296         20
  284      74        121        458          0         60        167         10
  285     197         58         60         56          0        214         20
  286      72         86       1687       1497        180        254         20
  287     150         46       3578       1196         30        162         20
  288      33         20       2257       6831          0         69         20
  289      61         30         40          0        120        292         10
  290      36        106       1722       6296        360        463         20
  291      51          1       1367          0          0        130         10
  292       8         11       6388          0        120        201         10
  293     122        139        424         47         90        186         20
  294      92         52       2272         40        120        236         20
  295     100         84       2429          0          0        123         10
  296     127        105       2583          0         90        247         10
  297      29         38       2338        449          0        138         20
  298     126        106         31       1157          0        159         20
  299     176         77         39          0         60        200         10
  300      23         35       3072       5533         30        151         20
  301      57         45        202        137        120        186         20
  302     100        116       1072          0          0        158         10
  303      81        134       1348         82         60        155         20
  304      65         88       3389          0        360        517         10
  305     181         73      15000          0        120        257         10
  306     192         92       1307          0        120        217         10
  307     106         55        309          0          0        165         10
  308      75        126      13578       1422        360        428         20
  309     150         67        227          0          0        155         10
  310     158        128         27       1673         60        235         20
  311      32         23       2963       2419        300        425         20
  312     146        129        181       1118         30        189         20
  313      41         74         87          0         90        169         10
  314      15         81       3726       2012          0        103         20
  315     110         69       7646         29        300        400         20
  316      90         16       8545       2763        330        491         20
  317      37        100       8374        891        300        458         20
  318     186         73       2487        847         90        194         20
  319      34         67       2009        514          0         86         20
  320     140        104         98          0         90        171         10
  321      89         79        987         92         60        167         20
  322     112         36         58          0          0        143         10
  323      82          7        160       5421        360        526         20
  324      49         43       6547          0          0         81         10
  325      73        157       5588        126         90        171         20
  326     188         95       2958          0        120        232         10
  327     114         27      13557       1443          0        122         20
  328      26        127       4093          0         90        224         10
  329     163        118       1518        345        150        220         20
  330     186         83         22       9806          0        202         20
  331      85         76       5364       1506        120        233         20
  332     169         49       5959          0        180        287         10
  333     176        113         45          0        120        275         10
  334      75        156        323         11         90        235         20
  335      90         29        600          0        120        192         10
  336      91         70        147        589          0        143         20
  337      26        142       2365         31         30        168         20
  338      46        116        290          0        180        280         10
  339      80         11       1799          0        360        524         10
  340      35         23         16          0          0        114         10
  341      16         35         87      10255         30        115         20
  342     132         27         14          0         90        192         10
  343      98         46      15000          0        120        277         10
  344      96        112         12        285        120        254         20
  345       8         46       1713          0        180        266         10
  346      99         80       8000          0          0        164         10
  347      34         79       1777       1839        300        412         20
  348      46        125        253         17         60        155         20
  349     146         56        260          0         30        161         10
  350      88         72        795        661         60        187         20
  351     109         65       1160       1863         90        253         20
  352     107         21        876          0        120        285         10
  353     183         60       1659          0        210        281         10
  354      97         36       9156       2225          0        165         20
  355     139        104        363       3213        120        213         20
  356     136         72       1133       4854        150        260         20
  357     128         71         92          0        120        292         10
  358     132         36         13       2630         90        182         20
  359      80        139        255          0         90        196         10
  360      73         81       3084          0         30        141         10
  361     160         78        270          0        120        188         10
  362      71        130        142          0        120        235         10
  363      10         51        117          0        150        296         10
  364     100         67       6851         56         30        135         20
  365      30         54       1318          0          0        134         10
  366      91         73       4176        207         60        131         20
  367     153        115       1624          0          0        184         10
  368     123         54        288         45         60        232         20
  369      63         52        656          0        150        284         10
  370      77         63         68       4814         60        167         20
  371     121        120        603      14397         90        164         20
  372     185        103       2736       5906        210        287         20
  373      99        108       6709          0          0        142         10
  374      67         94        266          0         30        128         10
  375     103         96         36          0         90        165         10
  376      88         67        619          0         90        216         10
  377     112         37       2469          0        150        290         10
  378     132         43       7489          0          0        166         10
  379      41         23       1777          0        120        288         10
  380      52         62       8107       3808          0         77         20
  381     105         62         42          0         90        172         10
  382     132         93       2419          0         90        231         10
  383      57         94        752          0         90        164         10
  384     117         42       1478        505          0        131         20
  385      98         10       1801       7044        120        258         20
  386     145         38         40          0         30        156         10
  387      76         56         43       5681         30        174         20
  388      47        137        248        413        150        245         20
  389     159         75       7375          0        330        468         10
  390     150         81       1824       1361          0        156         20
  391     158        142        156        107          0        211         20
  392      95         90       1636          0        150        272         10
  393      77         20       1976       8108          0        167         20
  394     105         79         25       2090        150        290         20
  395      58         86       1700         43        120        201         20
  396     135        136         22        397        120        289         20
  397      27        110        745       1298        120        193         20
  398     197         87         32        127         60        203         20
  399     140         47       5638          0        330        494         10
  400     194         60       6296        390         60        206         20
