400_367

CUSTOMER  VEHICLE
NUMBER	  NUMBER     CAPACITY    DispatchingCost
    400     500          40000       100

CUSTOMER
CUST NO.  XCOORD.   YCOORD.   DDEMAND   PDEMAND   READY TIME  DUE TIME   SERVICE TIME

    0      41         23          0          0          0        960          0
    1      73         81         86        312        150        293         20
    2      89         80       6860          0         30        142         10
    3      38         73         30          0          0        110         10
    4     198         86        192          0         60        212         10
    5     115         96       2703          0        120        281         10
    6      82          9      11160        222          0        127         20
    7      60         79       4537       1655        300        430         20
    8     115         83       7608          0         60        160         10
    9      57        153       7500        437        120        231         20
   10      26          9        681          0        120        261         10
   11     158         71        370          0          0        169         10
   12     100         73         96          0        150        256         10
   13      74        119        540          0        150        227         10
   14     134         55       1993       3211        150        296         20
   15      64         44        384       2694         30        124         20
   16     106        125       3447          0         60        153         10
   17      83         74       1537          0         60        231         10
   18     120         62        394        119          0        147         20
   19      30        155         18       6217          0        169         20
   20     153        115       1624          0          0        184         10
   21     160        118         65       1669         60        227         20
   22      26        126       3808       1708        180        277         20
   23     158         73        166          0          0        174         10
   24      22        146       1463       3399        120        285         20
   25      74         92       1473       3547        120        246         20
   26     174         66         14        228          0        181         20
   27     148         32      10754       1881         30        164         20
   28     153        148         43      14957         60        217         20
   29     139         33      12751          0        330        491         10
   30     116         94        181          0        120        203         10
   31     142         91       6861          0         90        256         10
   32      30         73       2255        840        150        287         20
   33     143        112       2682        236        360        469         20
   34      46        125        253         17         60        155         20
   35     194         97        122          0          0        214         10
   36     170         82       1975       9336         90        250         20
   37      57        145        202       3076          0        168         20
   38     181         73       1888          0         30        192         10
   39     115        114       2497       2138        150        280         20
   40      95         24        380        190          0        143         20
   41      85        135        480       1379         90        228         20
   42      57          0         86          0          0         67         10
   43     100         78        250       3370        120        280         20
   44     121         66       2147          0          0        167         10
   45     179         61        227      14773         30        185         20
   46      52          0         76          0          0         73         10
   47      52        152       1744          0        120        206         10
   48     107         61       2635          0          0        169         10
   49     149         29       8095          0          0        151         10
   50      26        127       4093          0         90        224         10
   51     112         74        350          0         60        182         10
   52      70        125      13341       1659         30        196         20
   53     100         14        396          0        120        255         10
   54      65         82       2587        500        120        188         20
   55     146         56       1613          0         60        174         10
   56      76         31        364          0        330        409         10
   57      82         90       2138       7578         30        154         20
   58     173         97       6144       4815        150        254         20
   59     164         85       1673          0         90        219         10
   60      42         23       1844       1205        120        218         20
   61     116         83        365          0        120        227         10
   62     147        113       1183        841        300        440         20
   63      10         48        395       6125        120        186         20
   64     122        101       1641          0         30        166         10
   65     157         96        237          0         60        181         10
   66     133         89       5152        235        120        285         20
   67     113         64        311          0        150        291         10
   68      91         72        129          0         90        230         10
   69      86        140       9337         12        150        278         20
   70     102         27       6474       2134          0         95         20
   71     167         35         91        384          0        172         20
   72      81         75       2086          0         60        174         10
   73      14        122       2794       5189          0        137         20
   74      87         93       2024          0        150        216         10
   75      59         64        610         25        120        289         20
   76     114         49       2303          0        150        228         10
   77     106         83       5186          0        300        442         10
   78     147         57       1502       7667        360        522         20
   79      28         72       6093        365        120        196         20
   80      84         56        147       1751          0        135         20
   81      54        130       4493        879        180        286         20
   82     101        117       3956          0        330        441         10
   83     163        118       1518        345        150        220         20
   84      32         83         84        564          0        134         20
   85     156         42        432         72        300        408         20
   86     129         71       7335          0        180        265         10
   87      28         14       1745       1926        120        265         20
   88     169        111       1118       3641        120        248         20
   89      40         67       9378          0          0         95         10
   90     112         47        105         93        180        265         20
   91      85         71        338          0          0        149         10
   92      63         90       2683          0        180        251         10
   93      24         59       4918          0        390        502         10
   94      86         67        120          0          0        159         10
   95      25         47        468       1890        120        235         20
   96     188         95       2958          0        120        232         10
   97      73        157        383          0        300        456         10
   98      18         37       1460        890        120        218         20
   99      81         11       1613          0        120        234         10
  100      28         81       4605          0          0        105         10
  101     119         64      13401          0        360        459         10
  102      21        101       3626       2067        360        423         20
  103      71        107       3481          0         30        188         10
  104     115         31       1754          0        120        245         10
  105     176         71       2484          0        120        274         10
  106     107        138        472       3161         60        208         20
  107     103         96        112       9040        150        289         20
  108      63         20         81          0         30        101         10
  109      31         13       1844        847        120        221         20
  110      44        101       1242          0         30        183         10
  111      92         59       3425       8935        390        465         20
  112     141         70        269         12        330        458         20
  113      94        118       2191          0        180        250         10
  114      71        129         13        101        120        184         20
  115     194         94        300          0          0        216         10
  116      39         39       1802          0         60        204         10
  117      87         81        949          0        360        471         10
  118     185         44        233        984        150        256         20
  119      65         12        287          0          0         72         10
  120     160        108         90        124         30        191         20
  121     136         72       5681        483        360        525         20
  122     139         70       9240       2162         30        201         20
  123      53        103       1890          0          0        159         10
  124     113         38         34          0        390        525         10
  125     121        120       1864          0          0        166         10
  126     192         64      11845          0        420        535         10
  127      86         80        437        941         90        230         20
  128      88         73      14285        715          0        119         20
  129      69          1       3049          0        120        237         10
  130      40        155        128         35        180        254         20
  131      90         28        374      14626        300        434         20
  132      99         57        146         58          0        141         20
  133      41         73       1594          0          0         97         10
  134     100         23        730          0          0        133         10
  135      85         83       6623          0          0        111         10
  136      71         91       5401       1945          0        140         20
  137      93         68       2220          0        120        273         10
  138     192         92       1307          0        120        217         10
  139      22         99       2008          0         30        122         10
  140     171         74        200          0        120        283         10
  141     119         45       1008        697          0        129         20
  142      29         38       2338        449          0        138         20
  143     163         77       6210       1909        210        272         20
  144     186         73         74          0         60        190         10
  145     150         20       3561          0        120        197         10
  146     164         76         51        577        180        251         20
  147     111         87         10       1976        180        263         20
  148     150        127       3450         58         90        181         20
  149      65         74       2221        200        180        272         20
  150      56         19       4992       2542          0        140         20
  151     111         41        306       2191        120        230         20
  152      58         86         21       9756        150        289         20
  153     121        142       1553          0        120        205         10
  154     135        130        651       5137        120        260         20
  155     131         17        190          0          0        154         10
  156     131         89         49          0        120        184         10
  157      99         80       8000          0          0        164         10
  158     119         98         19          0        120        243         10
  159     152        146       3114       1844        120        205         20
  160     159        127       2388       2516         60        201         20
  161      66        136       1576        686         60        191         20
  162      46        128       1153       1000        360        522         20
  163     122         65       7557         88        300        411         20
  164     135         51         64       4551          0        135         20
  165      21         41       7170          0          0        102         10
  166      76         78       3955       4377        120        287         20
  167     123         72      10147          0        300        412         10
  168      77         42       7692       2905        360        445         20
  169     177         74       2400      11095        120        187         20
  170       0          8       9866          0        120        278         10
  171      63        150       1004       1465        120        232         20
  172     137         30        589         90          0        140         20
  173     132         43         85       1833         60        194         20
  174      58         21       1892          0          0        135         10
  175      59         85        631       4636        360        488         20
  176      86         81       2386       1256        120        232         20
  177     108         29       6317          0        420        527         10
  178      15          3        401         98        120        222         20
  179     148        116       3610          0        300        445         10
  180      77          6       2198          0          0        100         10
  181      13         87       1330          0          0        122         10
  182      75         34        661          0          0         72         10
  183     139        144        960          0         90        210         10
  184     153         27       4494       1051          0        153         20
  185      54         96       4930          0          0        112         10
  186      48        138        563          0        180        260         10
  187     199         60        253       1149        180        248         20
  188     132        144       2415       2478        120        266         20
  189       1         25         21       2013         30        188         20
  190      37        123        451       2447        300        410         20
  191      33         64       4213        333        300        410         20
  192      27        127       6599          0        300        414         10
  193      50         93        804       2139          0        105         20
  194      91         70        763          0        120        218         10
  195     153        146       2403       1306        390        533         20
  196     106        143       1942          0         60        181         10
  197      95        146       1531        690         60        175         20
  198      81          8       1427          0          0        127         10
  199      70         46       3340          0        300        461         10
  200      45        126      13180          0         90        167         10
  201     132         93       5072          0         90        212         10
  202      56         49         44          0          0         94         10
  203      22         92       6293          0          0        113         10
  204      88        106       5334          0        420        526         10
  205     119         33       1577       2214        120        277         20
  206     107         77       3716          0          0        153         10
  207     142        136       2434        856        180        240         20
  208     117        146        498          0        180        249         10
  209     146        141       2236        972        210        296         20
  210     168        139       3851          0        120        259         10
  211     109         64       2869         98         90        217         20
  212      23          9       1198          0          0        109         10
  213     132         27         14          0         90        192         10
  214      55         91        348       2453        180        289         20
  215     135        136         22        397        120        289         20
  216      98        122       2566          0        120        290         10
  217      95         66        237        525         30        185         20
  218      79        131       2905       4886        120        217         20
  219      57         91        748          0        120        257         10
  220     103         55       7407        148        120        197         20
  221     164        107         48          0        180        280         10
  222      81         66       5003       7500        120        230         20
  223     122         40        307       3485        120        198         20
  224      66        135       2116          0         90        200         10
  225      12         45       1481       6546          0         80         20
  226     137         70       3093        941          0        175         20
  227      21         78      12793       2207        120        225         20
  228     142         35        252          0        180        260         10
  229      74        142       2887          0         60        193         10
  230     177        110         48          0         90        253         10
  231     199         87       1536        511        450        538         20
  232     138         56       1926          0        180        273         10
  233     157         59         52          0         90        166         10
  234      18         29       2400         69        120        230         20
  235      53         65        434         10          0        103         20
  236      78         35       6575          0        120        185         10
  237      12         15       1272          0         90        189         10
  238      21          7       7043        123          0        161         20
  239      48         46       3295       5889          0        146         20
  240     181         76       6564       2216          0        192         20
  241     141         58       2693      10925         30        158         20
  242     115         64         92          0        150        252         10
  243     101        111        110          0          0        143         10
  244       5        113       1464      10147         90        248         20
  245      82         85      15000          0        120        227         10
  246      86         77       1708        227        330        399         20
  247     148         46         70          0         30        160         10
  248     153        134        116       1745         90        221         20
  249     142        124       3269          0        120        281         10
  250      70         55       4856        199        120        229         20
  251     158         74        345       1149        150        275         20
  252      64         40        280          0          0         77         10
  253     108        137        258          0         60        225         10
  254     133         37      13294       1706          0        127         20
  255      66        150        152       3714        450        521         20
  256      30         42        540          0          0         80         10
  257     153         75       5845         36          0        170         20
  258     162         63        310       3296        390        526         20
  259     108         38       1929       1123        120        204         20
  260      32         43       3449          0        120        261         10
  261      73        123        133       1185          0        166         20
  262      41         23       1777          0        120        288         10
  263      85         77       7409          0         60        220         10
  264      44         86         37          0          0         99         10
  265      70         72       2362        180          0        108         20
  266     167         94         86          0        120        186         10
  267     135         78       1444       5113        120        224         20
  268       7         21        230        615        150        248         20
  269     198         93       5274          0         60        215         10
  270     102         93       2636       9336        180        295         20
  271      14         39       9754          0        330        465         10
  272     191         51       3545          0          0        204         10
  273      71        131        146        655         90        198         20
  274     104         70        279       2024        120        183         20
  275      89         56        625       1959          0        116         20
  276      34         63       2827          0        300        400         10
  277     122         83       4009          0         60        228         10
  278      73         83         28          0          0        139         10
  279      93         94        631       7181         60        138         20
  280     102         72       2790      12210        210        280         20
  281      81         23      15000          0        330        401         10
  282      61         63        183          0         30        140         10
  283      74         93        290          0          0        111         10
  284      39        139        147         13          0        163         20
  285      34        124         90         22         30        146         20
  286      58         88       1900          0        150        271         10
  287      61          1        456        424        120        278         20
  288       8         10        216       2069        150        286         20
  289      76         68        612        406        210        281         20
  290      51         98        407       8859          0        107         20
  291      49        148        772          0          0        161         10
  292      74         63       2340       8107        120        225         20
  293      88         87       9970          0        180        279         10
  294     164         73       5735          0         60        200         10
  295     131        104         65          0         30        166         10
  296      55        104        169       1793         30        190         20
  297     163         29       4002          0        150        229         10
  298     158         75       1639       1839         60        206         20
  299      95         90        390       1647        120        235         20
  300     122        146        344        287        300        451         20
  301      42        127       6038       8962        360        528         20
  302     174         93        530       5280         90        188         20
  303      74         95       5497       2199          0        125         20
  304     146        132       6216          0        180        260         10
  305     132         33       6846       1613        360        460         20
  306      48        129       2461          0          0        177         10
  307     195         99        192          0         60        213         10
  308      29         81         33       4814         60        189         20
  309      87         53       8945          0        360        525         10
  310     173         85       4842        248         60        183         20
  311      51        150       1346       4497         90        249         20
  312     121        129       1783          0        420        536         10
  313     195         59        736          0         60        200         10
  314      34        149       1526       3958         60        216         20
  315      73        113        524       3301        180        286         20
  316      96         82         90       3809         90        189         20
  317     176        113         45          0        120        275         10
  318     169         76         21          0         30        185         10
  319      95         87         33          0         30        133         10
  320     102         75       2796          0        210        287         10
  321     130        148       1951          0        330        432         10
  322      87        139         60          0         90        167         10
  323      64         12       2020          0          0         84         10
  324      45         86       3936       3369         30        202         20
  325     154         25         16        113        120        191         20
  326     138        106       3816       2415         90        163         20
  327     175        124       9326          0          0        214         10
  328     111         70       2613       8002        120        181         20
  329      34        147       1520       1641         60        171         20
  330     120         85        615        452         90        220         20
  331      52         28       8254       2295        420        513         20
  332     186         72         91       2136         60        206         20
  333      35        124       6109        251          0        146         20
  334      66         71       7810       7190          0        103         20
  335     178         62       2706          0         30        195         10
  336      51          1       1834       3239         30        141         20
  337     200         68       2537         42          0        220         20
  338     120         78         82         76         60        144         20
  339      13         84        171       3282        360        473         20
  340      72         86       1687       1497        180        254         20
  341      15        118      14294          0        210        277         10
  342      23        118        170          0          0        141         10
  343      23        110        406          0        300        412         10
  344      86         99         17        389         30        138         20
  345     145         69         44          0         30        143         10
  346      67         96       9040          0        120        249         10
  347       6         12         30        210          0         73         20
  348      54        104        194      14806        120        186         20
  349      30        154        476        309        360        461         20
  350     185        103       2776          0         60        231         10
  351      28         74        178          0         30        198         10
  352     148        128       2169          0          0        198         10
  353     103         56       4371       2547        300        475         20
  354     173         62        205       1859        120        264         20
  355      62        151         60          0        180        264         10
  356     147         94       1976          0        120        251         10
  357      67         61         30          0          0        127         10
  358      78          6       2902       1882        120        196         20
  359     178        101        248          0         60        190         10
  360     197         87         32        127         60        203         20
  361      96         68       2354          0          0        127         10
  362      44         71        164        504        150        225         20
  363     161         36      14657        343        390        502         20
  364      66         63        237        665          0        160         20
  365      32          5        585          0        120        246         10
  366      29         31       1680          0        120        284         10
  367     148        126       1520          0         60        194         10
  368      52        130       1940       1003         60        164         20
  369      39         27       6210          0        120        192         10
  370      22        151        380          0         60        177         10
  371     142        131       1723        563        330        459         20
  372     119         15       4175       4102         30        159         20
  373      77        120       1854       2136          0        144         20
  374      27         76        563       7334          0        108         20
  375      84         66        450          0        180        273         10
  376     146         40       1068       5200        120        237         20
  377      83         64        259         54          0         95         20
  378      46         18        392          0          0        105         10
  379     161         95       5649          0         90        199         10
  380      96         36        517       1205         90        264         20
  381      89         79        987         92         60        167         20
  382     194         60      12139          0         60        228         10
  383     139        104       1682          0        300        407         10
  384     102        114         11          0        330        432         10
  385     189        101        830          0        180        281         10
  386      19         13        108          0         90        247         10
  387     174         54       1034          0        180        264         10
  388      16         10      11938        630        120        207         20
  389     183        102       2558        334        120        228         20
  390     159         43       5669       1990        360        466         20
  391      87        101       5050        279          0        135         20
  392      41         70        684          0          0        172         10
  393      30         45        198          0        120        233         10
  394      32        112       1854          0        120        208         10
  395      68         95         50        538          0        122         20
  396      59         14       5199       2975        120        282         20
  397      37         72       1536          0         30        201         10
  398     111         25        700       1224          0        120         20
  399      81         81        604          0          0        135         10
  400      85         58        441          0          0        166         10
