400_385

CUSTOMER  VEHICLE
NUMBER	  NUMBER     CAPACITY    DispatchingCost
    400     500          40000       100

CUSTOMER
CUST NO.  XCOORD.   YCOORD.   DDEMAND   PDEMAND   READY TIME  DUE TIME   SERVICE TIME

    0      41         23          0          0          0        960          0
    1     160         78        270          0        120        188         10
    2      73         81       1936         35        150        261         20
    3      40         30       1495          0          0        124         10
    4      68         86       1828          0        120        194         10
    5      38         68       7844        348          0        107         20
    6      11         19       6393          0        120        230         10
    7      29         11       8445          0        390        470         10
    8     155         55        452       9990         30        184         20
    9      57          0         86          0          0         67         10
   10       8         81        232         34        120        191         20
   11      61         76       6572          0         30        164         10
   12     194         97        122          0          0        214         10
   13     185         59      14193        807        420        517         20
   14     134        130       2799       3850        120        274         20
   15       5        116       2268          0        360        520         10
   16     122         40         14          0        150        289         10
   17      57         45       1460          0        330        503         10
   18      44         51        349          0          0         72         10
   19     145        124       2437          0        150        252         10
   20     169        111        290          0        150        221         10
   21      87          8        240          0        120        260         10
   22      74        140        108          0        150        277         10
   23      96         81       6831          0        120        198         10
   24     158        128       2022          0        210        278         10
   25     154         31        879        338        120        246         20
   26      90         73        264        575         30        147         20
   27     106         84        841       1474         60        133         20
   28     141         68       3120          0        330        433         10
   29     152         87       2636          0         60        186         10
   30       1         19        633          0        120        225         10
   31     104         81       1648       1817          0        132         20
   32      39        107       3078       1042          0        129         20
   33      16        118       3419        191        120        232         20
   34     101         77        314          0        300        398         10
   35      67         87       3590          0         90        258         10
   36     112        138      13644       1356        120        250         20
   37      97         68       2799          0        120        211         10
   38     110         92        300          0          0        159         10
   39     191         97         40        691        180        290         20
   40      27         24       3402       1828          0        136         20
   41     162        104        601       1506        120        279         20
   42     107         77       3716          0          0        153         10
   43      56        103        362         37          0        132         20
   44     101         20        428       1271        120        184         20
   45      82         85       2110          0         90        197         10
   46      85        128       6740       2399        120        299         20
   47      47         62        190          0        120        243         10
   48     154         27       2820          0         30        145         10
   49     194         94       2936       6345         60        217         20
   50      84         56        147       1751          0        135         20
   51      81          8        254         86          0         85         20
   52     151         77         15          0         60        226         10
   53      57        144       1183       1365        390        517         20
   54     120         33       1841       1896        150        222         20
   55      87         93         35          0          0        128         10
   56     150         53         54          0         90        230         10
   57     120         85         96          0        180        297         10
   58      68         73      10273       4727          0        101         20
   59     117         42      12636          0        120        188         10
   60      60         49       5316          0          0         81         10
   61      29        135        888          0        210        287         10
   62     135        121        169          0         30        182         10
   63      85         75        110          0          0        115         10
   64     127         93       3266          0         30        163         10
   65      71         91       5401       1945          0        140         20
   66      85        102       2066        249         60        202         20
   67      98         53       4924      10076         60        133         20
   68     122         65       7557         88        300        411         20
   69      59         85        345        668         30        108         20
   70     131         32       5051        306          0        134         20
   71      64         44       1758       7409          0        122         20
   72      99        144        154        442         60        203         20
   73      41        145        831          0        120        245         10
   74      76        127      10466       2582        120        187         20
   75      90         87       2773       3791        390        530         20
   76     111         41        306       2191        120        230         20
   77     108         29       6317          0        420        527         10
   78      74        120       4007          0        420        502         10
   79      23         10        612          0        120        194         10
   80      33         64       4213        333        300        410         20
   81      88         87       9970          0        180        279         10
   82      73         55      14262          0        120        289         10
   83      46        113       3136          0         60        219         10
   84     170         82       1975       9336         90        250         20
   85      45         79       2851          0        120        212         10
   86     135         78      15000          0        300        404         10
   87      44        101       1242          0         30        183         10
   88       0         90       7975       4343        360        506         20
   89      78         74        443          0         60        140         10
   90      34         63        152          0         60        225         10
   91      69         92        351        290        390        492         20
   92     110         21        806          0        330        464         10
   93      73         91       7911        860        450        526         20
   94      30         73       2255        840        150        287         20
   95     119         33       1577       2214        120        277         20
   96      71         59       6086       1430        120        224         20
   97      41         74        113         41         30         99         20
   98      65        100       1629       8279        120        220         20
   99     104         91       1115        109         90        161         20
  100     117        146         75       4866        120        193         20
  101     176         77         39          0         60        200         10
  102     179         61        227      14773         30        185         20
  103     152         91        170          0        120        197         10
  104      32          5        585          0        120        246         10
  105     116         49      14757          0        300        440         10
  106     169         35       1862        106          0        162         20
  107      53        153         46          0         90        175         10
  108     111         54       3504          0          0        113         10
  109      70        119       3059          0          0        148         10
  110      99         37        108       1210        120        283         20
  111     150        108       1173       3114        330        470         20
  112      50         80        673       1629        300        404         20
  113     167         47       2384          0         60        205         10
  114      81        139        847          0         90        196         10
  115     142         28      14988         12        150        244         20
  116      15         81       1625          0        180        276         10
  117     103        128       4840       1094        120        294         20
  118      81          4      15000          0          0        139         10
  119     110         49         60       2379         90        245         20
  120      47        129        723       1308        120        221         20
  121      71        107       3481          0         30        188         10
  122      28        122        563          0          0        135         10
  123      35        109       2089          0        120        225         10
  124      80          5         70          0        150        276         10
  125     139         70         46          0         30        200         10
  126     198         79       1205          0         90        203         10
  127      21         80       1559        450        420        514         20
  128      19          8       4343          0          0         69         10
  129      70         76         19      11041          0        104         20
  130      76         31        206      14794          0        166         20
  131     161         63       1848          0         90        223         10
  132      66        135       2116          0         90        200         10
  133     128         71       1174       2961        150        284         20
  134      45         86       2250          0        330        433         10
  135     169         76       4559         30        150        249         20
  136      97        113       1510       3134         60        192         20
  137      60        122       4717          0          0        139         10
  138     135        130        651       5137        120        260         20
  139     131        104       1308       1932         60        165         20
  140      78         32       3212          0          0        116         10
  141     176        113         45          0        120        275         10
  142     132         44       3422          0        210        282         10
  143      39         48       2016        286        300        401         20
  144     185         98       3330       1980         60        203         20
  145     175        124         14        181        120        215         20
  146      35         26         19          0        120        224         10
  147      99         56       4284          0         60        165         10
  148      59         81        835          0        120        188         10
  149      85         46      13520          0          0        164         10
  150      76         59       2958          0          0         97         10
  151      90         29        600          0        120        192         10
  152      69         22        101          0          0        143         10
  153     133         89       1772       7207        390        457         20
  154      30         54       1318          0          0        134         10
  155      88         54      11096          0         30        109         10
  156      52         61       1464       1944          0        101         20
  157      51        101       1585       4770        120        188         20
  158       9        114        525          0         30        190         10
  159     127        105       1265          0         30        192         10
  160     100        116       1850         13         30        194         20
  161     179         48        908        433          0        183         20
  162      86         76        670          0          0        120         10
  163     160         56      13442       1558         90        220         20
  164     116         43       3860          0        120        198         10
  165     172        113         47          0         60        231         10
  166      17         18         15        664          0        102         20
  167     191        100        149        279        120        285         20
  168      51        150         20        746          0        173         20
  169      31        101       1764         43        390        459         20
  170      40         86       2078       5659        120        295         20
  171      28         10        181        583        120        276         20
  172      28         81       4333          0         30        135         10
  173      54        130       4493        879        180        286         20
  174      34        127       8560          0        300        454         10
  175     123         66       3302          0         60        224         10
  176     150        131       1010          0        180        250         10
  177      96         68        840          0          0        137         10
  178      75         90       3133       1153        390        472         20
  179     170        137       1498      13502         90        218         20
  180      71         81       2228       7966         30        173         20
  181     183         61       6107          0        450        519         10
  182      38         32       1886          0        420        520         10
  183      56         51         13        699        150        280         20
  184      38        141        250       1250         60        199         20
  185      14         34        456          0        120        280         10
  186     142        124        720         23        120        254         20
  187      93         68       2354         34         60        217         20
  188      22        151       8726          0          0        183         10
  189     181         76        134        217        120        247         20
  190      53         37       1685        404        360        499         20
  191     115        114       1889          0        120        206         10
  192     158         24       5374          0          0        166         10
  193      60        148        713       1749         30        182         20
  194      68          2         26        174          0        145         20
  195     180         65        672         19        150        279         20
  196     112         36         58          0          0        143         10
  197      27         46       1424          0          0         86         10
  198     131        123       4519          0         60        194         10
  199     141         30        886          0         60        212         10
  200     142        131       1682          0        120        180         10
  201     131         18       2262          0         30        158         10
  202     115         96       2703          0        120        281         10
  203     100         23        584          0        120        222         10
  204      73         89       1815       1071        210        282         20
  205      13         84        171       3282        360        473         20
  206      22         99       2008          0         30        122         10
  207      11         48       8280       1094         90        192         20
  208      95         82       2682          0        120        265         10
  209      91         95       1257       6161         30        123         20
  210     128         56        200       1556        150        241         20
  211      73         92      15000          0        300        413         10
  212     160        118       6111       1029         90        224         20
  213     143         31        112          0        300        434         10
  214      42         14       1514          0          0        159         10
  215      46        128       1153       1000        360        522         20
  216     109         29       6576       2690          0        161         20
  217      94         69        107          0        150        254         10
  218      98         69       1568          0        120        256         10
  219     139         33      12751          0        330        491         10
  220     154         38        139          0         90        257         10
  221     168         75       4492        515          0        183         20
  222     122        109       1098       3238        180        286         20
  223     176         47        333          0         60        190         10
  224     155         27        325          0         60        164         10
  225     141         70        269         12        330        458         20
  226      26         73       6403         37        300        478         20
  227      94         62       3090          0        150        231         10
  228      91         35        111          0          0        115         10
  229      73         96        423          0        120        197         10
  230      82         90       2138       7578         30        154         20
  231      89         36         11        504          0         79         20
  232      19         98       5993          0        330        470         10
  233     152         56       2295          0        390        515         10
  234     164         76       6937       8000         30        189         20
  235     144         54       5306          0          0        146         10
  236     198         86        192          0         60        212         10
  237     135         26       3579       2020         60        186         20
  238      49         84       1083          0         60        138         10
  239     153         27       4494       1051          0        153         20
  240     171         80        204        249         30        201         20
  241      49         43       6189          0         30        101         10
  242       4         23       1989          0        150        244         10
  243      96        112        291          0         60        234         10
  244     118        100        337          0         60        214         10
  245      39         96        594          0        390        498         10
  246     169        146       7197          0        360        435         10
  247      53         61       7335        178          0         76         20
  248       0          8       5321        105        120        223         20
  249     160         37       2511          0         60        153         10
  250     117         97        345          0         60        189         10
  251     108         21         28          0          0        103         10
  252      27         73        330         57        120        289         20
  253       3         94       4474          0        330        402         10
  254      56        102        780         34        420        502         20
  255     128        111       2939          0          0        162         10
  256      31         13       1210       3648        180        277         20
  257     164        107       3396       1706        120        187         20
  258     157         96       1116        621         90        230         20
  259      62         45       3063          0        120        200         10
  260      15         54         12        107        180        278         20
  261     180         58        107          0         90        264         10
  262     144         86       6707       6109        120        228         20
  263     176         71       2484          0        120        274         10
  264     172         77      11057       1016        300        402         20
  265     107         85       1526       8945        120        232         20
  266      28        139         28          0         60        168         10
  267      88        127       1988        553         60        149         20
  268     172         39        150       2010         60        168         20
  269      36         87        913      10752        180        297         20
  270     102        120       1840          0         90        252         10
  271     140        109      11467        576        120        248         20
  272      20        145        101          0          0        177         10
  273      73        123        133       1185          0        166         20
  274     141        142       2973        620         60        236         20
  275      52         92        577          0        180        285         10
  276     198         93       5274          0         60        215         10
  277     192         92       4479        387        360        488         20
  278     106         66        294          0        180        275         10
  279      28         75        589          0        390        496         10
  280     105         79         25       2090        150        290         20
  281      78         17       2692        337        390        461         20
  282      54         96         16          0        120        248         10
  283     163         65       2020          0          0        177         10
  284      69         45       1895       8738          0        109         20
  285     164         70       2361       1816        300        428         20
  286     117         56       8002        836        330        431         20
  287      54        104        126        152        120        258         20
  288      90         28        374      14626        300        434         20
  289      38         31       2308      12692        300        399         20
  290     168         49       2697       2025          0        168         20
  291     132         56       3585          0        120        215         10
  292     121        143       4376          0        330        471         10
  293      88         67       3417        697        390        526         20
  294      45         78        146          0         90        165         10
  295       8         10        216       2069        150        286         20
  296     156         67       9316       1976         60        164         20
  297      46         18        392          0          0        105         10
  298      13         26        384        211        120        187         20
  299      59         48       8964          0        120        190         10
  300      38         73         30          0          0        110         10
  301     136         69       1344        232        330        472         20
  302      33        113       1782         96        210        285         20
  303      51         47        233          0          0        102         10
  304      23          9       1198          0          0        109         10
  305       7         28       1609          0        180        298         10
  306     158         30         30          0        330        494         10
  307      92         70       2000       2991        330        401         20
  308      46         46        105          0        150        275         10
  309      27         84         33      14967         30        165         20
  310      97         37        103       2795         30        196         20
  311      67         61         30          0          0        127         10
  312     105        152        367          0         30        179         10
  313      94        118       1771          0         60        192         10
  314      81         23      15000          0        330        401         10
  315      37         72       6072       2024        150        287         20
  316     109        146       4850       6304         60        190         20
  317     114         77         11        615         30        170         20
  318     121         45        684          0          0        118         10
  319     107         61       2635          0          0        169         10
  320      30        154        476        309        360        461         20
  321      18         37         47         17        120        254         20
  322     153        122        284       3327         90        200         20
  323      26        127       4093          0         90        224         10
  324      74         63        354          0        210        277         10
  325      16         10       2201         31          0        130         20
  326     111         70       2613       8002        120        181         20
  327      99         64       1879          0         90        176         10
  328     192         64      11845          0        420        535         10
  329     148         47       1791       3160        150        259         20
  330      91         12       8584          0        300        465         10
  331     105         62       2193          0        150        234         10
  332      80         93       2005         32        120        197         20
  333     139        107       4140        182         60        172         20
  334      73         65       1739       4416        120        231         20
  335      52         28       8254       2295        420        513         20
  336      70         51        396          0         60        228         10
  337     185        103       2776          0         60        231         10
  338     170         81       3004      10698         60        191         20
  339      85         58        441          0          0        166         10
  340     136        148         64          0        210        279         10
  341     119         55        124       5274          0        136         20
  342     123         52        720          0        180        240         10
  343      89         80        448       1710        120        230         20
  344      48         60       1005          0        390        500         10
  345      82          9        483          0        120        247         10
  346      68         94       2410        333         60        164         20
  347     147         39       2024       2295         90        195         20
  348      26        142       2365         31         30        168         20
  349      35          8        130        263        120        294         20
  350      17         36        524          0          0        104         10
  351     148         23       5155          0        450        515         10
  352     105         41       4551       1073          0        169         20
  353      52        152       1744          0        120        206         10
  354      60         43        136          0        120        193         10
  355     112         74        347          0          0        138         10
  356     100         84        150          0        180        254         10
  357     140        128         30         17         30        195         20
  358     150         46       3578       1196         30        162         20
  359     160         77         26       3784          0        164         20
  360      20         98       2460         49         30        206         20
  361      11         17       2253        197          0        131         20
  362     197         87        781       2435        300        467         20
  363     116         65       2686         62          0        140         20
  364     127         37       5281        270          0        138         20
  365      57         29       1752          0        120        228         10
  366     189        101        830          0        180        281         10
  367     112         75         74          0        300        435         10
  368     146        112         64          0        120        294         10
  369      85         74       7744         73         90        252         20
  370      75         55       2917        363        120        281         20
  371     174         54       2139          0          0        172         10
  372     188         95        130        385          0        214         20
  373      29         81         33       4814         60        189         20
  374      71         19         17        443          0        140         20
  375     123         47       8172          0        360        470         10
  376      69        134       1305          0        180        259         10
  377     127        122         14          0        120        266         10
  378     102        100      13923          0         60        133         10
  379      26          9         90        686        120        243         20
  380     133        123      11040         38        120        225         20
  381      12         98       1233          0         90        246         10
  382     115         64         92          0        150        252         10
  383     119         15       4175       4102         30        159         20
  384      16         62       4458          0          0        103         10
  385     130         52       2295          0        390        472         10
  386      45        116        336       7032         90        264         20
  387     106         54        218        169        180        243         20
  388     162        117       2284          0         60        219         10
  389      52         62       1715       3401          0        108         20
  390     114         27      13557       1443          0        122         20
  391      81          6       4267          0        150        255         10
  392     107         21        876          0        120        285         10
  393      16         35       5990          0          0        168         10
  394     121         66       2147          0          0        167         10
  395     101         81         40        319        120        263         20
  396      24        148        579       9316        180        268         20
  397      88        106       5334          0        420        526         10
  398      98         99       3156          0          0        148         10
  399     126        111       9991       3234        180        256         20
  400     132         93       5072          0         90        212         10
