400_389

CUSTOMER  VEHICLE
NUMBER	  NUMBER     CAPACITY    DispatchingCost
    400     500          40000       100

CUSTOMER
CUST NO.  XCOORD.   YCOORD.   DDEMAND   PDEMAND   READY TIME  DUE TIME   SERVICE TIME

    0      41         23          0          0          0        960          0
    1     164         76       6937       8000         30        189         20
    2     153         27        132       1985        120        191         20
    3      30         42       1110          0        120        220         10
    4     106         68       3813          0        360        514         10
    5      80          5         37          0        120        287         10
    6      49        131       3327          0          0        159         10
    7      31        128       3008        982          0        138         20
    8     120         85        615        452         90        220         20
    9      51         80         35          0         90        216         10
   10      55         91        348       2453        180        289         20
   11     154         31        879        338        120        246         20
   12      78         43       1788          0        420        504         10
   13      56        102        780         34        420        502         20
   14     174         54       1034          0        180        264         10
   15      64         12       1443          0          0        143         10
   16      16         35       5990          0          0        168         10
   17     139         66       1790          0        150        219         10
   18      36        106       1722       6296        360        463         20
   19     126         72       7182          0        390        537         10
   20     142         91        108       4191        120        287         20
   21      44         48       1146        110        390        471         20
   22     196         74       3743          0        210        292         10
   23      66        119       1551          0        150        227         10
   24     131         44       2513        428        150        226         20
   25     158         24       5374          0          0        166         10
   26     175         62        476          0         90        181         10
   27     157         96        237          0         60        181         10
   28     169        147         10          0         60        217         10
   29      42        107       1530         99        120        238         20
   30     174         66         54       2020         90        226         20
   31      89         57        445          0        120        277         10
   32      91         73       4176        207         60        131         20
   33     135         29       2789       1610         30        155         20
   34     181         76       6564       2216          0        192         20
   35     131         32       5051        306          0        134         20
   36      21          7       7043        123          0        161         20
   37      17         36        277          0         30        157         10
   38     157         59        447          0          0        170         10
   39       7         28       1609          0        180        298         10
   40      70         76         19      11041          0        104         20
   41     107        138        472       3161         60        208         20
   42      44         49       2711          0        120        291         10
   43      25         47        468       1890        120        235         20
   44     142        131       1723        563        330        459         20
   45     148         92       1711          0          0        173         10
   46     186         73       2487        847         90        194         20
   47     122         40         14          0        150        289         10
   48     119         64      13401          0        360        459         10
   49     148         23        926          0          0        141         10
   50      78         10       8007          0        120        252         10
   51     186         83         22       9806          0        202         20
   52     104         70        513       4698         60        165         20
   53     192         62       1622        257          0        205         20
   54     194         65         76          0        180        284         10
   55     172        108        183          0         30        202         10
   56     167         35         91        384          0        172         20
   57     153        115       1624          0          0        184         10
   58      95         38        433          0          0        100         10
   59      52         63       3542          0          0         77         10
   60     120        117       6626       6368        420        525         20
   61     128         71         92          0        120        292         10
   62     106         59       4453          0         90        161         10
   63     136         72       1133       4854        150        260         20
   64      55         16        739          0        360        507         10
   65      23         10        612          0        120        194         10
   66      60         60        208        908        120        192         20
   67     164         45        514          0         30        193         10
   68     116         43        480       1500          0        129         20
   69      21         78      12793       2207        120        225         20
   70      83         74       1537          0         60        231         10
   71      65        100       1999       2382         60        161         20
   72     123         47       8172          0        360        470         10
   73     120         33       9977          0        390        496         10
   74     123        124       6744          0        330        442         10
   75     198         79       1205          0         90        203         10
   76     106         55       1939          0          0        108         10
   77     122         34       1862         70         30        115         20
   78      57         26         62         59        120        216         20
   79     170         65        288          0         60        226         10
   80      88         72      14867        133        150        244         20
   81      75        126      13578       1422        360        428         20
   82      20         98       2460         49         30        206         20
   83      34         74       2410          0        120        186         10
   84     150         27         93          0        150        227         10
   85      26         76        108       9297        300        404         20
   86      40         86       6622       8378        450        525         20
   87      85         77       7409          0         60        220         10
   88     110        119       4225          0        180        249         10
   89      56        114        226       2021         60        151         20
   90      60         49       5316          0          0         81         10
   91     152        146        250          0        390        470         10
   92      81         56        315          0        120        199         10
   93      15         81       1625          0        180        276         10
   94      11         34       5652       3785          0         79         20
   95     101         85       1006          0        120        188         10
   96      44         47      13065          0        150        280         10
   97     170         36       1810         20         60        184         20
   98      79        119        519        759         60        165         20
   99      64         40        280          0          0         77         10
  100     163         29       4002          0        150        229         10
  101     152         87       2636          0         60        186         10
  102      81         66       5003       7500        120        230         20
  103     192         88         85          0        180        287         10
  104      39         48       1791       1043          0        125         20
  105      29         24       3492        215        300        427         20
  106     155         74        180          0          0        170         10
  107     116        147         93        425        300        398         20
  108     133        100       3751       1524        390        527         20
  109     112         75         24       2024          0        129         20
  110      42         14       1514          0          0        159         10
  111     135        136        303          0          0        197         10
  112      72          3       5874       5907        120        259         20
  113      60        122       4717          0          0        139         10
  114      57        153       7500        437        120        231         20
  115      32        100       2565          0        150        222         10
  116      37         14        894          0        120        259         10
  117     118        100       3564          0        360        465         10
  118      47        133       4963          0         60        232         10
  119     101        117       3956          0        330        441         10
  120     132         27        922          0          0        140         10
  121     150         79      12923          0        210        287         10
  122      23        141        982          0          0        156         10
  123     137        143       3153       5087        180        292         20
  124      64        132        137          0         60        224         10
  125     103         96       1321        433         90        195         20
  126     121        120        603      14397         90        164         20
  127     135         78       1444       5113        120        224         20
  128       2         17        257          0        120        250         10
  129      90         28        374      14626        300        434         20
  130      22         92       6293          0          0        113         10
  131     192         92        889       1774         90        205         20
  132      57          0       4103        156        120        247         20
  133     168        109       2850      11299        180        286         20
  134     109         64       2869         98         90        217         20
  135      62        154         13       2433        210        296         20
  136     172         43        183          0         90        186         10
  137     123         34        106         87          0        132         20
  138      88         41       2209          0        120        216         10
  139      52         62       1715       3401          0        108         20
  140      26        113        129          0         30        191         10
  141      69         24       3234        160        120        282         20
  142      56        103        362         37          0        132         20
  143      71         19       3406        567          0         66         20
  144      85         71        338          0          0        149         10
  145      67         96       9040          0        120        249         10
  146     156         67         12       7501         90        203         20
  147      66         63        418          0        150        221         10
  148     109         29        608       3418        120        223         20
  149     105         81       1985        894        180        249         20
  150     194         94        300          0          0        216         10
  151     146         56       1613          0         60        174         10
  152     160         56        553        465          0        177         20
  153      55         65        330       1770        120        285         20
  154     114         19         67          0         30        138         10
  155      45        116       4319        893          0        140         20
  156     108        137        182       1571        180        286         20
  157     155         24       1664       1500         30        201         20
  158     166         28       2289       1712        180        263         20
  159     100         53        137       1460          0        110         20
  160     101         20        428       1271        120        184         20
  161       4         23       1989          0        150        244         10
  162      30         38       1519        107         90        253         20
  163     140         38        393       2089          0        150         20
  164      88        127       1988        553         60        149         20
  165      64        137       1077       1708        360        530         20
  166     123         66       1816          0        330        410         10
  167     160         33       2819          0        420        533         10
  168      74         95       1290        123         30        163         20
  169      22        129       1601       1207        120        250         20
  170      85         76      13438          0        300        434         10
  171     168         96       2000        101          0        192         20
  172     120         62      15000          0          0        143         10
  173      66         71        920          0        210        274         10
  174      29         81         33       4814         60        189         20
  175     120        103      13520        261        120        229         20
  176     151         77         87          0          0        160         10
  177      19         52       1360          0          0        166         10
  178      76         78       1637       4697         30        108         20
  179      32        112        584          0         30        174         10
  180      82         12        151          0          0         97         10
  181      78         35        821       1711          0        108         20
  182      23        110        406          0        300        412         10
  183      76          4       9807       2333        330        431         20
  184     135         51        172         41        120        247         20
  185      88         71         70       1644        420        487         20
  186     116         85         40          0        330        498         10
  187      29        131       3180          0        180        290         10
  188      62        151         60          0        180        264         10
  189     194         82       2787       2387         30        203         20
  190     138        146       1104          0         60        195         10
  191     109        122         23       6880        120        190         20
  192     171        104        123          0         60        225         10
  193      96         82       1738          0          0        137         10
  194     118         94       3792          0        120        202         10
  195      15         37       1254       5746        120        257         20
  196      98         46      15000          0        120        277         10
  197      31        142       5368       2559        390        470         20
  198      46         50        234       4176        120        284         20
  199     153        148       3786          0         60        219         10
  200      82        131         14          0         60        223         10
  201     110         98        255          0         30        131         10
  202     149         34       1568       3152         90        254         20
  203      82         92       4707       1260        300        440         20
  204      18         29       2400         69        120        230         20
  205     114         27      13557       1443          0        122         20
  206      95         24         60       2219          0        153         20
  207      74         93        290          0          0        111         10
  208      72         39        586         23          0        140         20
  209      19         13        108          0         90        247         10
  210     145        124       2437          0        150        252         10
  211     169        111        290          0        150        221         10
  212      53         37       5955       2429        120        290         20
  213     121         45        684          0          0        118         10
  214     154         27        443          0        300        426         10
  215      63         62        200          0        300        405         10
  216      73        157        383          0        300        456         10
  217      52         28       8254       2295        420        513         20
  218     117        145       2555       2247        180        282         20
  219       1         25       3149       3212         60        173         20
  220      42         23       1844       1205        120        218         20
  221     138         53       6618       1944        360        451         20
  222      21         24       1893        322          0         66         20
  223      87         69        696       8189        150        256         20
  224      29        110       1016         30         60        157         20
  225      53        153         46          0         90        175         10
  226     123         54      12556          0        150        238         10
  227     177        112        280        193          0        200         20
  228     117        152        102       6373        210        283         20
  229     104         81       5116       4558        120        202         20
  230      74        142       2887          0         60        193         10
  231     158         71        370          0          0        169         10
  232      96        112         35          0         60        150         10
  233      60         79       4537       1655        300        430         20
  234      34         79       1777       1839        300        412         20
  235     117         97       9680          0        360        462         10
  236      54          2       7666          0         30        110         10
  237      81          8       1427          0          0        127         10
  238     148         47       1791       3160        150        259         20
  239      88        106       5334          0        420        526         10
  240      80         70       2014          0        120        276         10
  241      23        118        170          0          0        141         10
  242      95         66         55        102        180        287         20
  243      85         52         67          0        120        248         10
  244      81         18        225         22          0         89         20
  245     101         77        314          0        300        398         10
  246     195         99       3484       2738        120        232         20
  247      78         87         56       1532        120        278         20
  248     160        117         82        290         30        183         20
  249     173         97       6144       4815        150        254         20
  250      17         21        194       1014         30        154         20
  251     111         70       2613       8002        120        181         20
  252     162        118       1841          0        180        255         10
  253      91         70        147        589          0        143         20
  254     155         55        452       9990         30        184         20
  255      65         88        745        299        150        232         20
  256      97         86        559          0         30        147         10
  257      22         91        197          0        180        281         10
  258     110         49         60       2379         90        245         20
  259      16         10      10906       4094         30        169         20
  260      65         79         29       9866        330        493         20
  261      54         96         16          0        120        248         10
  262     138         56       1926          0        180        273         10
  263      67         39        178      13912        120        188         20
  264      25        114        338         84         60        226         20
  265      27        110       4283       4190        390        472         20
  266     113         37         38       1293          0        132         20
  267     137         38        404       1879        120        217         20
  268      79          7       2256          0        120        196         10
  269     147         39       2024       2295         90        195         20
  270     131        104       1858          0        150        263         10
  271      97         36       9156       2225          0        165         20
  272      31          7       1702         87        120        292         20
  273     108         18      11093        260        330        468         20
  274     106         81       2116          0          0        128         10
  275     174         99       2160        447          0        203         20
  276      99         80       8000          0          0        164         10
  277     176         70       1430        164        120        192         20
  278     185        103       2736       5906        210        287         20
  279      84         75         36       4537        360        525         20
  280     135         26       2810       1097        390        452         20
  281      49         88        400       1494        120        225         20
  282     109         94      15000          0        300        463         10
  283     103         55         62          0          0        142         10
  284     106         96       8663        587         30        141         20
  285     120        129       2763          0        180        256         10
  286      15         52       4024        235          0        169         20
  287     122         66       3521          0         90        246         10
  288     145        134        181          0        300        401         10
  289      70         51       7914         34        300        437         20
  290      73         81        256          0          0        157         10
  291     132         36       1052          0        120        198         10
  292      78         17       2692        337        390        461         20
  293      59         54      11876          0        390        459         10
  294      86         52       1738          0          0        130         10
  295     105         79       1959          0        180        242         10
  296      16        122       1708          0         30        145         10
  297     113         71       2990          0        180        265         10
  298      31        106        686          0         30        169         10
  299     146         33        127          0         60        232         10
  300     176        126       5559          0          0        216         10
  301      25        155       4785          0        390        528         10
  302      44         51        240       1297        120        291         20
  303      65         12        287          0          0         72         10
  304     108         42       1538       3504        120        271         20
  305     177         48         15          0          0        183         10
  306     179         72         30         54         60        190         20
  307     141         30        886          0         60        212         10
  308      21         40       3810          0          0        140         10
  309      78          7       1210        450         30        145         20
  310      78         74        999          0          0        124         10
  311     130         52       2295          0        390        472         10
  312      91         84        464          0          0        127         10
  313      71        129      12904         84          0        154         20
  314      51         98       5190       6318        180        266         20
  315      84         85        648          0          0        141         10
  316     125        102        145          0         60        221         10
  317     154        131      10211       4789        180        289         20
  318       8         43       2143          0        120        262         10
  319      30        155       1745       2364        120        269         20
  320      88         13         60       1333          0        126         20
  321      63         48         62      13911         30        155         20
  322       9        114        525          0         30        190         10
  323     133         89       1772       7207        390        457         20
  324      95         68        202          0          0        164         10
  325     131         83        315       1751         90        220         20
  326     119         45       1008        697          0        129         20
  327      30         73       2255        840        150        287         20
  328       8         81        232         34        120        191         20
  329     103        128       4840       1094        120        294         20
  330      86         67        120          0          0        159         10
  331      12         55       3909         68        120        256         20
  332     112         36         57          0        120        266         10
  333      40         29        860          0        120        283         10
  334     102         72       2790      12210        210        280         20
  335     105        126         36          0        120        200         10
  336     189         85       1869       1825          0        199         20
  337      47         51       2207       5899         30        115         20
  338       5         20       1230       6346        120        212         20
  339      82          9      11160        222          0        127         20
  340     100         73         28          0         60        138         10
  341     150        140         35          0        120        296         10
  342     146         92         82         74        180        250         20
  343     128         89       1706       1109        150        245         20
  344     102         49       4353       1293        150        286         20
  345      74         85       1708          0          0        124         10
  346      34         63       2827          0        300        400         10
  347     176         77       5595          0        120        189         10
  348      54        117         53       5147        120        235         20
  349      33        137       1169          9        150        263         20
  350     119         33        108         80        150        220         20
  351     132         69        268        345         30        186         20
  352      35          8       1992       2702        120        286         20
  353     150        131       1010          0        180        250         10
  354      67         61        352          0        120        289         10
  355       6         26        103        338         30        167         20
  356      32         83         84        564          0        134         20
  357     111         85       2903          0        120        279         10
  358      11         33       2028          0        120        246         10
  359      26        127       4093          0         90        224         10
  360     117         56       7730       2583          0        135         20
  361      61         63        183          0         30        140         10
  362      29         31       1680          0        120        284         10
  363     152        110       1356          0         90        230         10
  364      39        156         94         70        330        447         20
  365      53         69        817         90          0        143         20
  366     123         52        720          0        180        240         10
  367     101         97         17         91          0        133         20
  368      24        100       4040          0        150        250         10
  369      85        135        377          0        120        220         10
  370      18         11        335          0          0        109         10
  371      55         47       1285        100        390        490         20
  372      53        103        618        889          0        138         20
  373     170        137       1498      13502         90        218         20
  374       6         12         30        210          0         73         20
  375     154         39       1879          0        300        404         10
  376     169         76         21          0         30        185         10
  377     173        111       5692          0        420        498         10
  378     179        114       2024        197         60        211         20
  379      33         69       8738          0        120        271         10
  380     197         70         83          0         60        208         10
  381     127        122       7628          0        120        278         10
  382      82         90       2138       7578         30        154         20
  383      52        152       1744          0        120        206         10
  384      38        113        470       2221         60        207         20
  385     161         87       2738          0        120        226         10
  386      31         40       1222          0          0        143         10
  387      53         44        287          0        150        256         10
  388     169         35       1862        106          0        162         20
  389     133        102       3993          0         30        171         10
  390      34        127       5945          0        120        254         10
  391      52          0         76          0          0         73         10
  392     132        121        147          0        150        259         10
  393      93         65        975          0        120        188         10
  394      39         27       6210          0        120        192         10
  395     136        148         64          0        210        279         10
  396      87        101       5050        279          0        135         20
  397      25        117       5161       1943        330        486         20
  398      90        119       4742          0        120        256         10
  399     102         87       2047        179        120        259         20
  400      57         94       1994          0        390        490         10
