400_87

CUSTOMER  VEHICLE
NUMBER	  NUMBER     CAPACITY    DispatchingCost
    400     500          40000       100

CUSTOMER
CUST NO.  XCOORD.   YCOORD.   DDEMAND   PDEMAND   READY TIME  DUE TIME   SERVICE TIME

    0      41         23          0          0          0        960          0
    1      93        152        603      14397         90        182         20
    2     119         98       5888       7915        180        281         20
    3      35         49         56        259        300        410         20
    4      73         96        423          0        120        197         10
    5      78         10       8007          0        120        252         10
    6      84         85         81          0        120        253         10
    7      40        112      13471          0        120        186         10
    8      76         59       1014          0         60        225         10
    9     139         70         46          0         30        200         10
   10      22        149       4698         82         30        175         20
   11      55         16        739          0        360        507         10
   12      60         10       1505          0          0        177         10
   13      53         45         31          0         30         95         10
   14     139        144        960          0         90        210         10
   15     167         35      11558       3442        150        218         20
   16     164         76       6937       8000         30        189         20
   17      56         51         13        699        150        280         20
   18     131         89       1708          0         30        159         10
   19      55        116      10997        108         30        131         20
   20     112         36         57          0        120        266         10
   21      63         52        656          0        150        284         10
   22     168         96       2000        101          0        192         20
   23      45        126      13180          0         90        167         10
   24      71         19         17        443          0        140         20
   25     115        114       1889          0        120        206         10
   26      92         35       2586       1748        120        229         20
   27      25         52       2409          0        120        276         10
   28     195         99        192          0         60        213         10
   29      22        101         82      14918         60        137         20
   30      58         88        422       1246        150        294         20
   31     132         62       4261          0          0        136         10
   32     105         62       2193          0        150        234         10
   33     133        100       3751       1524        390        527         20
   34     161        117        282          0        120        219         10
   35     120        103      13520        261        120        229         20
   36     170         81       3004      10698         60        191         20
   37     104         70        513       4698         60        165         20
   38      53         65        434         10          0        103         20
   39      13         87       2832          0          0        124         10
   40     176        113         45          0        120        275         10
   41      30         45        198          0        120        233         10
   42      83         99         78          0         30        137         10
   43     120        117       2765          0         30        158         10
   44      34         79       2759          0         90        263         10
   45      90         73        264        575         30        147         20
   46     110         69       7646         29        300        400         20
   47     181         73       1888          0         30        192         10
   48      85         46      13520          0          0        164         10
   49      56        103       1715          0         60        191         10
   50     196         74       1716       1860        120        211         20
   51     160         78        606       1253        180        250         20
   52      57         91        197       3956        390        532         20
   53      86         99       2432          0          0        165         10
   54      85         58       7139          0         60        223         10
   55      63         20         81          0         30        101         10
   56      19        124       6407        627        120        283         20
   57     191         57       1758       2206         90        201         20
   58      95         82       2682          0        120        265         10
   59      83        141         70         23        120        233         20
   60     136        148         58          0         90        228         10
   61      90         92         15          0        120        228         10
   62       8         10         42       8254        150        292         20
   63     191         97         40        691        180        290         20
   64     160         33       2819          0        420        533         10
   65     179         61       3315         98        180        262         20
   66      91         65        268          0         90        204         10
   67      86         56       7609       7391          0        132         20
   68      80        113       2250       2029         60        191         20
   69      28         81       4333          0         30        135         10
   70      35        124       2695          0        120        189         10
   71     148         23       5155          0        450        515         10
   72      39        156        179       3625          0        176         20
   73      73         83         28          0          0        139         10
   74     108         38       1775          0         30        193         10
   75      45         61       1970        147        120        198         20
   76      47        137        248        413        150        245         20
   77      34         98        474         23         60        133         20
   78      76         94         44       1776         60        198         20
   79     136         69       1344        232        330        472         20
   80      95         66        265          0          0        149         10
   81      97        113       1510       3134         60        192         20
   82     100        101      10151       2654         60        201         20
   83      85         10       3602       3479        150        245         20
   84      78         87      15000          0          0        144         10
   85      57        144       1183       1365        390        517         20
   86     135        121       2524      12476        210        294         20
   87     169         49       4252          0        300        436         10
   88     168        139       3851          0        120        259         10
   89      21          7       7043        123          0        161         20
   90     100         19       9275       4376        420        523         20
   91      80        117       1938          0        150        247         10
   92      72          3       2977       2254          0        163         20
   93     131         44        310          0        120        188         10
   94     141         68       3120          0        330        433         10
   95     101        117         30        643         60        155         20
   96     117        145       2555       2247        180        282         20
   97     173         97        683          0        180        293         10
   98      64         12       2020          0          0         84         10
   99      71         91        672        305          0        125         20
  100      76          4       9807       2333        330        431         20
  101      46        125        253         17         60        155         20
  102      92         70       5901          0        180        280         10
  103      96         86       4827          9        120        256         20
  104      40        133       1587       5873         60        158         20
  105     140        104        856        542        150        230         20
  106       2         22       6503          0          0        136         10
  107     123         34        106         87          0        132         20
  108     170         82       4985          0        120        219         10
  109     178        101        248          0         60        190         10
  110       7         28       1609          0        180        298         10
  111     108         42      11329          0          0        109         10
  112     125         88         46       2162        300        441         20
  113      22         92         22        356          0        118         20
  114      51          1       1367          0          0        130         10
  115       6         49        350       2338          0         84         20
  116      38         73         30          0          0        110         10
  117     142         28       3591          0        420        531         10
  118      42         16       2135          0        120        252         10
  119      48        154         21        455         90        217         20
  120      20         98       1926          0         60        237         10
  121      78          8       4580          0        330        430         10
  122     130        122       9733          0        150        257         10
  123     110        119       1017          0        210        288         10
  124     132         36         13       2630         90        182         20
  125     176         70       1430        164        120        192         20
  126     120         78         82         76         60        144         20
  127      69         51       4815       3808          0        119         20
  128     148         30       1881       2382         90        218         20
  129      68          2        198        181          0        115         20
  130       5         14       4792          0         30        102         10
  131     152         56       1331       1863        150        267         20
  132      31        128        343          0        150        251         10
  133      42        127       2066      12934        120        248         20
  134      56        114        587       1940          0        136         20
  135      57        117       7204          0         60        140         10
  136      67         39        178      13912        120        188         20
  137      28        139       2579          0         60        155         10
  138      31         40      14776        224        120        187         20
  139      61          1        456        424        120        278         20
  140     116         83        365          0        120        227         10
  141     148        116       3610          0        300        445         10
  142     149        136       1418       5946        120        280         20
  143      70         46       3340          0        300        461         10
  144     134         33        760          0        360        429         10
  145      18         11        335          0          0        109         10
  146     119         55         96       1895         90        199         20
  147       9        114        525          0         30        190         10
  148     138         53       6618       1944        360        451         20
  149      51        101       1585       4770        120        188         20
  150     148        128       1544       1286         30        200         20
  151      56         49         44          0          0         94         10
  152      20         39       2089       5003        150        253         20
  153      95         68        202          0          0        164         10
  154     106         54         12          0        120        243         10
  155      40         30       1495          0          0        124         10
  156     146        130       1611          0        180        278         10
  157     109         98        382       5735         30        141         20
  158      53         44        287          0        150        256         10
  159      64        119        103      14897         60        155         20
  160      86         80        127        211         30        172         20
  161     174         67        189         91        120        201         20
  162      24         59       3281          0        120        220         10
  163      97         37       1253         95         30        153         20
  164      76        127      10466       2582        120        187         20
  165      14         34        456          0        120        280         10
  166      60         64       1366       6937        120        254         20
  167      60        148       1697       5044         30        189         20
  168     147        113         39       2361        120        199         20
  169      97        144       8517        605        420        494         20
  170      78          6       2902       1882        120        196         20
  171     151         22       1517          0         30        160         10
  172      42         14       2710          0         90        230         10
  173     177        110         48          0         90        253         10
  174      35        109       2377          0        120        202         10
  175     167         47       2447       1752        330        440         20
  176      60         43       2267       1205        120        255         20
  177     115         60        742          0         90        220         10
  178     108        137        258          0         60        225         10
  179     188         95       2958          0        120        232         10
  180      49         84       1083          0         60        138         10
  181      72         39         16          0        120        231         10
  182     148         47       1068       9983          0        148         20
  183     142         35        252          0        180        260         10
  184     144         34       3247       1430          0        135         20
  185      27         46       1424          0          0         86         10
  186     149         29       8095          0          0        151         10
  187      77         55        280       1511          0        110         20
  188     138        128       1884          0         30        182         10
  189     160        108         90        124         30        191         20
  190      52          0         76          0          0         73         10
  191      66        119       1551          0        150        227         10
  192      60         60        208        908        120        192         20
  193     127         37         54         92         30        159         20
  194     170        139       2300          0        180        263         10
  195     141         58       4199       2130        360        473         20
  196      82         72       8065          0        120        265         10
  197     104         81       1122          0        150        219         10
  198     117         35        497       2383          0        120         20
  199      35         63       1931          0          0        100         10
  200     105         79       1959          0        180        242         10
  201      47         96        920          0        210        283         10
  202      17         36        298        746        150        250         20
  203     106         68       3813          0        360        514         10
  204     114         80       1772       2472         60        224         20
  205     176        111       6331          0        150        293         10
  206     126         73       3303        487         60        234         20
  207      85         75       4920        383        120        220         20
  208      25        117      14638        287          0        134         20
  209     100        116       1072          0          0        158         10
  210     143        102       8871       6129        120        259         20
  211     144         54       1416       1838          0        147         20
  212     174         93        530       5280         90        188         20
  213      52        152       3862          0        180        245         10
  214      48          5       1638       4183        450        526         20
  215      47         62        621       3243        120        279         20
  216      17        126         84          0         30        150         10
  217     182        107         65        399          0        206         20
  218     116         65       2686         62          0        140         20
  219     101         85       1006          0        120        188         10
  220      33         69       8738          0        120        271         10
  221      27        127       1363       1951         60        162         20
  222     123         53        438       5972         30        192         20
  223       3         94       8935         24         30        143         20
  224     126         66        123          0         90        222         10
  225     100         84       2429          0          0        123         10
  226      34         33         57          0         30        165         10
  227      35         26         19          0        120        224         10
  228     121         85        191        147        360        438         20
  229     116         49       3116       4606         30        172         20
  230     190         58       4309         30        180        250         20
  231      28         14        537          0        120        194         10
  232      51        115         15       6725         60        187         20
  233     114         19         67          0         30        138         10
  234       6         26       3038       1970          0         96         20
  235     139         91       2344       1685        150        245         20
  236      78         74        999          0          0        124         10
  237     121         66       2147          0          0        167         10
  238     116         85         40          0        330        498         10
  239     154        105       2750         12        180        285         20
  240     147         57       1502       7667        360        522         20
  241     155         74        180          0          0        170         10
  242       7        117         16      10588         60        175         20
  243     102         87       2047        179        120        259         20
  244     197         70       7034          0        210        296         10
  245     108         29       6317          0        420        527         10
  246     163        111       2219       7051        210        277         20
  247     129        122       1595       1221        210        279         20
  248     173         85       4842        248         60        183         20
  249      97         58      13022       1978        330        415         20
  250     131         83        315       1751         90        220         20
  251      46         18        392          0          0        105         10
  252      15         10        239          0         30        168         10
  253     106         65       3641       1748        150        251         20
  254     132        121        147          0        150        259         10
  255      70        125       1563        238         90        172         20
  256     179         67         70       3422        180        263         20
  257     150         53         54          0         90        230         10
  258     186         72         91       2136         60        206         20
  259      59         54       4886       3022          0        163         20
  260     179         72       1473        197         90        224         20
  261     151        120       5130        484          0        198         20
  262      69          1       3049          0        120        237         10
  263      15        118       1205          0        330        404         10
  264      47        125       4866       6351         30        156         20
  265      13         12       1157       1527          0        129         20
  266      91         84       3872          0         60        158         10
  267     158         71       3592        231          0        160         20
  268      10        117       1920         10         60        148         20
  269      65         74       1081       6938        150        218         20
  270      79        119        274          0        210        284         10
  271      81          8        254         86          0         85         20
  272      36        106        805       1798        120        231         20
  273      91         72        141          0        120        291         10
  274     144         86       6707       6109        120        228         20
  275      63        150       1004       1465        120        232         20
  276      76         16         16         49        120        234         20
  277      29         81       1158          0         30        160         10
  278      79        101        403        306        120        259         20
  279      90        102       3642          0        390        518         10
  280     103         96       1321        433         90        195         20
  281     199         74        336          0          0        208         10
  282     120         62      15000          0          0        143         10
  283      30        106       3753          0        150        219         10
  284     129         89         81         14         30        162         20
  285      51        150       1346       4497         90        249         20
  286     120        109         22       1769         60        170         20
  287     159         75       5376       3804          0        175         20
  288     132        144       4836        131        300        401         20
  289     114         27      13557       1443          0        122         20
  290     188         83       2334          0         90        204         10
  291      21         78      12793       2207        120        225         20
  292      21         23       4100       1571          0        108         20
  293      68         73      10273       4727          0        101         20
  294      58          2        324          0         30        200         10
  295      30         36        468       2067        390        494         20
  296     194         80       1352          0          0        205         10
  297     134         73        233        192          0        162         20
  298      96         79       3055          0         30        208         10
  299      27         73        330         57        120        289         20
  300      29         68         18          0         90        218         10
  301      75        156        695       5746         60        199         20
  302      77         42       7692       2905        360        445         20
  303      68         94       2410        333         60        164         20
  304     120         85       3926          0         30        157         10
  305      33         64       4213        333        300        410         20
  306     118         86         13          0        360        498         10
  307     109         65       1160       1863         90        253         20
  308     128         56        200       1556        150        241         20
  309     115         31       1754          0        120        245         10
  310     102        120       1840          0         90        252         10
  311      54        117         53       5147        120        235         20
  312     154         38        139          0         90        257         10
  313      92        120       2713          0        150        226         10
  314      62         76       9568          0        300        429         10
  315     120         97         25          0         60        171         10
  316     121         71       2620       5274          0        126         20
  317     134         89        282        197        360        437         20
  318      90        111       1208       9251         60        161         20
  319      19         13       1044          0          0         64         10
  320     154         76        274          0         60        234         10
  321      44         47        202       1940          0         74         20
  322      88         67         86          0          0         98         10
  323      68         86        211       5088         60        201         20
  324      15         54         12        107        180        278         20
  325     170         65      14449          0         30        177         10
  326     200         68       2537         42          0        220         20
  327      39         52         90          0          0        107         10
  328     150         67        227          0          0        155         10
  329     140        133       2982      10695         60        203         20
  330      10         51        613        348        120        259         20
  331     113         64       5953          0          0        142         10
  332      32         56        182       1771        120        271         20
  333      11         48       8280       1094         90        192         20
  334     135         26       3579       2020         60        186         20
  335      32         23       2963       2419        300        425         20
  336      56         19       4992       2542          0        140         20
  337     133         37         13       1030          0        146         20
  338       9         44        287          0        390        467         10
  339      64         44       1799       6800        120        218         20
  340      55         65       4554          0         30        168         10
  341     197         58       2012          0          0        192         10
  342      36         87        913      10752        180        297         20
  343      21         40         48          0        120        196         10
  344     149         34       1568       3152         90        254         20
  345      21         80       1559        450        420        514         20
  346      11         33       4619          0         30        108         10
  347     130        148       1672          0        150        233         10
  348     186         83       3419       8738         60        216         20
  349     142        131       1723        563        330        459         20
  350      96        118        111          0         30        172         10
  351     154         39       1879          0        300        404         10
  352      97         84       3915       6296         90        249         20
  353     150        140       3400       2503        120        215         20
  354      86        140       4314          0        300        416         10
  355      93         94       1154        595         60        127         20
  356     149         94        165        502        180        259         20
  357      75        126      13578       1422        360        428         20
  358     150         49         57       2075          0        162         20
  359     160        117         82        290         30        183         20
  360      48        151       1789         40        330        460         20
  361      84         78       2544          0         60        190         10
  362      39         96        594          0        390        498         10
  363     126         72       2306       4765         90        190         20
  364     111         65       1020       1968         90        265         20
  365      57         45        202        137        120        186         20
  366      76         31        364          0        330        409         10
  367      28         34         85          0          0        132         10
  368     161         87       1361          0          0        184         10
  369      44         48       1146        110        390        471         20
  370      34         63        152          0         60        225         10
  371     169         76       4559         30        150        249         20
  372     117        100       6469       8004          0        157         20
  373      82          9      11160        222          0        127         20
  374      18         29       2139        442        120        258         20
  375     156         67         12       7501         90        203         20
  376     158         30         30          0        330        494         10
  377      15         81       1625          0        180        276         10
  378     100         14       1850          0        120        263         10
  379      33        137       1169          9        150        263         20
  380      57        153        299         30        360        455         20
  381     122        139        175          0        150        254         10
  382      25         72         97       1414         60        171         20
  383     139         66       1790          0        150        219         10
  384     146        112       3512          0         90        178         10
  385      30        154        476        309        360        461         20
  386     151         77         15          0         60        226         10
  387     103         55         62          0          0        142         10
  388       3         90       6679       2977          0        141         20
  389     187         93      13543       1457        300        436         20
  390     153         42        610          0          0        148         10
  391      97         36       9156       2225          0        165         20
  392      24        109       1096        166        390        459         20
  393     176         47       5280          0         90        196         10
  394     111         70       5395       2706         90        173         20
  395     120        124       1602          0         90        183         10
  396      35          8        130        263        120        294         20
  397      71         81       9982         59         60        128         20
  398      53         69        817         90          0        143         20
  399      78         43       1788          0        420        504         10
  400     124         96       1879          0          0        162         10
