400_396

CUSTOMER  VEHICLE
NUMBER	  NUMBER     CAPACITY    DispatchingCost
    400     500          40000       100

CUSTOMER
CUST NO.  XCOORD.   YCOORD.   DDEMAND   PDEMAND   READY TIME  DUE TIME   SERVICE TIME

    0      41         23          0          0          0        960          0
    1     179         67        382       1583         60        193         20
    2      22        101         82      14918         60        137         20
    3      70         64        104       5643        300        427         20
    4     142         35        252          0        180        260         10
    5      41         73        120          0         30        163         10
    6     118        100        337          0         60        214         10
    7      53         38       1377        666        450        529         20
    8     108         29       6317          0        420        527         10
    9     146         56       1613          0         60        174         10
   10     137        103       1733          0         30        170         10
   11      45         49        112          0        120        275         10
   12      56         19         11          0        120        254         10
   13      53         78        416       1636        420        493         20
   14      11         34       5652       3785          0         79         20
   15      67         96       9040          0        120        249         10
   16      51         80         35          0         90        216         10
   17     112         37       2469          0        150        290         10
   18      95         66         82        101          0        108         20
   19     107         85       1526       8945        120        232         20
   20      81         11       1613          0        120        234         10
   21     104         70        279       2024        120        183         20
   22     155         24       1664       1500         30        201         20
   23     100         23        584          0        120        222         10
   24     144         18       1092      13908         60        147         20
   25      68         21       3467          0        120        254         10
   26      93        152        603      14397         90        182         20
   27     139         18         43       2453        120        190         20
   28      66        135       2024          0        120        225         10
   29     158         33        775       1136          0        160         20
   30      72         92       1613          0        150        298         10
   31     144         54       5306          0          0        146         10
   32      39          4       6177        873        330        456         20
   33     161         87       2738          0        120        226         10
   34      33         20        720          0          0        168         10
   35      14         34        456          0        120        280         10
   36     107         61        197          0         90        251         10
   37      95         68         42          0         30        115         10
   38      88         72        795        661         60        187         20
   39     133         89       1772       7207        390        457         20
   40      55         65        330       1770        120        285         20
   41      15         52       4024        235          0        169         20
   42      39         48       2016        286        300        401         20
   43     106         65       3641       1748        150        251         20
   44      46         50        234       4176        120        284         20
   45      12         30       6037       8963          0        103         20
   46     137         70       3093        941          0        175         20
   47     137         49        173          0          0        158         10
   48     109         98        382       5735         30        141         20
   49      86         76        236        288         90        231         20
   50      82         15        133          0        120        254         10
   51      46         52        105          0          0        172         10
   52     113         71       5854       3098        300        427         20
   53     147        113         39       2361        120        199         20
   54      70         55       1251       5736        330        499         20
   55     120         85         96          0        180        297         10
   56     170         65        288          0         60        226         10
   57     199         60        253       1149        180        248         20
   58     150         81       1824       1361          0        156         20
   59      13          8       1062          0        120        288         10
   60     131         51       2121          0        120        236         10
   61     154         76       5420          0        180        283         10
   62      20        119       9298          0        120        206         10
   63      77        120         22          0         90        230         10
   64      38         31       1285       1542        120        279         20
   65      59         64        610         25        120        289         20
   66     140        133       2982      10695         60        203         20
   67     160        136       1923          0        360        466         10
   68       8         11       1860        996         60        162         20
   69     108        137        182       1571        180        286         20
   70     131        104       6827          0        330        469         10
   71     151         22       3910          0          0        168         10
   72      77          6        503          0        120        228         10
   73     130        148       1951          0        330        432         10
   74      61         49       1613       5466        120        195         20
   75     148         30       5837       1870         90        163         20
   76     100        116       1850         13         30        194         20
   77      35         63       2025          0          0        138         10
   78     152        146        505          0         90        231         10
   79      73         81       3084          0         30        141         10
   80     126         36       2136        234        120        259         20
   81     127         93       3480        233        180        254         20
   82     107         63       3716       4355         30        185         20
   83     132         43         85       1833         60        194         20
   84      86        135      15000          0          0        164         10
   85      62         76       9568          0        300        429         10
   86      57        144       1183       1365        390        517         20
   87     183         89         24          0        180        297         10
   88      22         92         22        356          0        118         20
   89      38         68       7844        348          0        107         20
   90      43        129       1640          0         60        141         10
   91     123         59       6700       4619         30        204         20
   92      34         68        320          0        120        232         10
   93     106        103         56        943         90        166         20
   94      89         36         11        504          0         79         20
   95      80         48        173       3613        120        194         20
   96     132         62       4261          0          0        136         10
   97      95         84       3947          0        210        271         10
   98      83         79       1076          0        120        243         10
   99     117         63       4027       1999        120        279         20
  100     168        139         35        643        120        278         20
  101      82          9        483          0        120        247         10
  102      57         72        155          0        300        408         10
  103      33        113       1782         96        210        285         20
  104      64        137       1077       1708        360        530         20
  105     184         71       5419       1364         60        201         20
  106      24        109       1096        166        390        459         20
  107     133         37         13       1030          0        146         20
  108      25         47        468       1890        120        235         20
  109     194         72       2010       1000        180        292         20
  110     132         48        526         24          0        134         20
  111     167         57       1475          0         60        181         10
  112      81         23      15000          0        330        401         10
  113      82         85       2110          0         90        197         10
  114     150        140       3400       2503        120        215         20
  115     103        127        110        439         60        169         20
  116      30        117       1507          0         60        160         10
  117      79          7       4270       2827        120        280         20
  118     169         76       4559         30        150        249         20
  119      53         70        502          0         60        153         10
  120     142         28      14988         12        150        244         20
  121     178        101         14          0        180        250         10
  122     132         93       2419          0         90        231         10
  123      10        117       1817          0          0        149         10
  124      67         87       3590          0         90        258         10
  125     157         59        447          0          0        170         10
  126     123         63       1669       1523         30        186         20
  127     102        120       3112          0        210        291         10
  128     112         47        105         93        180        265         20
  129     116         75         63       5651         30        135         20
  130     181         73      15000          0        120        257         10
  131     195         99       3484       2738        120        232         20
  132     172        113         47          0         60        231         10
  133     156         42        432         72        300        408         20
  134     179         48         45      11000         90        189         20
  135     142        124       3269          0        120        281         10
  136      53        103       1890          0          0        159         10
  137      59         81         90       3021        120        228         20
  138     160        127        157          0        300        440         10
  139      36        146        280       3622         60        189         20
  140      34        149        924          0         30        163         10
  141      86        102        531      14469        180        288         20
  142      83         99         78          0         30        137         10
  143     150         49      15000          0         30        198         10
  144      57        145      13910          0         60        190         10
  145     135        121        169          0         30        182         10
  146     142        131       1723        563        330        459         20
  147      42         14       2710          0         90        230         10
  148      34         98       1429          0         90        220         10
  149      55        116       3785          0        150        257         10
  150      29         38       2338        449          0        138         20
  151     108         35       1516        169        120        214         20
  152     148        126       1520          0         60        194         10
  153      60         13        324          0          0        103         10
  154     144         34       2376       1927        360        436         20
  155     168         96       2000        101          0        192         20
  156      85         45        667          0        120        203         10
  157      32        115       6757       1941        390        527         20
  158      46        128       1153       1000        360        522         20
  159      20        145         87          0         90        241         10
  160     158         24       5374          0          0        166         10
  161     127        122         14          0        120        266         10
  162     192         62         41       2702          0        202         20
  163      43        136      12933          0        390        500         10
  164      60         37       1380          0        120        233         10
  165     151         49        118       1291        180        247         20
  166     159         43       5669       1990        360        466         20
  167     139         33      12128       2872        120        282         20
  168      30         38       1519        107         90        253         20
  169      47        125       4866       6351         30        156         20
  170     107         98         82       5359         60        193         20
  171      69        134       1305          0        180        259         10
  172     120        116       7832          0          0        178         10
  173      89         57        156         83         60        141         20
  174      79         16        548          0        120        259         10
  175      68         86       1828          0        120        194         10
  176     130         44        237          0        120        229         10
  177     166         83         90       2569          0        183         20
  178      66        136       1576        686         60        191         20
  179      69         21         28          0        150        280         10
  180     170         36       1810         20         60        184         20
  181      85         74       3146        252        150        233         20
  182     121        147       1605          0        150        260         10
  183     174         67        189         91        120        201         20
  184      47         62        621       3243        120        279         20
  185      17        119        170       2379        150        279         20
  186      84         56        147       1751          0        135         20
  187      38         24       4771       7888          0        169         20
  188     125         51       2157          0        120        281         10
  189       7        114       1255          0         60        173         10
  190       7         21        633          0          0        121         10
  191     143         31        112          0        300        434         10
  192      78         84       2387          0          0        148         10
  193     111        131         82       1349        150        234         20
  194      50        123        657          0        150        296         10
  195     182        107         65        399          0        206         20
  196     163         77       6210       1909        210        272         20
  197     161         35       5373          0        360        441         10
  198     158        142        156        107          0        211         20
  199     101        120       1250          0        360        469         10
  200     148         47       1068       9983          0        148         20
  201      99         56       8544          0          0        109         10
  202      60        148        713       1749         30        182         20
  203      86         80        127        211         30        172         20
  204      80         11       1799          0        360        524         10
  205      31         13       1844        847        120        221         20
  206      76         44        296        171        120        283         20
  207     120        117       2765          0         30        158         10
  208     192         92       4479        387        360        488         20
  209     116         83        550       1777         30        197         20
  210      81         66        124          0         60        166         10
  211     143        102       8871       6129        120        259         20
  212     147         61       1269          0        420        495         10
  213     150        127        252        112         90        253         20
  214      97         84       3915       6296         90        249         20
  215      42         62         51        253         30         98         20
  216      86         81       2042          0        300        442         10
  217     183         79         57          0         60        220         10
  218      88        103         82        326         60        134         20
  219     152         87       2636          0         60        186         10
  220      10        116       1261          0          0        149         10
  221      77         63         68       4814         60        167         20
  222     168        109       3646          0         60        190         10
  223     135        136        303          0          0        197         10
  224      56        114        226       2021         60        151         20
  225      23        110        406          0        300        412         10
  226      56         64        170       5400         60        195         20
  227      41         23       1777          0        120        288         10
  228      40        155        117          0          0        176         10
  229      60         49       5316          0          0         81         10
  230      69         51       7005       1959        120        239         20
  231     181         76        134        217        120        247         20
  232      22        146       1463       3399        120        285         20
  233      77        132       2764          0        120        257         10
  234      77         44       4579       3422        120        285         20
  235      24        114       1755          0          0        144         10
  236     130         90        233          0         60        204         10
  237      38         73       1018        562        150        294         20
  238      62         17        162       2237        300        435         20
  239     175         51       1655          0          0        169         10
  240     122         30       1750         48        120        247         20
  241      15        118      14294          0        210        277         10
  242     138        106       3816       2415         90        163         20
  243      95         90       1636          0        150        272         10
  244     119         15       2659          0        420        480         10
  245      82         99        454       5804        180        275         20
  246      87          8        237          0          0         92         10
  247     191         97         40        691        180        290         20
  248      35        124       6109        251          0        146         20
  249     146         33        127          0         60        232         10
  250      36        153        203        144        390        475         20
  251      87        140       5361          0        210        279         10
  252      56         10        115       1992          0        135         20
  253     146         92         82         74        180        250         20
  254      26        127        117       1919        330        435         20
  255      15         81       3726       2012          0        103         20
  256      31         40       1222          0          0        143         10
  257     150         53         54          0         90        230         10
  258      58         21        451          0          0        174         10
  259     135         29       4413       2159         30        143         20
  260      85         83       6623          0          0        111         10
  261      83         74       1537          0         60        231         10
  262      76         68        612        406        210        281         20
  263      77        153       1501          0         30        174         10
  264     145        124       2437          0        150        252         10
  265      80        117       1938          0        150        247         10
  266     100         73         28          0         60        138         10
  267      91         12       2290          0          0        134         10
  268     139         66       7243       6474        300        410         20
  269     121         81       1570          0         90        223         10
  270      40        149       1451       3623          0        182         20
  271     106         68       3813          0        360        514         10
  272      64        132        137          0         60        224         10
  273     129         89         81         14         30        162         20
  274      42        127       2066      12934        120        248         20
  275     133        102         73          0        120        285         10
  276      67         95       1760        192        120        213         20
  277     171         80        204        249         30        201         20
  278     194         65         76          0        180        284         10
  279      99         74       3110       1521        120        197         20
  280     150         67        227          0          0        155         10
  281     107         77       3716          0          0        153         10
  282     126         66        123          0         90        222         10
  283      39         96        594          0        390        498         10
  284      28         34         85          0          0        132         10
  285     104         68         23       1460        120        292         20
  286       8         46        910        960          0         93         20
  287     123         52        720          0        180        240         10
  288      60         43        136          0        120        193         10
  289      38         32        545        109          0        165         20
  290      29        108        466         91         30        135         20
  291      52         92       3688          0        150        259         10
  292      21         78       3399          0         60        163         10
  293      81          8       1427          0          0        127         10
  294      53         17       4330          0          0         77         10
  295      88         63       5628          0        300        404         10
  296      75         34        803       5376        120        253         20
  297      16         62         77       8312        120        241         20
  298     166         88       5588          0         30        195         10
  299     180         65        672         19        150        279         20
  300     181         42        294          0         60        204         10
  301     137         93       5834          0        300        462         10
  302     140        104         98          0         90        171         10
  303     142         59        291          0         30        172         10
  304     153         42        610          0          0        148         10
  305     135         37        820          0        120        284         10
  306     188         70       1509        857          0        195         20
  307      34        137       5813         74        300        434         20
  308      96         81         56         17        120        204         20
  309      49         43       6547          0          0         81         10
  310     195         59       1733          0         30        202         10
  311     174         93       1500         15        150        250         20
  312      19         13       1044          0          0         64         10
  313     100         53        137       1460          0        110         20
  314      16         35         87      10255         30        115         20
  315     132         69         13        433         90        230         20
  316     132         44         36          0          0        139         10
  317      66         71        920          0        210        274         10
  318      40         86       6622       8378        450        525         20
  319     154        105       2750         12        180        285         20
  320     147         38       1937         50         90        223         20
  321      86         52       1738          0          0        130         10
  322     161         95       5649          0         90        199         10
  323     121         91      14100        900        180        286         20
  324      15         10       2020          0         90        184         10
  325     136         69       1344        232        330        472         20
  326      34         74       2410          0        120        186         10
  327      95         91       1841       1378          0        166         20
  328     135        130        651       5137        120        260         20
  329     117        146         75       4866        120        193         20
  330       7         32         33       3879        120        195         20
  331     169        111        290          0        150        221         10
  332     106         84       3643          0        150        289         10
  333      44         86         37          0          0         99         10
  334      11         48       9418        749          0        125         20
  335      89         60       1136          0        420        513         10
  336      28         31       1807         20         30        158         20
  337     104        109       3716          0         60        233         10
  338     120        103      13520        261        120        229         20
  339     169         35       1862        106          0        162         20
  340      49        131       1598          0        120        186         10
  341      85         75        110          0          0        115         10
  342      52        152       1744          0        120        206         10
  343     200         68       2537         42          0        220         20
  344      77         20        347          0        150        286         10
  345     160        108        591       3008        180        248         20
  346      88         16        700          0          0         96         10
  347     147         39       2024       2295         90        195         20
  348     122         34       1862         70         30        115         20
  349     155         35         90         20         60        165         20
  350      61         76      13149          0        300        400         10
  351       4         23        236        920        120        223         20
  352      78         87         56       1532        120        278         20
  353      63        135       7890        890         60        226         20
  354      95         24        380        190          0        143         20
  355     108         42       1538       3504        120        271         20
  356      53         21       1800          0          0        105         10
  357     190         58       1529          0          0        199         10
  358     167        147        140         87         60        233         20
  359     185         56        943       2538        300        477         20
  360     179         61       1605       5657         90        180         20
  361     178         62       1822          0        390        529         10
  362     146        132       4255          0         60        217         10
  363     112         78        108       1511        120        216         20
  364      42        107       1530         99        120        238         20
  365     147         94       1976          0        120        251         10
  366      92         70       2000       2991        330        401         20
  367     150         79      12923          0        210        287         10
  368      61         63        183          0         30        140         10
  369      48        151       1789         40        330        460         20
  370      56         80        470          0         90        225         10
  371      33         70         85          0          0        121         10
  372     115         31       1754          0        120        245         10
  373      94         62       3090          0        150        231         10
  374      36         87       9982         43         30        165         20
  375      99        144       1870        142         60        171         20
  376     128         71         92          0        120        292         10
  377     103         95         75      10994         90        222         20
  378      45         54       1677          0        120        294         10
  379     198         93       5274          0         60        215         10
  380      95        146       1549          0         90        195         10
  381     146        141         94       2659         60        199         20
  382     153        148         43      14957         60        217         20
  383      16         10      10906       4094         30        169         20
  384      16        122        679          0        150        261         10
  385     179        114       1724          0         30        220         10
  386     126        111       1629       9241        150        251         20
  387     110         92       2702          0         60        221         10
  388     121         45        684          0          0        118         10
  389     138        128       2515       7408         90        256         20
  390     111         35       4771       2527        360        476         20
  391      26        113        129          0         30        191         10
  392      30        106         40      11057        180        280         20
  393     108         46        128          0        150        249         10
  394     130        122       9733          0        150        257         10
  395     187         93        703          0        120        225         10
  396     172        108         11       7575        120        286         20
  397      14        122       2794       5189          0        137         20
  398      97         24        618        175          0        144         20
  399     137        143       3153       5087        180        292         20
  400      63        111       1269       2888          0        123         20
