400_88

CUSTOMER  VEHICLE
NUMBER	  NUMBER     CAPACITY    DispatchingCost
    400     500          40000       100

CUSTOMER
CUST NO.  XCOORD.   YCOORD.   DDEMAND   PDEMAND   READY TIME  DUE TIME   SERVICE TIME

    0      41         23          0          0          0        960          0
    1      30         73       1538      13462        300        427         20
    2     127         93       3480        233        180        254         20
    3      96         86       4827          9        120        256         20
    4      60        148       1697       5044         30        189         20
    5     119         98       5888       7915        180        281         20
    6      39         96        594          0        390        498         10
    7      12         15       1272          0         90        189         10
    8      31          4       2093          0        120        275         10
    9     160         23        108        270        120        203         20
   10      60        118       7904       5162         60        141         20
   11     194         80       1352          0          0        205         10
   12     188         66         84          0         30        196         10
   13     144         54       1767       3023          0        147         20
   14      97        112       2654       1890        120        225         20
   15     133         37         13       1030          0        146         20
   16     104         81       1122          0        150        219         10
   17      62         76       9568          0        300        429         10
   18      86         52       1157          0         90        251         10
   19      86         76        670          0          0        120         10
   20     194         82       4993         99         60        206         20
   21     131        123       4519          0         60        194         10
   22     168        139       3851          0        120        259         10
   23     183         61       6107          0        450        519         10
   24     118         94       3792          0        120        202         10
   25     123         59       1081          0        390        528         10
   26     160         22       1246        151        390        467         20
   27      85         61       3805        210         60        151         20
   28      34        124         90         22         30        146         20
   29     121         45       2293       7629         90        167         20
   30      48          5       1638       4183        450        526         20
   31      13         87       1330          0          0        122         10
   32      76          4       4633       8065          0         76         20
   33      98         53       1297          0          0        172         10
   34      69         21         28          0        150        280         10
   35      74         66       2215          0        120        250         10
   36     132         61         15          0        120        265         10
   37     101         85        106        287         60        232         20
   38      59         81        835          0        120        188         10
   39     154         25         16        113        120        191         20
   40     100         53      13506          0        120        254         10
   41     104         68         23       1460        120        292         20
   42      16         10      10906       4094         30        169         20
   43      37        123       1210          0         30        163         10
   44     106         81       1600          0          0        129         10
   45     130         46         72          0        120        263         10
   46      47         96        920          0        210        283         10
   47     176         77       5595          0        120        189         10
   48     148         23        926          0          0        141         10
   49      49         84       1083          0         60        138         10
   50     148         92       1711          0          0        173         10
   51       4         16       2745      12255        150        230         20
   52      52         92        577          0        180        285         10
   53     183        102       2558        334        120        228         20
   54      63        111        378          0         90        262         10
   55      57         94       1829          0         90        233         10
   56      61         76       6572          0         30        164         10
   57      96         68       1183        233         30        191         20
   58     101        111        110          0          0        143         10
   59      68         86       1828          0        120        194         10
   60      14          4         53       4356        120        222         20
   61     109         64      14768        232         30        131         20
   62     120        124       6209          0         60        223         10
   63      37         72       6072       2024        150        287         20
   64      15         54         12        107        180        278         20
   65      85         76       2490       5313        120        185         20
   66     169         76       4559         30        150        249         20
   67      72          3       5874       5907        120        259         20
   68      84         75         36       4537        360        525         20
   69     171         74       1026       6737        180        290         20
   70     163         29       4002          0        150        229         10
   71      92        120       2713          0        150        226         10
   72      56        102        780         34        420        502         20
   73      60         37       1380          0        120        233         10
   74      14        122       2794       5189          0        137         20
   75     162        117       2284          0         60        219         10
   76     190         58        120          0          0        204         10
   77       6        114       1582          0         90        263         10
   78      36         20        110        718          0        176         20
   79     107         63        800       1174         90        243         20
   80     195         99       3484       2738        120        232         20
   81      78         98        462       2331         90        237         20
   82     160         74       8312          0         60        171         10
   83     180         65        672         19        150        279         20
   84       7         21        633          0          0        121         10
   85     174         99       2160        447          0        203         20
   86      72         39         16          0        120        231         10
   87      48        154       1498          0        120        205         10
   88     154         27       2820          0         30        145         10
   89     137         30        589         90          0        140         20
   90       5         36       1577          0          0        167         10
   91     146        141         94       2659         60        199         20
   92     110         98         56       7374         90        178         20
   93      83         64        104         25        120        287         20
   94      11         17       2253        197          0        131         20
   95      64         12       1443          0          0        143         10
   96      90         73         89          0          0        134         10
   97     122        146        344        287        300        451         20
   98      20         21        920       1159        120        285         20
   99      38         68       3160          0        360        432         10
  100     173         87       5332          0        300        410         10
  101      11         48       9418        749          0        125         20
  102     113         48       5758          0          0        122         10
  103     110        135       7052       7572        300        400         20
  104     151        123       9812       5188        360        535         20
  105      86         67        991          0          0         96         10
  106      57         72        155          0        300        408         10
  107      23         10        399       2968        360        432         20
  108      70         46       3340          0        300        461         10
  109     158         30         30          0        330        494         10
  110      74         92       1473       3547        120        246         20
  111     128         71       1174       2961        150        284         20
  112      95         66        265          0          0        149         10
  113      51         47        233          0          0        102         10
  114      97         24       2089          0        120        250         10
  115      29        131       1225       2550        300        396         20
  116     161         87       2738          0        120        226         10
  117     142        136       8188        204         60        190         20
  118      25         47        468       1890        120        235         20
  119     146         88        105          0         60        223         10
  120      32        112        584          0         30        174         10
  121      40         86       2078       5659        120        295         20
  122     141        142       2973        620         60        236         20
  123      71         81       9982         59         60        128         20
  124     101        120       1250          0        360        469         10
  125       7         32         33       3879        120        195         20
  126     159        127       2388       2516         60        201         20
  127      27         76        563       7334          0        108         20
  128     151        107      12718         82        330        454         20
  129       8         46       1713          0        180        266         10
  130      88         67       3417        697        390        526         20
  131     120         62      15000          0          0        143         10
  132      64        119        103      14897         60        155         20
  133     169        111       1118       3641        120        248         20
  134      96         36        517       1205         90        264         20
  135      76         31        364          0        330        409         10
  136      73        123        133       1185          0        166         20
  137     154        131      10211       4789        180        289         20
  138      12         98       1233          0         90        246         10
  139     108         42      11329          0          0        109         10
  140     181         73      15000          0        120        257         10
  141     147         57       1502       7667        360        522         20
  142      79          7       2256          0        120        196         10
  143     110         69       1453        121         60        230         20
  144     121        129       1783          0        420        536         10
  145      27         24       3402       1828          0        136         20
  146      67         61         30          0          0        127         10
  147       9        114        525          0         30        190         10
  148      35         23      11040        503        120        281         20
  149      25         52       2409          0        120        276         10
  150      85         58       7139          0         60        223         10
  151      29         38       2338        449          0        138         20
  152       3         94       4474          0        330        402         10
  153      33        137       1169          9        150        263         20
  154     198         85        594          0        120        288         10
  155      20        145         87          0         90        241         10
  156      56         10        887      14113        120        216         20
  157      99        113        202          0          0        153         10
  158     134         73       1174       5745         30        143         20
  159     138        128       1884          0         30        182         10
  160     122         34       2224          0        120        223         10
  161     173        111       1961          0        120        216         10
  162      98         69       2480        219         60        174         20
  163      98        116       1524      11435        120        224         20
  164      30        106       3753          0        150        219         10
  165     168         75       7179       1173         90        236         20
  166     186         89       2076          0        120        260         10
  167      85         75        110          0          0        115         10
  168      20         98       2460         49         30        206         20
  169      65         32       1190        196          0         74         20
  170      83         25       2025         40          0        157         20
  171      67         80        420          0        150        258         10
  172      69         24        108        117          0        144         20
  173     139         70       9240       2162         30        201         20
  174      96         81         56         17        120        204         20
  175     144         18       1092      13908         60        147         20
  176     114         27      13557       1443          0        122         20
  177     130         44        237          0        120        229         10
  178      15          3        841       1915         30        187         20
  179      70        119       3059          0          0        148         10
  180     125         29       4183        151        450        535         20
  181      42         73        305          0        120        233         10
  182      18         22        690        281        150        232         20
  183     176         52       2360          0        300        472         10
  184     142         35        252          0        180        260         10
  185      54        104        126        152        120        258         20
  186      42         14       2710          0         90        230         10
  187      66        119       1551          0        150        227         10
  188      48         54       2908          0          0         67         10
  189      83        141       1653          0        150        252         10
  190     124        136        994          0         60        188         10
  191     179         61        227      14773         30        185         20
  192      66         63        237        665          0        160         20
  193      60        134         15          0        120        190         10
  194      34         68        320          0        120        232         10
  195      18         11       4858       2220        300        412         20
  196     185         56        943       2538        300        477         20
  197      80         48        156          0          0        141         10
  198     142         28      14988         12        150        244         20
  199      17        119        170       2379        150        279         20
  200     160        108         90        124         30        191         20
  201     192         88       4583       1308        120        231         20
  202     132        121        147          0        150        259         10
  203      91         84        464          0          0        127         10
  204      13         12       1157       1527          0        129         20
  205      25        117       5161       1943        330        486         20
  206      95         84       3079          0         90        213         10
  207     177         74       2400      11095        120        187         20
  208     131         44        310          0        120        188         10
  209     152        110       1356          0         90        230         10
  210      51        115         15       6725         60        187         20
  211      45         86       2250          0        330        433         10
  212     152        146        505          0         90        231         10
  213     125         88         46       2162        300        441         20
  214      33        131       2198        336        150        232         20
  215     121        120       1864          0          0        166         10
  216      56        103       1715          0         60        191         10
  217     101         97       3191          0         30        197         10
  218     120        116        786          0         90        184         10
  219       7        116         82       2516        150        227         20
  220      53         37       5955       2429        120        290         20
  221     191         97       4636          0          0        204         10
  222     126        132       1472        222         60        196         20
  223      17         36        298        746        150        250         20
  224     122         83       4009          0         60        228         10
  225     153         27       4494       1051          0        153         20
  226     120        109         22       1769         60        170         20
  227     102         27       6474       2134          0         95         20
  228      96        112         12        285        120        254         20
  229     164        107         48          0        180        280         10
  230     102        120       3112          0        210        291         10
  231     127        133        733          0          0        181         10
  232      70         76         19      11041          0        104         20
  233     158         33       1537          0         90        160         10
  234     132         43       7489          0          0        166         10
  235     134         55       1993       3211        150        296         20
  236      25        155       4785          0        390        528         10
  237     135         78      15000          0        300        404         10
  238      27         84         33      14967         30        165         20
  239     135        121       2524      12476        210        294         20
  240      39        156        179       3625          0        176         20
  241      69         22        101          0          0        143         10
  242      88        127       1988        553         60        149         20
  243      88         41       1275          0        120        221         10
  244      70         64        104       5643        300        427         20
  245      80         46       5532          0          0        136         10
  246      47        129        171          0         60        154         10
  247     194         97        122          0          0        214         10
  248      87          8        237          0          0         92         10
  249      48         83       1995      13005          0         99         20
  250      13        119        606          0        210        287         10
  251     148         32        768       1958        150        278         20
  252     132         33       6846       1613        360        460         20
  253      26         73       6403         37        300        478         20
  254      55         16        739          0        360        507         10
  255      86         81       2042          0        300        442         10
  256      34         74       2410          0        120        186         10
  257     172         39        150       2010         60        168         20
  258      74         93        290          0          0        111         10
  259      38         32       1886          0        420        520         10
  260      86        135      15000          0          0        164         10
  261     113         71       2990          0        180        265         10
  262      97         46         56       6099        120        244         20
  263     116         85         40          0        330        498         10
  264     120        129       7679       6372        180        276         20
  265      66         58       1700      13300        120        288         20
  266      86         77        357        986        180        260         20
  267      64         44        384       2694         30        124         20
  268      52        130      15000          0         60        222         10
  269      86         80        437        941         90        230         20
  270      91         70        763          0        120        218         10
  271      76         78         13       5049        180        287         20
  272      92         52       2272         40        120        236         20
  273      99         74       3110       1521        120        197         20
  274      67         39        178      13912        120        188         20
  275      81         81        604          0          0        135         10
  276      34        127       8560          0        300        454         10
  277      46         52       4362        227          0         80         20
  278      31         40      14657        343        330        433         20
  279      53         65        288        392        120        249         20
  280       1         19       7206          0        420        524         10
  281     141         58       4199       2130        360        473         20
  282      73         81        256          0          0        157         10
  283      43        122       6257          0         30        164         10
  284      87         93         77          0        120        281         10
  285     112        112       8742          0        420        526         10
  286     186         73         74          0         60        190         10
  287     106         82       1914          0        120        193         10
  288      66        109       4511          0        420        525         10
  289      30         54       1318          0          0        134         10
  290      30         38         14       9754        120        254         20
  291     163         99        102          0        120        257         10
  292     102        100       1673          0        120        249         10
  293     167        147       1644       1841        150        216         20
  294     180         58       3535         63          0        196         20
  295     158         71        370          0          0        169         10
  296      36        153        203        144        390        475         20
  297      85         77        259       1035          0        175         20
  298      78         65         89          0        120        287         10
  299     155         88        274          0        120        268         10
  300      47         51       1248          0        120        202         10
  301     174        119       1642          0        120        243         10
  302      88         63       5628          0        300        404         10
  303      51        134         14          0        120        275         10
  304      92         84       1940       2028        420        522         20
  305      56         64        170       5400         60        195         20
  306     127        122         14          0        120        266         10
  307     121         71       2620       5274          0        126         20
  308      32         83       1242       5845        120        219         20
  309     136         72       4622        182          0        150         20
  310      21         40       3810          0          0        140         10
  311      53         21       2094          0        120        230         10
  312     157         59        447          0          0        170         10
  313     100        101      10151       2654         60        201         20
  314     109         94       1512       2434         60        186         20
  315      34        147       1520       1641         60        171         20
  316     153        148       3786          0         60        219         10
  317      81          6       4267          0        150        255         10
  318      56         19       4992       2542          0        140         20
  319      22        129       4578          0        210        292         10
  320     112         75         74          0        300        435         10
  321     189        101        830          0        180        281         10
  322     107         70       6738          0        360        463         10
  323      97         84        101          0        120        278         10
  324     186         72         91       2136         60        206         20
  325      86         56       1879          0         90        194         10
  326      76         94        866          0         30        131         10
  327      12         55       1489          0        330        424         10
  328     107         98         82       5359         60        193         20
  329     185         98       2153          0         30        214         10
  330     120         33       9977          0        390        496         10
  331     158         24       8394        614        120        284         20
  332      68          2         26        174          0        145         20
  333      16         62         77       8312        120        241         20
  334      14         34        456          0        120        280         10
  335      63         90       1747       1114        150        223         20
  336     108         29       6317          0        420        527         10
  337     142         91       6861          0         90        256         10
  338      11         34       5652       3785          0         79         20
  339      99         80       8000          0          0        164         10
  340     106         54        218        169        180        243         20
  341     170        139       2300          0        180        263         10
  342      32        115       6757       1941        390        527         20
  343     172         43        183          0         90        186         10
  344      27        110        745       1298        120        193         20
  345      90         47       2146          0        120        281         10
  346     126        111       1629       9241        150        251         20
  347     148        128       2169          0          0        198         10
  348      51         80         62          0        150        227         10
  349      40        155        128         35        180        254         20
  350     123        124       6744          0        330        442         10
  351      35         26         19          0        120        224         10
  352     127        105       2583          0         90        247         10
  353     109        146       4850       6304         60        190         20
  354     111        131       1290          0          0        180         10
  355     106        103         17          0         60        194         10
  356      22        149       4211          0        450        521         10
  357     137        103       1733          0         30        170         10
  358      59         85        345        668         30        108         20
  359      34         67      10530        127        120        294         20
  360     124         96       1879          0          0        162         10
  361     135         37        820          0        120        284         10
  362      81         66       5003       7500        120        230         20
  363     127         52        301          0         30        156         10
  364      71         19         17        443          0        140         20
  365      66         86       3604          0         90        173         10
  366      25         72       2345       2128        150        294         20
  367     130         59       1572        688        120        212         20
  368     176         71       2484          0        120        274         10
  369     121         85        191        147        360        438         20
  370      76         76       5203         53          0        173         20
  371      10         51        117          0        150        296         10
  372     154         31        879        338        120        246         20
  373      88         71         70       1644        420        487         20
  374     176         59        200       2283        150        254         20
  375      84         78       2544          0         60        190         10
  376     195         59       1733          0         30        202         10
  377     113         37         38       1293          0        132         20
  378     117         42      12636          0        120        188         10
  379      66         71        920          0        210        274         10
  380     164         90        344      14656        120        186         20
  381     122         66       2433          0          0        148         10
  382      28         75        589          0        390        496         10
  383     182         66      10279          0        150        225         10
  384      38        113       2703         77          0        154         20
  385      15         81       3726       2012          0        103         20
  386      77         42        512          0        120        271         10
  387      41         79       1984       2822         90        197         20
  388      99        108       6709          0          0        142         10
  389     102         87         11        383        150        245         20
  390      87         73       2733         25        120        285         20
  391     120        149       3823       1756        300        392         20
  392       1         25         21       2013         30        188         20
  393     173         97       6144       4815        150        254         20
  394      26        126       3808       1708        180        277         20
  395     180         95         29          0        300        423         10
  396      78          6       2902       1882        120        196         20
  397     118         86         13          0        360        498         10
  398      95         91       1841       1378          0        166         20
  399     112        136      14399        334        390        523         20
  400      15         37       1254       5746        120        257         20
