400_93

CUSTOMER  VEHICLE
NUMBER	  NUMBER     CAPACITY    DispatchingCost
    400     500          40000       100

CUSTOMER
CUST NO.  XCOORD.   YCOORD.   DDEMAND   PDEMAND   READY TIME  DUE TIME   SERVICE TIME

    0      41         23          0          0          0        960          0
    1      32         73       3613       1893        360        487         20
    2     103        128       4840       1094        120        294         20
    3      84         66       3127          0        300        434         10
    4       3         94       4474          0        330        402         10
    5     115         90        276          0        120        259         10
    6     113         48       5758          0          0        122         10
    7      99         57        924          0        450        525         10
    8      71         81       2228       7966         30        173         20
    9      78         10        112          0        120        199         10
   10      69         51       4815       3808          0        119         20
   11      92         70       2000       2991        330        401         20
   12     111         35       3046        350        300        441         20
   13      27        127       6599          0        300        414         10
   14      73         56         10          0          0        134         10
   15     171         80        204        249         30        201         20
   16     109         98        382       5735         30        141         20
   17      59         14       5199       2975        120        282         20
   18      70         72       2975          0        120        253         10
   19     109         64       3963          0        300        428         10
   20     174         67        189         91        120        201         20
   21     120        103      13520        261        120        229         20
   22      83         85       4875          0         30        133         10
   23      31        101       5872          0        120        217         10
   24     134        122        950          0        120        295         10
   25     115         96      11435          0          0        160         10
   26     180         65        672         19        150        279         20
   27      86        102        615       2112        150        285         20
   28     100         23        730          0          0        133         10
   29      42        125       1366          0        390        531         10
   30      38         32       1886          0        420        520         10
   31     179         67        382       1583         60        193         20
   32     110         49      13648          0          0        111         10
   33     119         45       1008        697          0        129         20
   34     139         91       1580        714        150        260         20
   35     150         46      10588          0         60        199         10
   36       7         33       2495        190          0         98         20
   37     100        101      10151       2654         60        201         20
   38     184         71       5419       1364         60        201         20
   39      14         34        456          0        120        280         10
   40     186        107       1747          0          0        221         10
   41     199         87       1536        511        450        538         20
   42     111         25        700       1224          0        120         20
   43      95         38      10533          0        300        398         10
   44      34        149        924          0         30        163         10
   45      76         59       1014          0         60        225         10
   46      76         68        612        406        210        281         20
   47      52          0        487          0        120        228         10
   48      30        106       5649       9351         30        124         20
   49      68         86       1828          0        120        194         10
   50      54        104        126        152        120        258         20
   51     171         66       1122       7730         30        191         20
   52      96        112         12        285        120        254         20
   53     123         34        106         87          0        132         20
   54      91         95       1931        924         30        144         20
   55      21         23        210          0          0        167         10
   56      88         54       1037       7180          0        101         20
   57     174         99        805        140        180        246         20
   58      96         81       6831          0        120        198         10
   59     160        101       2010          0          0        176         10
   60      57         37       1885      13115          0        114         20
   61     164        107         48          0        180        280         10
   62     181         76       6564       2216          0        192         20
   63     103         56       4371       2547        300        475         20
   64      56         10        115       1992          0        135         20
   65      33        155       6212          0        390        519         10
   66     150         67        227          0          0        155         10
   67      42         73        305          0        120        233         10
   68     120        129        108          0        150        252         10
   69     148         94       7866          0        450        539         10
   70     130         46         72          0        120        263         10
   71      66        119       1551          0        150        227         10
   72     192         88       4583       1308        120        231         20
   73      59         54       4886       3022          0        163         20
   74      82          9      11160        222          0        127         20
   75       8         81       1748         91         60        162         20
   76      88         13         60       1333          0        126         20
   77     123         63       1669       1523         30        186         20
   78     169         76         21          0         30        185         10
   79      97         36       9156       2225          0        165         20
   80      76         94         44       1776         60        198         20
   81      25         72         97       1414         60        171         20
   82     188         66         84          0         30        196         10
   83     198         79       3403          0         60        222         10
   84     116         94        824       1815         30        203         20
   85      37         15       3805        746        420        522         20
   86      78         98       1310       2948         60        153         20
   87      16         10      11938        630        120        207         20
   88      34        142        432        389          0        171         20
   89     154         76        333       2490         60        226         20
   90     168        147       2530        147          0        222         20
   91      85         74       7744         73         90        252         20
   92      47        129        171          0         60        154         10
   93     151         49        118       1291        180        247         20
   94     125         88         46       2162        300        441         20
   95      44         51        240       1297        120        291         20
   96      28         74        178          0         30        198         10
   97      28         81       4333          0         30        135         10
   98      70         55        181          0          0        147         10
   99     119         15       2659          0        420        480         10
  100     163        111       1648       5955        120        258         20
  101     168        139         35        643        120        278         20
  102     195         84       2484          0         60        218         10
  103     107         77       3438       2076        150        220         20
  104      93         94        631       7181         60        138         20
  105      34         63       2827          0        300        400         10
  106     188         70       1509        857          0        195         20
  107     146        129        181       1118         30        189         20
  108     153        115       1744         97        120        275         20
  109      97        113       1510       3134         60        192         20
  110     103         95       5044       8107          0        150         20
  111      45        126      13180          0         90        167         10
  112     103         55       7407        148        120        197         20
  113      76         16       1247          0        120        222         10
  114     160         66        364        237        300        393         20
  115      42         14       1514          0          0        159         10
  116     120         85        615        452         90        220         20
  117     164         60       2060       2199        150        230         20
  118     197         58       2012          0          0        192         10
  119      28         10        181        583        120        276         20
  120      15         37         90       6257        180        253         20
  121      75        156        323         11         90        235         20
  122      55        116      10997        108         30        131         20
  123      20        116        977        107        150        222         20
  124     153        148         43      14957         60        217         20
  125       0          8       9866          0        120        278         10
  126      89         79        987         92         60        167         20
  127     148         32      10754       1881         30        164         20
  128     158         71       3592        231          0        160         20
  129      15         54         12        107        180        278         20
  130     198         85        594          0        120        288         10
  131     110         69       7646         29        300        400         20
  132      10         51        613        348        120        259         20
  133     152        146       3114       1844        120        205         20
  134      21         24       1893        322          0         66         20
  135      33        137       1169          9        150        263         20
  136      95         66         55        102        180        287         20
  137     200         68       2480          0        120        293         10
  138     101        111        110          0          0        143         10
  139     133        142       3803          0         60        185         10
  140     135         78       1444       5113        120        224         20
  141     115        114       2497       2138        150        280         20
  142      89         60       1136          0        420        513         10
  143     132         56        254      14746        360        501         20
  144     150        127        252        112         90        253         20
  145      33         69       8738          0        120        271         10
  146     139         25       1956          0          0        176         10
  147      66         71        920          0        210        274         10
  148      13         38       2296          0        150        274         10
  149     154         39       1879          0        300        404         10
  150      79        131       2905       4886        120        217         20
  151      69          1       3049          0        120        237         10
  152      38         68       3160          0        360        432         10
  153      41         73         30          0        300        443         10
  154      56         19         11          0        120        254         10
  155     111         85       2903          0        120        279         10
  156      47        141        257          0        300        408         10
  157     100         29       3137        668          0        114         20
  158     125         79       5792         22         30        167         20
  159      28        139       2579          0         60        155         10
  160      32        115       6757       1941        390        527         20
  161     117         42      12636          0        120        188         10
  162      72         92       1613          0        150        298         10
  163      28         34         85          0          0        132         10
  164     153        122      15000          0        210        288         10
  165      97         84        101          0        120        278         10
  166     123         53        829       9903        180        246         20
  167      56         80        470          0         90        225         10
  168     152         87       2636          0         60        186         10
  169      77         55        280       1511          0        110         20
  170     132         36         13       2630         90        182         20
  171     122         83       2054          0        180        253         10
  172      31          4       2093          0        120        275         10
  173      53        153         46          0         90        175         10
  174      73        157        383          0        300        456         10
  175      77         44       4579       3422        120        285         20
  176     132        151         46          0         30        204         10
  177      73         81         86        312        150        293         20
  178     134         34        299        201          0        142         20
  179     136         69       1344        232        330        472         20
  180      62        154       5309          0        180        273         10
  181      60        151       1891          0        210        281         10
  182      53        120      13142       1858          0        170         20
  183     105         81         58          0        120        290         10
  184      41         23       1777          0        120        288         10
  185      58          2        272        167        120        198         20
  186     135         37        820          0        120        284         10
  187     142        136       2434        856        180        240         20
  188     139         66       7243       6474        300        410         20
  189      76         44        234       1582        120        250         20
  190      21         78      12793       2207        120        225         20
  191     119         98         19          0        120        243         10
  192     103         96         36          0         90        165         10
  193      23         93       3399          0         60        129         10
  194     143        102       8871       6129        120        259         20
  195     185         98       2153          0         30        214         10
  196      50         85       1874          0         60        198         10
  197      51         47        233          0          0        102         10
  198     142        126        968         17         30        179         20
  199      21         80       1559        450        420        514         20
  200      95         91       1841       1378          0        166         20
  201      80         11      15000          0          0         73         10
  202      75        130        263          0         60        165         10
  203     131        123        786       5873         30        190         20
  204      83         86         89          0         90        182         10
  205      92        120       2713          0        150        226         10
  206      59        106       8684          0         60        231         10
  207      26        127        117       1919        330        435         20
  208     102         27       6474       2134          0         95         20
  209     142         91       6861          0         90        256         10
  210      98        122       2150          0        330        463         10
  211      38         96        576        433        180        244         20
  212      29        114      11268          0          0        149         10
  213     174        119       2449       2204        120        215         20
  214      52         28        291       1842          0        103         20
  215      95         87         33          0         30        133         10
  216      44         71       3765         96        150        249         20
  217     147         94       1976          0        120        251         10
  218      92         84       1940       2028        420        522         20
  219      80        117       1938          0        150        247         10
  220      79        130       1720          0        120        191         10
  221      52         62       1715       3401          0        108         20
  222      34         49         84         22          0         96         20
  223      76         76       5203         53          0        173         20
  224      95         84       3079          0         90        213         10
  225      66         63        418          0        150        221         10
  226     137         70        260       5735          0        151         20
  227     107         70        222          0         60        140         10
  228     173         97        683          0        180        293         10
  229     118         86         13          0        360        498         10
  230      41         74        113         41         30         99         20
  231     173         43       2819          0         90        172         10
  232     104         68         23       1460        120        292         20
  233     144         54       5306          0          0        146         10
  234      90         47       2146          0        120        281         10
  235      42        127       6038       8962        360        528         20
  236      85         83       6623          0          0        111         10
  237      38        113       2703         77          0        154         20
  238      57        142       9688         26         90        170         20
  239      48         74       3945          0          0        110         10
  240     181         42        294          0         60        204         10
  241      60        122        249       3793         60        219         20
  242      55        102         15          0          0        129         10
  243     115         64         92          0        150        252         10
  244      21         40       3810          0          0        140         10
  245     186        106       9756          0        120        221         10
  246     127        133        733          0          0        181         10
  247     101         81         40        319        120        263         20
  248      14        122       9250          0         90        232         10
  249     170         36       1810         20         60        184         20
  250     180         95         29          0        300        423         10
  251      36        106         73          0         60        140         10
  252      48         47         97          0          0        132         10
  253      10         15       1552          0          0        100         10
  254      16          6        552       5947        120        219         20
  255      17         89       1542         38        120        289         20
  256     112         74        350          0         60        182         10
  257      86         80        127        211         30        172         20
  258     160         77       1715          0          0        183         10
  259      57          0       4103        156        120        247         20
  260      86         86         86          0        180        250         10
  261     185         59       3400       5639        120        206         20
  262      35         23         16          0          0        114         10
  263      80          5         70          0        150        276         10
  264     151        109        891          0         60        201         10
  265     105         62       2193          0        150        234         10
  266      76         31        206      14794          0        166         20
  267      45        147         86       1572         60        228         20
  268      70        125       1563        238         90        172         20
  269      61         31       3879         69        120        288         20
  270      89         57        156         83         60        141         20
  271     137        103       2176       7889        150        249         20
  272     172         43        183          0         90        186         10
  273     194         65         76          0        180        284         10
  274      77         20       1976       8108          0        167         20
  275     135         51        172         41        120        247         20
  276      71         91       5401       1945          0        140         20
  277     121        147       6372       1923        150        256         20
  278     149         29       8095          0          0        151         10
  279     146        141         94       2659         60        199         20
  280     120        116        786          0         90        184         10
  281      39        107        542       9983          0        161         20
  282      80         70       2014          0        120        276         10
  283     122         66       3521          0         90        246         10
  284     122        109         11          0         30        166         10
  285      99        113        134          0         60        156         10
  286     198         93       5805          0        360        531         10
  287      80         48        156          0          0        141         10
  288     139         18         43       2453        120        190         20
  289     146        130       1611          0        180        278         10
  290     170         65        288          0         60        226         10
  291     119        140       1919       4387        360        499         20
  292      96         36         74          0        120        220         10
  293      96         79       1186       1959         60        167         20
  294      19         13        108          0         90        247         10
  295      28        122        563          0          0        135         10
  296      69         21       2988         37        120        196         20
  297     106        125       3447          0         60        153         10
  298     144        128        172        300        300        396         20
  299      25        155       3138          0        120        252         10
  300     163         22        272        788        120        243         20
  301      57         70       3068          0        120        217         10
  302     129         71       1103          0        360        501         10
  303      22         15       1910          0        120        219         10
  304      60         13        324          0          0        103         10
  305      30         45         17       1526        150        277         20
  306     102         78       8295          0        120        222         10
  307      57         29       9626          0        120        190         10
  308     116         49      14757          0        300        440         10
  309      63         52        656          0        150        284         10
  310      32         83         84        564          0        134         20
  311     176         47       5280          0         90        196         10
  312     140        109         60          0         90        199         10
  313      81         11       1757          0        330        456         10
  314      98         46        101      14899          0         92         20
  315     144         86       6707       6109        120        228         20
  316     142         31       1749          0          0        146         10
  317     106         85        844          0         60        169         10
  318     117        145       1686          0        180        294         10
  319     166         88      10500          0          0        197         10
  320      86         67       6081          0        420        528         10
  321     100         67      12718          0          0        141         10
  322     120        149       3823       1756        300        392         20
  323      55         67        252         43          0        112         20
  324      45         61       1970        147        120        198         20
  325     144         34       2376       1927        360        436         20
  326      98         10       1801       7044        120        258         20
  327     117        100       1616       5146        150        285         20
  328     197         87        781       2435        300        467         20
  329       2         17        257          0        120        250         10
  330      23        141       2280          0        150        231         10
  331     138        106       3816       2415         90        163         20
  332      49         84       1083          0         60        138         10
  333     100         73         96          0        150        256         10
  334     136         72       5681        483        360        525         20
  335     186         74      10924          0        300        457         10
  336      20        145        101          0          0        177         10
  337     140        104        856        542        150        230         20
  338      34        147        233          0        120        212         10
  339     135         26       2810       1097        390        452         20
  340      99         37       1069          0          0        100         10
  341     168        140        643          0        360        454         10
  342      65         82       2552          0         90        170         10
  343      69        134       1438         28         90        203         20
  344     141         45       1895          0        120        261         10
  345      99        144       1870        142         60        171         20
  346     114         19         67          0         30        138         10
  347     176         70        576          0        360        443         10
  348     105         68        177        145         30        143         20
  349      87         69        696       8189        150        256         20
  350     121         81         92          0         60        173         10
  351      90         73         89          0          0        134         10
  352      62         76       9568          0        300        429         10
  353     168        109       3646          0         60        190         10
  354     132        144       2415       2478        120        266         20
  355      66         86       3604          0         90        173         10
  356      49        148        772          0          0        161         10
  357     119         55       1464          0         30        165         10
  358     186         73       2487        847         90        194         20
  359      30         38         14       9754        120        254         20
  360      40        149       1451       3623          0        182         20
  361      34        106        384        417          0        148         20
  362     164         90      12955       2045        300        399         20
  363      52         10       3033          0        300        425         10
  364      85         45        667          0        120        203         10
  365      67         91       2857       4092         30        203         20
  366      45         78        146          0         90        165         10
  367     106         83       5186          0        300        442         10
  368      80        139        255          0         90        196         10
  369      31         40      14657        343        330        433         20
  370      11         17       2253        197          0        131         20
  371      81         23      15000          0        330        401         10
  372      98         53       1297          0          0        172         10
  373      70         51       7914         34        300        437         20
  374      18         37       1460        890        120        218         20
  375     108         42       1538       3504        120        271         20
  376     112         75         24       2024          0        129         20
  377     111         87         10       1976        180        263         20
  378     161        117        282          0        120        219         10
  379     147         61       1269          0        420        495         10
  380      37        123       1210          0         30        163         10
  381      18         22       2684          0          0        102         10
  382      79        119        274          0        210        284         10
  383     159         75       7375          0        330        468         10
  384     121         45        684          0          0        118         10
  385      55         65       4554          0         30        168         10
  386      87        113       1519          0         90        169         10
  387      60        118       7904       5162         60        141         20
  388     193         91       1440       5669        150        225         20
  389      29        110       1016         30         60        157         20
  390      14         39       9754          0        330        465         10
  391     106         84        841       1474         60        133         20
  392     137         38        404       1879        120        217         20
  393       7        116        147       1749        120        281         20
  394      43         16        992       1009        120        292         20
  395     163         99       6623         76          0        186         20
  396     163         29       4002          0        150        229         10
  397      73         89       1815       1071        210        282         20
  398      85        102       2066        249         60        202         20
  399     119         33        108         80        150        220         20
  400     109         65      15000          0          0        118         10
