400_6

CUSTOMER  VEHICLE
NUMBER	  NUMBER     CAPACITY    DispatchingCost
    400     500          40000       100

CUSTOMER
CUST NO.  XCOORD.   YCOORD.   DDEMAND   PDEMAND   READY TIME  DUE TIME   SERVICE TIME

    0      41         23          0          0          0        960          0
    1      34        106        384        417          0        148         20
    2      64         71        840       3155        300        416         20
    3       4         23       1989          0        150        244         10
    4      83         79       1076          0        120        243         10
    5     101        111       4531       2816        120        277         20
    6      42         52       1802          0          0        145         10
    7     132         44       1508          0         60        221         10
    8      31        128        343          0        150        251         10
    9     132         36         13       2630         90        182         20
   10      63        150         15       1030        330        403         20
   11     100         65       3415          0          0        128         10
   12      76         59       1014          0         60        225         10
   13     149        141        222       6827        180        297         20
   14     163        118       1518        345        150        220         20
   15      44         71       3765         96        150        249         20
   16     132         56       3585          0        120        215         10
   17      67         87       1522        122        120        225         20
   18     121         81         92          0         60        173         10
   19      40         29        124          0          0        175         10
   20      59        106       1712          0          0        136         10
   21      60        122        249       3793         60        219         20
   22     183         89        248          0          0        193         10
   23      35         26         19          0        120        224         10
   24     169         82        150         17        120        225         20
   25      27         76        563       7334          0        108         20
   26      52        152       3862          0        180        245         10
   27      26        127        117       1919        330        435         20
   28     173         62         44       5374        180        285         20
   29     132        136       5071          0        360        528         10
   30     152         91       3809       2159          0        175         20
   31     111         67       3489        829        120        236         20
   32      30        117       1507          0         60        160         10
   33     137         93       5834          0        300        462         10
   34     133         70        282      14718          0        151         20
   35     182         66      10279          0        150        225         10
   36      57        145        202       3076          0        168         20
   37      57         45        202        137        120        186         20
   38     143         66         95       1872         60        148         20
   39     186         73       2487        847         90        194         20
   40      96         87       1842        147        450        527         20
   41      55         60       2170          0        150        232         10
   42     151         22       3910          0          0        168         10
   43     169        146       7197          0        360        435         10
   44      74         63       2340       8107        120        225         20
   45      51        134         14          0        120        275         10
   46     158         74        345       1149        150        275         20
   47      56        103        152       9040          0        124         20
   48     176        111       1654          0         90        220         10
   49     112        138      14049        878         90        173         20
   50     162         96       1169       6106        210        278         20
   51      83         64        104         25        120        287         20
   52      65         32        147         49        120        201         20
   53      72          3       5874       5907        120        259         20
   54     101        117        637       2111         60        233         20
   55     174         99        805        140        180        246         20
   56       8         10        216       2069        150        286         20
   57      15        118       1205          0        330        404         10
   58     140        104         98          0         90        171         10
   59      17        126         84          0         30        150         10
   60      68         73      10273       4727          0        101         20
   61      78          7       1618          0         30        115         10
   62      39         48       2016        286        300        401         20
   63      52         63       2572          0         90        232         10
   64     177         47       2378        271        450        516         20
   65     115         90       8548         88        150        286         20
   66     120        116       7832          0          0        178         10
   67      21         98       3613       6345        120        220         20
   68     195         99        192          0         60        213         10
   69      85         71        857       3492         30        142         20
   70      49         88       1526       1790         90        228         20
   71      32          5        585          0        120        246         10
   72      91         55         90        839          0        158         20
   73      15         37       1254       5746        120        257         20
   74      85         75        110          0          0        115         10
   75      53         37       1685        404        360        499         20
   76      65        100       1629       8279        120        220         20
   77     106         66         82       1254         30        183         20
   78      37         72       1536          0         30        201         10
   79      30         45      12886          0        420        492         10
   80     105         41       4551       1073          0        169         20
   81      71        131        146        655         90        198         20
   82      99         54       2078          0          0        135         10
   83      25         72       2345       2128        150        294         20
   84      34         68        320          0        120        232         10
   85      93         68       2220          0        120        273         10
   86      35        124       6109        251          0        146         20
   87      75         90       3133       1153        390        472         20
   88      53         17         58          0        120        222         10
   89      96         68       1183        233         30        191         20
   90     148         30       5837       1870         90        163         20
   91      34        124         90         22         30        146         20
   92     194         60       6296        390         60        206         20
   93     119         64      13401          0        360        459         10
   94     102         75       2796          0        210        287         10
   95      66        117      10176        845          0        175         20
   96     148         94       7866          0        450        539         10
   97     175         51       9905        298        300        435         20
   98     112         75       5947          0        390        471         10
   99      15         41       2076          0        120        262         10
  100     179         61        227      14773         30        185         20
  101     100         19       9275       4376        420        523         20
  102     131         32       5051        306          0        134         20
  103     151         77       4561       1854         90        228         20
  104     170        137         53          0         60        216         10
  105      48        138        563          0        180        260         10
  106     142        136       2434        856        180        240         20
  107      88         72      14867        133        150        244         20
  108      41         73         30          0        300        443         10
  109      58         79       2086       1894        360        458         20
  110      47         51       2207       5899         30        115         20
  111     130         68        149          0         30        156         10
  112     117        152        102       6373        210        283         20
  113      50        123        657          0        150        296         10
  114     101         20        428       1271        120        184         20
  115      60         79       4537       1655        300        430         20
  116     122         77        442        345        120        188         20
  117      74         93        290          0          0        111         10
  118      31        101       5872          0        120        217         10
  119     177        112        280        193          0        200         20
  120     137         37       2291          0          0        132         10
  121     160         37       2511          0         60        153         10
  122      31         76       1011        179        330        426         20
  123      46         18       1403          0          0        159         10
  124      27         84       1142       3496          0        125         20
  125      55         91       4855          0        120        235         10
  126     155         27        325          0         60        164         10
  127      62         56         21          0          0        155         10
  128      74        121        458          0         60        167         10
  129     148         32      10754       1881         30        164         20
  130      86         76        236        288         90        231         20
  131      61         76       6572          0         30        164         10
  132      47        137        248        413        150        245         20
  133     117        100         13          0         30        160         10
  134      30         54       1177        525        120        290         20
  135     139        107        481          0        120        230         10
  136     191         97         40        691        180        290         20
  137       3         90       6679       2977          0        141         20
  138      59         85        345        668         30        108         20
  139      76         78       1637       4697         30        108         20
  140      20        119       9298          0        120        206         10
  141     117         42       1478        505          0        131         20
  142     104         70        279       2024        120        183         20
  143      50         85       1874          0         60        198         10
  144      67         96       1792         81          0        128         20
  145     161         95        238         61        120        215         20
  146      42         23       1844       1205        120        218         20
  147     196         74       1716       1860        120        211         20
  148     137        103       2176       7889        150        249         20
  149      71        107       3481          0         30        188         10
  150     131         18       2262          0         30        158         10
  151     186         83         22       9806          0        202         20
  152      35        109       2089          0        120        225         10
  153      52         10         94         97        120        287         20
  154      73        113        524       3301        180        286         20
  155      27        110       4283       4190        390        472         20
  156      38         73       1018        562        150        294         20
  157      25         52       2409          0        120        276         10
  158      66        119       1551          0        150        227         10
  159      64         90         81          0        360        493         10
  160      51          1       1367          0          0        130         10
  161     198         67       1886          0         30        195         10
  162      51        114       1974       1723        300        401         20
  163     173         97        683          0        180        293         10
  164      64        119        381        180          0        148         20
  165     104         81       4870        938         90        260         20
  166     127         37       5281        270          0        138         20
  167      73         96        423          0        120        197         10
  168      36        146        280       3622         60        189         20
  169      52          0        487          0        120        228         10
  170     121        143       4376          0        330        471         10
  171      20         39       2089       5003        150        253         20
  172      44         48       1146        110        390        471         20
  173     142         35        252          0        180        260         10
  174      51        115         15       6725         60        187         20
  175     123         67       3124       2437         60        203         20
  176      46        113       3136          0         60        219         10
  177      60         43        136          0        120        193         10
  178     133        123      11040         38        120        225         20
  179      76         94         44       1776         60        198         20
  180      27         46       1424          0          0         86         10
  181     103         96         36          0         90        165         10
  182      40        133       1587       5873         60        158         20
  183     126        106         31       1157          0        159         20
  184      55         47       1285        100        390        490         20
  185     121        120       1864          0          0        166         10
  186     170         81       3004      10698         60        191         20
  187     106         55       1939          0          0        108         10
  188     123         72      10147          0        300        412         10
  189     143         31         67          0        210        278         10
  190     131         51       1750          0         90        263         10
  191       7        117         16      10588         60        175         20
  192      34         79       2759          0         90        263         10
  193      46        128       1153       1000        360        522         20
  194      65         12       3769          0          0         80         10
  195       7         33       2495        190          0         98         20
  196     116         49       3116       4606         30        172         20
  197     194         94       1959          0        360        456         10
  198     156         67       9316       1976         60        164         20
  199     155        145        238          0         60        233         10
  200     100         78        126          0        120        193         10
  201      15          3        841       1915         30        187         20
  202      73         55      14262          0        120        289         10
  203       6         49        350       2338          0         84         20
  204     106         84       3643          0        150        289         10
  205     130         59        339       1307        180        294         20
  206     120        117       2765          0         30        158         10
  207      79         16      14945         55          0        154         20
  208     163         22       5394         85          0        176         20
  209     126        133       1838          0        330        431         10
  210     101         85       1800          0          0        127         10
  211     132        144       4836        131        300        401         20
  212     166         83       2535        376          0        189         20
  213     192         88         85          0        180        287         10
  214      88         67         86          0          0         98         10
  215     176         77       5595          0        120        189         10
  216     164         76       6937       8000         30        189         20
  217      61        103       2360       8296        180        274         20
  218     167         35         91        384          0        172         20
  219      76        127      10466       2582        120        187         20
  220     114         80        646          0        150        224         10
  221      86         77        357        986        180        260         20
  222     190         58        154       2544         30        204         20
  223      33        113        106       7832        120        190         20
  224     103        128       4840       1094        120        294         20
  225     154         31        178       7866        180        251         20
  226      53         70        502          0         60        153         10
  227      76         31        364          0        330        409         10
  228      29         31        135          0          0         88         10
  229     164         73        887        104        150        229         20
  230      60         60        208        908        120        192         20
  231     127        105       2583          0         90        247         10
  232     127        122         14          0        120        266         10
  233      64         40        280          0          0         77         10
  234      10         48         25         20        120        230         20
  235     131         17        190          0          0        154         10
  236      85         76      13438          0        300        434         10
  237      83         99        222          0         30        190         10
  238      63         52        656          0        150        284         10
  239     107         98         82       5359         60        193         20
  240     109         64       2869         98         90        217         20
  241     119         15       4175       4102         30        159         20
  242      61         30         40          0        120        292         10
  243      82         99        454       5804        180        275         20
  244      48        151       1789         40        330        460         20
  245      85         77        259       1035          0        175         20
  246     121        147       6372       1923        150        256         20
  247      65         86         98          0        150        229         10
  248      48         74       4997          0        360        489         10
  249      17         18       3480          0          0        104         10
  250     130        148       1951          0        330        432         10
  251      48        129       2502        151          0        169         20
  252      39        139        147         13          0        163         20
  253     160        118       6111       1029         90        224         20
  254     170         36       1810         20         60        184         20
  255     122         66       2433          0          0        148         10
  256      14        122       9250          0         90        232         10
  257     150        127       3450         58         90        181         20
  258      90         16       8545       2763        330        491         20
  259     191         51       3545          0          0        204         10
  260      16         81       2208          0         30        190         10
  261     153        148         43      14957         60        217         20
  262     176         71       2484          0        120        274         10
  263     191        100       3104          0        150        215         10
  264      59         54       4886       3022          0        163         20
  265     129         71       7335          0        180        265         10
  266     136         72       1950         36        120        293         20
  267     104         68         23       1460        120        292         20
  268      50         64       2911          0          0        109         10
  269      25        117      14638        287          0        134         20
  270     200         68       2537         42          0        220         20
  271      99         56       4284          0         60        165         10
  272     123         47       8172          0        360        470         10
  273      30        106         40      11057        180        280         20
  274     120         78         82         76         60        144         20
  275     155         55        178          0        150        248         10
  276     186         72         91       2136         60        206         20
  277      38         31       1285       1542        120        279         20
  278     141        142       8313          0          0        206         10
  279      27        127       1363       1951         60        162         20
  280      63        111        378          0         90        262         10
  281       8         46       1713          0        180        266         10
  282      97         24       2089          0        120        250         10
  283     122        128       3545       1686        300        399         20
  284      71        129         13        101        120        184         20
  285     135         23        213       3093        360        519         20
  286     126         72       7182          0        390        537         10
  287     106         81         47          0        150        218         10
  288     154         27       2820          0         30        145         10
  289      17         89       1542         38        120        289         20
  290     123         66       3302          0         60        224         10
  291     188         95       1525         75        150        291         20
  292     102         87         11        383        150        245         20
  293     160        117         82        290         30        183         20
  294     172         77        358          0         60        193         10
  295      21          7       1773       4886        120        222         20
  296     120         62      15000          0          0        143         10
  297      85         83        263          0          0        127         10
  298     173         95       3140       2399          0        199         20
  299     148         92       1711          0          0        173         10
  300      22         92         22        356          0        118         20
  301      64         12       2020          0          0         84         10
  302      97         86        559          0         30        147         10
  303      65         57       1104          0          0         75         10
  304     120         85        615        452         90        220         20
  305      95         87       2218       4579         60        171         20
  306      75        156        695       5746         60        199         20
  307      88         73       2290       7406          0        142         20
  308     186        107       2703       5379         90        246         20
  309      58         21       1892          0          0        135         10
  310     148        126       1719          0          0        199         10
  311     149         80        984          0         90        235         10
  312      11         47       6799          0        120        288         10
  313      55        102         15          0          0        129         10
  314      83        141       1653          0        150        252         10
  315      82          8        280          0          0        133         10
  316      98         46      15000          0        120        277         10
  317     155         74        180          0          0        170         10
  318      13          8       1062          0        120        288         10
  319      96        112        291          0         60        234         10
  320     179         72       1473        197         90        224         20
  321      41         79       1984       2822         90        197         20
  322      74         95       1290        123         30        163         20
  323     160         56      13442       1558         90        220         20
  324      49         84       1083          0         60        138         10
  325     148        128       1544       1286         30        200         20
  326      84         66        450          0        180        273         10
  327      82          7        160       5421        360        526         20
  328      33         20        720          0          0        168         10
  329      60         49       5316          0          0         81         10
  330      48         46       1206          0        330        504         10
  331     181         42       4565       2636          0        180         20
  332     119         55       3884          0          0        135         10
  333      35         97        196          0         90        170         10
  334     142         28       3591          0        420        531         10
  335       6         26        103        338         30        167         20
  336     117         97        345          0         60        189         10
  337     109        146       4850       6304         60        190         20
  338      90        102       3642          0        390        518         10
  339     180         65       1322          0         90        232         10
  340      30         42       1110          0        120        220         10
  341     142         91        108       4191        120        287         20
  342      76         87       6305          0        450        525         10
  343     135        136        303          0          0        197         10
  344      79        101       4006        199         60        144         20
  345      79        131        170          0         30        158         10
  346     108         38       1775          0         30        193         10
  347      60         64       1366       6937        120        254         20
  348      92         52       2272         40        120        236         20
  349      80         70       2014          0        120        276         10
  350     139         33      12751          0        330        491         10
  351     140         66         72        298          0        154         20
  352     160         74       8312          0         60        171         10
  353     154        131       5120          0          0        201         10
  354     194         82       2787       2387         30        203         20
  355      55        116      10997        108         30        131         20
  356      91         84       3872          0         60        158         10
  357      94         69        107          0        150        254         10
  358      21         80       1559        450        420        514         20
  359      16         10      10906       4094         30        169         20
  360      11         17       2253        197          0        131         20
  361      77          6       2198          0          0        100         10
  362      86        135      15000          0          0        164         10
  363      38         96       3676       2220        330        499         20
  364       0          8       9866          0        120        278         10
  365      10         51        613        348        120        259         20
  366     152         75       1838       1919        120        224         20
  367     102         27         33       2085          0         98         20
  368      57         91        748          0        120        257         10
  369      34         61       7125          0        300        408         10
  370      21         41       7170          0          0        102         10
  371      26        126       1513          0        360        522         10
  372     112         36         58          0          0        143         10
  373     109        122        320          0         30        205         10
  374      92         70       5901          0        180        280         10
  375      97        113       1510       3134         60        192         20
  376     169        111        290          0        150        221         10
  377      56         64        170       5400         60        195         20
  378     141         58       4199       2130        360        473         20
  379       5         20       1230       6346        120        212         20
  380      28        120       8107          0         60        174         10
  381      23        102        617       2432        390        464         20
  382     111         25       1110          0        120        236         10
  383      43         16       3023        129        120        231         20
  384      53         38       1377        666        450        529         20
  385      96         81         56         17        120        204         20
  386     123        124       6744          0        330        442         10
  387      74         92       1473       3547        120        246         20
  388      33         69       8738          0        120        271         10
  389     122         30       1332        207         30        154         20
  390      82        107       2525        182         60        195         20
  391      53         21       1800          0          0        105         10
  392      96        118        111          0         30        172         10
  393      38         68      15000          0        120        255         10
  394     116         94        181          0        120        203         10
  395     114         49        628       1895          0        131         20
  396      61         63        183          0         30        140         10
  397      54        130       4493        879        180        286         20
  398     128         71         92          0        120        292         10
  399      78         10       8007          0        120        252         10
  400     168         96       2000        101          0        192         20
