400_109

CUSTOMER  VEHICLE
NUMBER	  NUMBER     CAPACITY    DispatchingCost
    400     500          40000       100

CUSTOMER
CUST NO.  XCOORD.   YCOORD.   DDEMAND   PDEMAND   READY TIME  DUE TIME   SERVICE TIME

    0      41         23          0          0          0        960          0
    1     116        147         93        425        300        398         20
    2      83         74       1537          0         60        231         10
    3     101        117        637       2111         60        233         20
    4     167        147        140         87         60        233         20
    5      85        102      11109          0          0        122         10
    6     101         85       1800          0          0        127         10
    7     144         54       5306          0          0        146         10
    8      38        141        250       1250         60        199         20
    9      48         74       4997          0        360        489         10
   10      23        118       6397          0         60        201         10
   11      78          6       6345       6106        120        248         20
   12      41         79       1984       2822         90        197         20
   13      62         56         21          0          0        155         10
   14      74         63        354          0        210        277         10
   15     187         93        703          0        120        225         10
   16     114         77       2484          0        180        260         10
   17     116         49       3116       4606         30        172         20
   18     106         82       1920       3037          0        161         20
   19     134        130       2799       3850        120        274         20
   20     196         74       3743          0        210        292         10
   21      26        126       1513          0        360        522         10
   22     107         61        197          0         90        251         10
   23      79         16        706       6211        360        441         20
   24     107         21        876          0        120        285         10
   25      66        119       1551          0        150        227         10
   26     160         92        750       2077         60        218         20
   27     172         77      11057       1016        300        402         20
   28      57          0       4103        156        120        247         20
   29      82         85      15000          0        120        227         10
   30     152        146        505          0         90        231         10
   31     176        112       3983       1777         60        201         20
   32      65         57       1104          0          0         75         10
   33     101         97         17         91          0        133         20
   34     142         35        252          0        180        260         10
   35      48          5        806       2334          0        142         20
   36     158         24       8394        614        120        284         20
   37      95         66        265          0          0        149         10
   38     104         39        228          0          0        130         10
   39     109         75       5146          0         60        170         10
   40     111         85       2903          0        120        279         10
   41     109         94       1512       2434         60        186         20
   42     135         23        213       3093        360        519         20
   43      77         42       7692       2905        360        445         20
   44     169         76       4559         30        150        249         20
   45      99         74       3110       1521        120        197         20
   46     154         76       5420          0        180        283         10
   47      53         17       4330          0          0         77         10
   48      94        118       2191          0        180        250         10
   49      77        132       2764          0        120        257         10
   50     121         85        191        147        360        438         20
   51     148        126       1719          0          0        199         10
   52     146        132       6216          0        180        260         10
   53      56        102        780         34        420        502         20
   54      87         63       4966       2305        300        432         20
   55     100         19        427       5297        120        227         20
   56       0          8       2947         34        180        294         20
   57     179        114       1724          0         30        220         10
   58     115         90       8548         88        150        286         20
   59      84         56        147       1751          0        135         20
   60      18         22        690        281        150        232         20
   61      65         82       2587        500        120        188         20
   62      49        148        772          0          0        161         10
   63      90         28        374      14626        300        434         20
   64     169        146       7197          0        360        435         10
   65      68          2         26        174          0        145         20
   66      47         51       2207       5899         30        115         20
   67     192         64      11845          0        420        535         10
   68      78         98        462       2331         90        237         20
   69     179         48        908        433          0        183         20
   70      95         18        146       1667         30        129         20
   71     142         31       1380          0         60        168         10
   72      84         75         36       4537        360        525         20
   73      68         73      10273       4727          0        101         20
   74      70         72       2362        180          0        108         20
   75     170         82       4985          0        120        219         10
   76     132         62        422          0        120        291         10
   77      31        107        326       1156         30        201         20
   78      53         37       5955       2429        120        290         20
   79      71        130        142          0        120        235         10
   80     188         66         84          0         30        196         10
   81      74         95       1290        123         30        163         20
   82     168        109       3646          0         60        190         10
   83      42         23       1844       1205        120        218         20
   84     135         29       2789       1610         30        155         20
   85      84         85        648          0          0        141         10
   86     151        120       2582          0        300        443         10
   87     106         55       4592          0        120        293         10
   88      90        119       1869       9807        360        431         20
   89      73        111        437      14563        330        453         20
   90      66        150        152       3714        450        521         20
   91     190         58       1529          0          0        199         10
   92     160         74       8312          0         60        171         10
   93      98         46      15000          0        120        277         10
   94     172        108         11       7575        120        286         20
   95     141         70        269         12        330        458         20
   96      74         85       1824       1068        360        443         20
   97      73         89         54          0         90        258         10
   98     121         91        476          0        150        263         10
   99     158         71       3592        231          0        160         20
  100     186        107       2703       5379         90        246         20
  101     186        106         84          0        120        211         10
  102      68         94       2410        333         60        164         20
  103      27         24       3402       1828          0        136         20
  104     166         28      11551        984         30        194         20
  105     102         67       1641         27         60        152         20
  106     122         30       1750         48        120        247         20
  107      43        136      12933          0        390        500         10
  108     172        113       2392          0         30        196         10
  109      56         49         44          0          0         94         10
  110     198         67         52          0          0        199         10
  111      52         92       3688          0        150        259         10
  112      91        122        228          0         60        190         10
  113      60         64       1366       6937        120        254         20
  114      27        110        745       1298        120        193         20
  115      57        145        402          0         60        234         10
  116      56        114        587       1940          0        136         20
  117      34         68        320          0        120        232         10
  118     121         66       2147          0          0        167         10
  119      52         28        291       1842          0        103         20
  120     140        133       2982      10695         60        203         20
  121      90         47      14522          0          0        106         10
  122      33        155       6212          0        390        519         10
  123     103        127       4593       2410         60        157         20
  124      93         68       2220          0        120        273         10
  125     112        138      13644       1356        120        250         20
  126      46         18        392          0          0        105         10
  127       7        117        610        100         60        189         20
  128     167         94         86          0        120        186         10
  129       5         36       1095          0          0        143         10
  130     146        129        181       1118         30        189         20
  131     108        151      15000          0        300        395         10
  132     172         43        183          0         90        186         10
  133      28         14        537          0        120        194         10
  134     156         67         12       7501         90        203         20
  135     106         96        379       2490         90        198         20
  136      48         47       2496       5873        210        279         20
  137     128         72      13201       1799        210        287         20
  138      42        125       1889          0        120        194         10
  139     155         74        180          0          0        170         10
  140      86         52       1738          0          0        130         10
  141      34         74       2410          0        120        186         10
  142      23         35        164          0          0        164         10
  143     105        126        525          0         60        171         10
  144      89         60       1136          0        420        513         10
  145     114         19         67          0         30        138         10
  146     145         38         40          0         30        156         10
  147      51         80         35          0         90        216         10
  148     163         29       4002          0        150        229         10
  149      39         48       2016        286        300        401         20
  150     134        122       1104          0        150        279         10
  151       8         10        216       2069        150        286         20
  152      89         56       1257          0         30        139         10
  153     146         56        260          0         30        161         10
  154     126        106         31       1157          0        159         20
  155     146         40       1068       5200        120        237         20
  156      85         74       3146        252        150        233         20
  157     164         76         51        577        180        251         20
  158      74         93        290          0          0        111         10
  159      58         79       2086       1894        360        458         20
  160     167         57       3868        200         60        201         20
  161      25         47        468       1890        120        235         20
  162     150         70       3899        511        300        469         20
  163      90         29        600          0        120        192         10
  164      74        120       4007          0        420        502         10
  165       7         33       2495        190          0         98         20
  166      20         21       2489       2006        210        291         20
  167      35         26         19          0        120        224         10
  168      63         52        656          0        150        284         10
  169      30        154        476        309        360        461         20
  170     108         38       1929       1123        120        204         20
  171      78         35        821       1711          0        108         20
  172     160         33       2819          0        420        533         10
  173     120        116       7832          0          0        178         10
  174     126         73       3303        487         60        234         20
  175     150        131       1010          0        180        250         10
  176     111         25        700       1224          0        120         20
  177      94         69       1537       6086         30        107         20
  178      83         85        300       4834         90        174         20
  179      55        116      10997        108         30        131         20
  180      86         77        357        986        180        260         20
  181     137        103       1733          0         30        170         10
  182      52         62       8107       3808          0         77         20
  183      69         22       7888       3483          0         63         20
  184      58          2        324          0         30        200         10
  185     102        120       1840          0         90        252         10
  186     133         89       5152        235        120        285         20
  187      69         92        351        290        390        492         20
  188      18         29       2139        442        120        258         20
  189      37        123       1210          0         30        163         10
  190      62        154         13       2433        210        296         20
  191      54         96       4930          0          0        112         10
  192     147         22       3684          0        300        434         10
  193     113         48       5758          0          0        122         10
  194      30        106       5649       9351         30        124         20
  195     188         95        130        385          0        214         20
  196     174         99        805        140        180        246         20
  197      24        109       1096        166        390        459         20
  198       7         18         66         20        150        265         20
  199     125        103        998       2362        150        279         20
  200     185         73       1929       2138         60        194         20
  201      14         34        456          0        120        280         10
  202     149        141         90          0         60        199         10
  203      97         24        618        175          0        144         20
  204      76         78         13       5049        180        287         20
  205     194         65         76          0        180        284         10
  206     117        145       1686          0        180        294         10
  207     131         83        315       1751         90        220         20
  208      57        153       7500        437        120        231         20
  209      35        150        232          0         90        206         10
  210     146         92         82         74        180        250         20
  211      77        120         22          0         90        230         10
  212     197         70         83          0         60        208         10
  213      45        116       4319        893          0        140         20
  214      30         36        468       2067        390        494         20
  215     148         33       4248          0        450        511         10
  216     116         43       3860          0        120        198         10
  217      59        106       8684          0         60        231         10
  218     163         99        102          0        120        257         10
  219      34        147       1520       1641         60        171         20
  220      34         63        152          0         60        225         10
  221      41         73       1594          0          0         97         10
  222      72         92       2616        234          0        161         20
  223     121        120       1864          0          0        166         10
  224      92         61       1511          0        120        257         10
  225     188         79        566        126          0        216         20
  226     110         49         60       2379         90        245         20
  227     191         51         74       3792          0        205         20
  228      56         64       1200          0          0         84         10
  229      85         58       7139          0         60        223         10
  230     105         68        177        145         30        143         20
  231      88         63       2453         17         30        116         20
  232     131        123        786       5873         30        190         20
  233     130         90       3094          0          0        154         10
  234      85         77       7409          0         60        220         10
  235       5         20       7372       2237         90        255         20
  236      78          7       1210        450         30        145         20
  237       0         90       7975       4343        360        506         20
  238      52         61         60          0          0        111         10
  239     137         49       8190       1015          0        145         20
  240      16        118       7875       2080        390        525         20
  241      99         37       1069          0          0        100         10
  242      66         63        617        672        360        469         20
  243     140        109         60          0         90        199         10
  244      61         49       1523          0        150        242         10
  245      62         76       9568          0        300        429         10
  246     132         61        202       6386          0        142         20
  247     152         87        973         97         90        170         20
  248      39        156        179       3625          0        176         20
  249     191         57       1758       2206         90        201         20
  250     148         30       1881       2382         90        218         20
  251      35         23      11040        503        120        281         20
  252     155        145        238          0         60        233         10
  253      67         96       9040          0        120        249         10
  254      13         26      14853        147        360        463         20
  255     155         24         30          0        120        262         10
  256     192         88         85          0        180        287         10
  257      96         68       1183        233         30        191         20
  258     116         94        824       1815         30        203         20
  259     150         46      10588          0         60        199         10
  260      10        117       1920         10         60        148         20
  261     157         96        237          0         60        181         10
  262      19          8       1293       1888        150        246         20
  263      60         60       2066          0        120        196         10
  264     141        142       8313          0          0        206         10
  265      40         67       9378          0          0         95         10
  266     122         66       7045        313         90        224         20
  267      83        141       1653          0        150        252         10
  268     130         52       2295          0        390        472         10
  269     114         56       8362          0         30        201         10
  270      70         46       3340          0        300        461         10
  271     179         61       8000          0         60        197         10
  272     127        122       7628          0        120        278         10
  273      63         90       2683          0        180        251         10
  274      73         81       1936         35        150        261         20
  275      53         70        502          0         60        153         10
  276     153        115       1624          0          0        184         10
  277     148        128       2169          0          0        198         10
  278       9         49       1501          0        150        257         10
  279      19         98       5993          0        330        470         10
  280      37         15       3805        746        420        522         20
  281     128         89       1706       1109        150        245         20
  282      31        101       1764         43        390        459         20
  283      22        151        380          0         60        177         10
  284     192         92        889       1774         90        205         20
  285      63         48       1520       2363        120        255         20
  286     132         44         36          0          0        139         10
  287      71         81       9982         59         60        128         20
  288     160         56      13442       1558         90        220         20
  289     138         53       6618       1944        360        451         20
  290     166         88      10500          0          0        197         10
  291      60         13       2205          0        120        205         10
  292     174         93        530       5280         90        188         20
  293     177         74         50        113         60        200         20
  294     135         37        820          0        120        284         10
  295      88         13         60       1333          0        126         20
  296      75        130        263          0         60        165         10
  297     118         94       3792          0        120        202         10
  298      78         65        960       4741         60        203         20
  299      10         15       1552          0          0        100         10
  300     176         71       2581         20         60        184         20
  301      86        135      15000          0          0        164         10
  302      31         40       1222          0          0        143         10
  303     127         93       3266          0         30        163         10
  304      82         56        213          0          0        102         10
  305     132         48       6880         18        120        228         20
  306      60        151       1891          0        210        281         10
  307     151         82       1594        107         30        185         20
  308      57         45        202        137        120        186         20
  309       8         43         94      14906         60        198         20
  310     139        104        363       3213        120        213         20
  311     168        147       1759       3420        120        230         20
  312      61         76      13149          0        300        400         10
  313      24         59       4918          0        390        502         10
  314     139         91       1580        714        150        260         20
  315     145        134        181          0        300        401         10
  316       7        116         82       2516        150        227         20
  317      87        113       6124          0        120        229         10
  318      34         79       2759          0         90        263         10
  319     105         79       1959          0        180        242         10
  320     170        137       1498      13502         90        218         20
  321     108         18      11093        260        330        468         20
  322      41         70        684          0          0        172         10
  323      86         76        670          0          0        120         10
  324      57         72        155          0        300        408         10
  325      10         48         25         20        120        230         20
  326      64         71        840       3155        300        416         20
  327      12         15       1272          0         90        189         10
  328      52          0       1860          0          0         98         10
  329     120         33       9977          0        390        496         10
  330      73         43       1570          0        120        199         10
  331      48        154         21        455         90        217         20
  332     185        103       2776          0         60        231         10
  333      60        134         15          0        120        190         10
  334      59         48       8964          0        120        190         10
  335      96         79       1186       1959         60        167         20
  336      34        136       6807        100          0        156         20
  337      87         69        696       8189        150        256         20
  338     148         47       1791       3160        150        259         20
  339     173         43       2819          0         90        172         10
  340      33        113       1782         96        210        285         20
  341       7        114         82       2419         60        193         20
  342     100         65       3415          0          0        128         10
  343      39         33        673        169        420        497         20
  344     122        101       1641          0         30        166         10
  345      26         73       6403         37        300        478         20
  346     133        123      11040         38        120        225         20
  347     150         20       3561          0        120        197         10
  348      79        119        274          0        210        284         10
  349     112         37       4280          0          0        140         10
  350     127         37       5281        270          0        138         20
  351      20        145        101          0          0        177         10
  352      69         45       1895       8738          0        109         20
  353     142         29      10671        395        300        403         20
  354     163         65       2020          0          0        177         10
  355      57         94        752          0         90        164         10
  356     104         68         23       1460        120        292         20
  357      99        144        154        442         60        203         20
  358      16         62         77       8312        120        241         20
  359      65         12       3769          0          0         80         10
  360      75         90       5745          0        150        217         10
  361      88         41       2209          0        120        216         10
  362      31          4       2093          0        120        275         10
  363     128         56        200       1556        150        241         20
  364     151        109        891          0         60        201         10
  365     103         56       4371       2547        300        475         20
  366     101        111       4531       2816        120        277         20
  367     107         63        800       1174         90        243         20
  368      38         32       1886          0        420        520         10
  369     180         65        672         19        150        279         20
  370     130         46         72          0        120        263         10
  371     175         62        476          0         90        181         10
  372      63        111       1269       2888          0        123         20
  373       1         19        633          0        120        225         10
  374      84         66       3127          0        300        434         10
  375     104         91         86          0         60        220         10
  376      50         85      15000          0          0        125         10
  377      74         20       5221       6408        120        229         20
  378     194         82       4993         99         60        206         20
  379     174         54       2139          0          0        172         10
  380     106        143       1942          0         60        181         10
  381      80         46        735        107          0        168         20
  382     122         59        641          0         30        183         10
  383      85         61       8938          0        330        460         10
  384      40        112       1854          0        390        460         10
  385      73        123        133       1185          0        166         20
  386     101         20         13          0          0        101         10
  387     120        129        108          0        150        252         10
  388      76         16       1247          0        120        222         10
  389      26        142       2377       1745        180        252         20
  390      57         70       1258       2997        360        467         20
  391      90         83       2995          0         60        163         10
  392      23         10        399       2968        360        432         20
  393      81          8       1604          0          0        135         10
  394      71        129      12904         84          0        154         20
  395      15         54         12        107        180        278         20
  396      26        113        129          0         30        191         10
  397     150        108       1173       3114        330        470         20
  398     160         78        270          0        120        188         10
  399      96         86        212        673        120        288         20
  400      25         72       2345       2128        150        294         20
