400_112

CUSTOMER  VEHICLE
NUMBER	  NUMBER     CAPACITY    DispatchingCost
    400     500          40000       100

CUSTOMER
CUST NO.  XCOORD.   YCOORD.   DDEMAND   PDEMAND   READY TIME  DUE TIME   SERVICE TIME

    0      41         23          0          0          0        960          0
    1     121        143       4376          0        330        471         10
    2      39        156         94         70        330        447         20
    3      23        118        170          0          0        141         10
    4     151        143        783         35        150        291         20
    5     150        140         35          0        120        296         10
    6     197         70         83          0         60        208         10
    7      77        132       2764          0        120        257         10
    8      66        152       1090          0         60        227         10
    9      48         47         97          0          0        132         10
   10      61         63        183          0         30        140         10
   11      76         31        206      14794          0        166         20
   12      52         63       3542          0          0         77         10
   13      82         56        213          0          0        102         10
   14      19         90        912          0        180        252         10
   15      34         67      10530        127        120        294         20
   16     103         96         20       1989        150        281         20
   17     102         75       3753          0         30        136         10
   18     108         38       1775          0         30        193         10
   19      55         65       4554          0         30        168         10
   20     174         54       1034          0        180        264         10
   21     139         33      12128       2872        120        282         20
   22      48         74       4997          0        360        489         10
   23      47        133       4963          0         60        232         10
   24      85        135        377          0        120        220         10
   25      64         90         81          0        360        493         10
   26     133        142      15000          0        330        473         10
   27      74         66       2215          0        120        250         10
   28     115         64         92          0        150        252         10
   29      26        142       2377       1745        180        252         20
   30      78         35       6575          0        120        185         10
   31      97         36       9156       2225          0        165         20
   32      38         68       3160          0        360        432         10
   33      57         94        752          0         90        164         10
   34     112        138      13644       1356        120        250         20
   35     195         84         17          0          0        215         10
   36     167        103      14692        308        150        214         20
   37      93         84       3602          0        120        227         10
   38      59         54      11876          0        390        459         10
   39      52         28        291       1842          0        103         20
   40      57         29        170          0          0        129         10
   41     127         37         54         92         30        159         20
   42      15         81       1625          0        180        276         10
   43     103        124        181          0        180        286         10
   44     168         96         60        818          0        194         20
   45      92         59       3425       8935        390        465         20
   46     121         32       2146         93         30        205         20
   47     141         45       1895          0        120        261         10
   48     135        136        303          0          0        197         10
   49      28         14       1745       1926        120        265         20
   50      68         86        211       5088         60        201         20
   51     119         33        108         80        150        220         20
   52     154         27       2820          0         30        145         10
   53     111         54       3504          0          0        113         10
   54     110        119       1017          0        210        288         10
   55      74         85       1708          0          0        124         10
   56      99        144       1870        142         60        171         20
   57       4         23       1989          0        150        244         10
   58      53         70        502          0         60        153         10
   59     158         75       1639       1839         60        206         20
   60     185         73       1929       2138         60        194         20
   61     138         56       1926          0        180        273         10
   62      60         79       4537       1655        300        430         20
   63     100         67      12718          0          0        141         10
   64     132        151         46          0         30        204         10
   65     130         68       1514          0          0        140         10
   66      68         94       4472       1951        120        198         20
   67      57         26         62         59        120        216         20
   68     108        105       3878          0        210        279         10
   69      72         39        586         23          0        140         20
   70      23         93       3399          0         60        129         10
   71     148         92       1711          0          0        173         10
   72     183         60       1659          0        210        281         10
   73     139         70       1661          0        150        255         10
   74     122         40         14          0        150        289         10
   75      79         16      14945         55          0        154         20
   76      66        109       1110          0        180        246         10
   77      17         18       3480          0          0        104         10
   78      62         45       1457       1225        300        410         20
   79     106         66        294          0        180        275         10
   80      78         74        999          0          0        124         10
   81      85         45        667          0        120        203         10
   82      67         87       3590          0         90        258         10
   83     119         55       1464          0         30        165         10
   84     103         95       5044       8107          0        150         20
   85     150         67        227          0          0        155         10
   86      45         79       2851          0        120        212         10
   87      93         68       2354         34         60        217         20
   88     186        106       9756          0        120        221         10
   89     149        136       1418       5946        120        280         20
   90     139         91       1580        714        150        260         20
   91      97         37       1253         95         30        153         20
   92     147         57       1502       7667        360        522         20
   93      74         63       2340       8107        120        225         20
   94      76         78       3955       4377        120        287         20
   95      48        151       1789         40        330        460         20
   96     120         85       3926          0         30        157         10
   97      50         64       2911          0          0        109         10
   98      19         13        108          0         90        247         10
   99     105         79       1959          0        180        242         10
  100      40        155        128         35        180        254         20
  101     185        103       2776          0         60        231         10
  102     135        130       4812          0        120        230         10
  103      19        124       5553        619          0        135         20
  104      12         15       1272          0         90        189         10
  105     154         38        139          0         90        257         10
  106      59         85        345        668         30        108         20
  107      90         73         89          0          0        134         10
  108      20         21       2489       2006        210        291         20
  109     162        118       1709          0          0        199         10
  110     163        118       2063       4998         60        186         20
  111      72          3       5874       5907        120        259         20
  112     135        121        172        566         60        196         20
  113      74         92         36          0        120        249         10
  114      40         86       2078       5659        120        295         20
  115     146        141         94       2659         60        199         20
  116       1         25       3149       3212         60        173         20
  117     183         89        248          0          0        193         10
  118     122         83       1952          0        180        277         10
  119     102         27       6474       2134          0         95         20
  120      81         81        604          0          0        135         10
  121     122         66       3521          0         90        246         10
  122     102        120       3112          0        210        291         10
  123      80         70       1403          0        120        221         10
  124      76         16       1247          0        120        222         10
  125     150         49      15000          0         30        198         10
  126       5         36       1095          0          0        143         10
  127     158         73       3051          0        360        466         10
  128      29        135        888          0        210        287         10
  129      72         92       2616        234          0        161         20
  130      76         94        866          0         30        131         10
  131     167         35      11558       3442        150        218         20
  132      64         12       1443          0          0        143         10
  133      24        148         40       1123        180        277         20
  134      40         29        124          0          0        175         10
  135      42         62         51        253         30         98         20
  136      55        104        169       1793         30        190         20
  137     172         77      11057       1016        300        402         20
  138     188         66         98       2542        210        288         20
  139      61          1        456        424        120        278         20
  140     142         29      10671        395        300        403         20
  141      83         85       4875          0         30        133         10
  142     125        103        998       2362        150        279         20
  143      31          7       1702         87        120        292         20
  144     142        136       2434        856        180        240         20
  145     132         33       6846       1613        360        460         20
  146     149         34       3794          0        360        424         10
  147     134         55       3496          0        120        276         10
  148     158         24       8394        614        120        284         20
  149      32         41        255        177        150        275         20
  150       1         19       7206          0        420        524         10
  151      86         67        120          0          0        159         10
  152     162        104        601       1506        120        279         20
  153     151         77         15          0         60        226         10
  154      48         83       1995      13005          0         99         20
  155      11         48       9418        749          0        125         20
  156     106         68       1741       8171        150        275         20
  157      49         88       1526       1790         90        228         20
  158      17         89       1415          0         60        191         10
  159      86         77       1708        227        330        399         20
  160     123         62       1825          0        300        403         10
  161     169        147       1975       1611         60        223         20
  162      43        136      12933          0        390        500         10
  163     154         39       1879          0        300        404         10
  164     132         69        268        345         30        186         20
  165      65         57       1104          0          0         75         10
  166     132         62       4261          0          0        136         10
  167     100         84       2429          0          0        123         10
  168     147        113       1183        841        300        440         20
  169      56         19       4992       2542          0        140         20
  170     123        124       6744          0        330        442         10
  171      35          8       1992       2702        120        286         20
  172      73         43         75       1067        120        284         20
  173     152        146       1043          0         90        200         10
  174      25        114       1651          0        150        221         10
  175     130         90       3094          0          0        154         10
  176      87         53       8945          0        360        525         10
  177      66         71       7810       7190          0        103         20
  178      94         94       1502          0          0        139         10
  179     168         75       4492        515          0        183         20
  180      44         51        349          0          0         72         10
  181      87        130       3686          0         60        158         10
  182     148         32        768       1958        150        278         20
  183     115        114        674          0         30        168         10
  184     127         52        301          0         30        156         10
  185      38         73       1018        562        150        294         20
  186      53         65         70          0         60        199         10
  187      13          8       2823          0          0        149         10
  188      16         10       2501          0        330        477         10
  189      13         12       1157       1527          0        129         20
  190     142        124       3269          0        120        281         10
  191      86         56       1879          0         90        194         10
  192      28         34         85          0          0        132         10
  193     108         42       1538       3504        120        271         20
  194      53         44        287          0        150        256         10
  195      30         43         37          0        120        253         10
  196      70         46       3340          0        300        461         10
  197      56         10        887      14113        120        216         20
  198      41         74        113         41         30         99         20
  199     114         56       1924          0        150        277         10
  200      33        155       6212          0        390        519         10
  201     171         66        210       5151         30        180         20
  202     116         65       2686         62          0        140         20
  203     170         82       1975       9336         90        250         20
  204     148         23       5155          0        450        515         10
  205      57        117       7204          0         60        140         10
  206     102         87         11        383        150        245         20
  207     115         60       1628       1011          0        127         20
  208     144         18        498        686        120        218         20
  209      17         36        277          0         30        157         10
  210     160         23        108        270        120        203         20
  211      64         44       1799       6800        120        218         20
  212     122        146        344        287        300        451         20
  213      31        107        326       1156         30        201         20
  214      46        113       3136          0         60        219         10
  215     155         35         90         20         60        165         20
  216      36         87       9982         43         30        165         20
  217     106         84        841       1474         60        133         20
  218      74         95       5497       2199          0        125         20
  219     148         33       4248          0        450        511         10
  220      45         54       1677          0        120        294         10
  221       5        116       2268          0        360        520         10
  222      88        103       3713          0        180        260         10
  223     125         79       1293       1492        300        410         20
  224     189         85       1869       1825          0        199         20
  225     111         41        503         55        150        291         20
  226      13         87       2832          0          0        124         10
  227     133         37         13       1030          0        146         20
  228     198         86        192          0         60        212         10
  229      29         11       8445          0        390        470         10
  230     130        148       1672          0        150        233         10
  231     126         66        123          0         90        222         10
  232      34         98        474         23         60        133         20
  233      36        143       1200          0         60        213         10
  234     163        111       2219       7051        210        277         20
  235      79          7       4270       2827        120        280         20
  236      58         86         21       9756        150        289         20
  237      63         52        656          0        150        284         10
  238      69         90       1998          0         30        196         10
  239      47        129        171          0         60        154         10
  240      91         95       1931        924         30        144         20
  241      29         81       1158          0         30        160         10
  242      18         29       2139        442        120        258         20
  243     120         78       5296          0        360        458         10
  244     176        126       5559          0          0        216         10
  245      87         81        949          0        360        471         10
  246      71         91        672        305          0        125         20
  247      85         74       3146        252        150        233         20
  248     154         76       5420          0        180        283         10
  249     135         29       2789       1610         30        155         20
  250     137         37       1924          0          0        147         10
  251      82         72       8065          0        120        265         10
  252      12         55       1489          0        330        424         10
  253      43         16        992       1009        120        292         20
  254     160        108        591       3008        180        248         20
  255      79        122       2645          0         60        220         10
  256     101         55       4728          0        420        528         10
  257     117        100         13          0         30        160         10
  258     106         54         12          0        120        243         10
  259      69         21       2988         37        120        196         20
  260     101         85        106        287         60        232         20
  261      46         18       1403          0          0        159         10
  262      22        151       8726          0          0        183         10
  263     123         53        829       9903        180        246         20
  264     105         81       1985        894        180        249         20
  265      20        119         90          0        180        249         10
  266      33         64       1687       1516        120        268         20
  267      57         37         14          0        150        219         10
  268     142        126       1391       1528         60        227         20
  269      15         10        239          0         30        168         10
  270      67         80        420          0        150        258         10
  271     158         74        345       1149        150        275         20
  272      34        137       5813         74        300        434         20
  273       8         81       1748         91         60        162         20
  274     131         89       1708          0         30        159         10
  275     144         54       1416       1838          0        147         20
  276     146         56        260          0         30        161         10
  277      11         34       5652       3785          0         79         20
  278     167        147       1644       1841        150        216         20
  279      34         33       6923          0          0         76         10
  280      96         86       4827          9        120        256         20
  281       2         17       1772          0         30        156         10
  282      35         23         16          0          0        114         10
  283     109        122         23       6880        120        190         20
  284     132         44         36          0          0        139         10
  285      29         38         22          0         90        162         10
  286      79        131       2905       4886        120        217         20
  287      41         70         30       1036        120        248         20
  288      34        149       2036          0         60        235         10
  289      91         55         90        839          0        158         20
  290     178         62       2706          0         30        195         10
  291      29        114      11268          0          0        149         10
  292      78         84       2387          0          0        148         10
  293     121        120       1864          0          0        166         10
  294      11         19       6393          0        120        230         10
  295     167         94        888       5693          0        185         20
  296     112         47       4377          0        120        200         10
  297      32        112        584          0         30        174         10
  298     168        109       2850      11299        180        286         20
  299      40         30       1495          0          0        124         10
  300     137         38        404       1879        120        217         20
  301      59        106       8684          0         60        231         10
  302     177        110         48          0         90        253         10
  303      36        146        280       3622         60        189         20
  304      58         21       1892          0          0        135         10
  305      45        116        336       7032         90        264         20
  306     123         63       1669       1523         30        186         20
  307      32         73       3613       1893        360        487         20
  308      20         98       1926          0         60        237         10
  309       3         94       4474          0        330        402         10
  310      52         10         94         97        120        287         20
  311     188         70       1509        857          0        195         20
  312     121        142       1557      13443        120        242         20
  313      34        122        556          0          0        129         10
  314      85         52         67          0        120        248         10
  315     122         34       2224          0        120        223         10
  316      73         96        423          0        120        197         10
  317      68         96         65          0        150        242         10
  318      56         80        470          0         90        225         10
  319       7         32         33       3879        120        195         20
  320     152        104       5417       1989          0        172         20
  321      81          8       1000        363        300        394         20
  322      28         74        178          0         30        198         10
  323      91         84        464          0          0        127         10
  324     126         89       1838        339         30        207         20
  325     179         67         70       3422        180        263         20
  326     112         75       5947          0        390        471         10
  327     147         38       1937         50         90        223         20
  328      38        113        470       2221         60        207         20
  329      51         47        233          0          0        102         10
  330      37         15      15000          0          0         77         10
  331      85        128       1184         82         60        168         20
  332     122        139        175          0        150        254         10
  333     129         71       1103          0        360        501         10
  334     158         30         30          0        330        494         10
  335     132         43       7489          0          0        166         10
  336      95         66        265          0          0        149         10
  337      39         39       1802          0         60        204         10
  338     192         64      11845          0        420        535         10
  339      63        111        378          0         90        262         10
  340      70        125       1563        238         90        172         20
  341     163         29       4002          0        150        229         10
  342     137         49       5760          0        450        529         10
  343      99         57        146         58          0        141         20
  344      25         55       1492          0        120        282         10
  345      73         55         20      11550        120        292         20
  346      86        135         18       2115         90        257         20
  347     120        129        108          0        150        252         10
  348     182         66       2961        686         60        182         20
  349     145         69       2080       4330        420        492         20
  350     105         62       2193          0        150        234         10
  351      82         85      15000          0        120        227         10
  352     160        127        157          0        300        440         10
  353     100         14        396          0        120        255         10
  354      88        106       5334          0        420        526         10
  355      71        131        146        655         90        198         20
  356      30         54       1177        525        120        290         20
  357      36        153        203        144        390        475         20
  358      45        126         61          0          0        154         10
  359       9         44        287          0        390        467         10
  360      96        112        291          0         60        234         10
  361     176         46       2784        182         90        183         20
  362      95         84       3079          0         90        213         10
  363      82         15      13910          0        120        283         10
  364     164         90        344      14656        120        186         20
  365     110         49         60       2379         90        245         20
  366      27         22       1614       1875        330        400         20
  367      32         56        182       1771        120        271         20
  368     113         71       5854       3098        300        427         20
  369     141        103         49       1836          0        171         20
  370      10         15        283          0        120        283         10
  371     169         76       4559         30        150        249         20
  372     115         96       3288          0        150        214         10
  373      79        119        519        759         60        165         20
  374       8         43         94      14906         60        198         20
  375     186         72       2562          0        450        526         10
  376     107        138        758       4478        120        286         20
  377     123         47       8172          0        360        470         10
  378      50          1        768        190        120        235         20
  379      47        137        248        413        150        245         20
  380     120         33       9977          0        390        496         10
  381     104        109       1628        251        180        294         20
  382      52         62       8107       3808          0         77         20
  383     140         66         72        298          0        154         20
  384     113        121        221         44        180        251         20
  385      30         38       1519        107         90        253         20
  386     117         42       1478        505          0        131         20
  387      97         86       4135      10865          0        154         20
  388      42         14       1514          0          0        159         10
  389     143         66         95       1872         60        148         20
  390      36         20       2287        292        120        282         20
  391      56        114        587       1940          0        136         20
  392       9         49         10       1737        120        191         20
  393     112         74        347          0          0        138         10
  394     175        124         14        181        120        215         20
  395     176         47        333          0         60        190         10
  396      73        111        437      14563        330        453         20
  397     121         66       2282       3179        150        259         20
  398     114         48       4493          0        330        462         10
  399      70         64        104       5643        300        427         20
  400      32         83       1242       5845        120        219         20
