400_118

CUSTOMER  VEHICLE
NUMBER	  NUMBER     CAPACITY    DispatchingCost
    400     500          40000       100

CUSTOMER
CUST NO.  XCOORD.   YCOORD.   DDEMAND   PDEMAND   READY TIME  DUE TIME   SERVICE TIME

    0      41         23          0          0          0        960          0
    1     107         85       1526       8945        120        232         20
    2     164         90        344      14656        120        186         20
    3     188         95       2958          0        120        232         10
    4      73        157       1944          0        180        263         10
    5       3         94       4474          0        330        402         10
    6      76         31        206      14794          0        166         20
    7       6        114       1582          0         90        263         10
    8     158         24       5374          0          0        166         10
    9     110         21        806          0        330        464         10
   10      36        146        280       3622         60        189         20
   11     148         32        768       1958        150        278         20
   12      27         84       1142       3496          0        125         20
   13     121         32       2146         93         30        205         20
   14     180         65        672         19        150        279         20
   15     119         33        108         80        150        220         20
   16       5         20       7372       2237         90        255         20
   17      57        144       1183       1365        390        517         20
   18     159         75       5376       3804          0        175         20
   19     142        124        720         23        120        254         20
   20      84         75         36       4537        360        525         20
   21     132         62        422          0        120        291         10
   22     158        128         27       1673         60        235         20
   23     169        111       1118       3641        120        248         20
   24      66         63        418          0        150        221         10
   25      57         70       1258       2997        360        467         20
   26      15         81       3726       2012          0        103         20
   27      36         72       2498        527        300        437         20
   28      99         54       2078          0          0        135         10
   29     103         96        112       9040        150        289         20
   30     109         98        382       5735         30        141         20
   31      82        107       2525        182         60        195         20
   32      11         34       5652       3785          0         79         20
   33      26        142       2365         31         30        168         20
   34     130        148       1672          0        150        233         10
   35     144         54       1416       1838          0        147         20
   36      44         78       1873       4411        420        519         20
   37      65         82       2587        500        120        188         20
   38      77         42       7692       2905        360        445         20
   39     121         91        476          0        150        263         10
   40      88         67        619          0         90        216         10
   41     163         29       4002          0        150        229         10
   42     181         76        134        217        120        247         20
   43     106         82       1920       3037          0        161         20
   44      22         92         22        356          0        118         20
   45      37        123        451       2447        300        410         20
   46      74        119         60          0        120        261         10
   47     130        122       4586       1802        360        521         20
   48      34        127       5945          0        120        254         10
   49      57         94       1994          0        390        490         10
   50      70         55       3033       1094          0        112         20
   51     106        125       3447          0         60        153         10
   52      97         36       1434          0        300        410         10
   53      56        103        362         37          0        132         20
   54     103        127       4593       2410         60        157         20
   55      26        126        248       2684        120        237         20
   56      91         95       1931        924         30        144         20
   57     135         51        172         41        120        247         20
   58      33        137       1169          9        150        263         20
   59      96         87       1842        147        450        527         20
   60     156         42        432         72        300        408         20
   61      40        112       1854          0        390        460         10
   62      86         80        437        941         90        230         20
   63      30        106         40      11057        180        280         20
   64      66        150        152       3714        450        521         20
   65      33        131       1500          0        120        250         10
   66      26        113        236       4829          0        128         20
   67      95         82       2682          0        120        265         10
   68      24        114        503          0        300        405         10
   69     111        131         82       1349        150        234         20
   70     161         63       1848          0         90        223         10
   71     140        133       2982      10695         60        203         20
   72      33        113        106       7832        120        190         20
   73     102         93       2636       9336        180        295         20
   74      71        131        146        655         90        198         20
   75      52          0       1860          0          0         98         10
   76     112         74        347          0          0        138         10
   77     170        140       1895       5680        150        222         20
   78     110         92       2702          0         60        221         10
   79      16          3       1657       9040          0         99         20
   80      62        135       1240       2938         90        228         20
   81     158         71        370          0          0        169         10
   82     100         85       1769          0         90        199         10
   83      45         49        112          0        120        275         10
   84     160        131         29          0        180        290         10
   85     121        142       1557      13443        120        242         20
   86     132         48       6880         18        120        228         20
   87     132         69        268        345         30        186         20
   88      78          6       2902       1882        120        196         20
   89     137        145        199      11844        120        246         20
   90      17         21        194       1014         30        154         20
   91     142         29      10671        395        300        403         20
   92     155         35         90         20         60        165         20
   93     145        134        181          0        300        401         10
   94      66        152       1090          0         60        227         10
   95     191         57       1758       2206         90        201         20
   96     112         36         58          0          0        143         10
   97     121        143       4376          0        330        471         10
   98      34         49         84         22          0         96         20
   99      47        129        723       1308        120        221         20
  100      21         80       1559        450        420        514         20
  101      82        131         14          0         60        223         10
  102     136        148         58          0         90        228         10
  103     120        129        108          0        150        252         10
  104     104         91       5658          0         90        225         10
  105     150        131       1010          0        180        250         10
  106      34        149        924          0         30        163         10
  107     106         55       4592          0        120        293         10
  108      69          1       3049          0        120        237         10
  109      42        125        199       1517         60        233         20
  110     106         65       3641       1748        150        251         20
  111      29        130        127          0        120        295         10
  112     107         77       3716          0          0        153         10
  113     129         89         34          0         30        169         10
  114      87        113       6124          0        120        229         10
  115     102         87         11        383        150        245         20
  116     104        109       1628        251        180        294         20
  117     137         30        589         90          0        140         20
  118       2         17       1772          0         30        156         10
  119      92         59       3425       8935        390        465         20
  120     127         52        301          0         30        156         10
  121      35        150        232          0         90        206         10
  122      20        145         87          0         90        241         10
  123      68         86       1828          0        120        194         10
  124      87        139         60          0         90        167         10
  125      80         70       2014          0        120        276         10
  126      50         80        673       1629        300        404         20
  127     151         22       3910          0          0        168         10
  128      42        107       1530         99        120        238         20
  129      44         47        202       1940          0         74         20
  130      98         46        101      14899          0         92         20
  131     173         62        205       1859        120        264         20
  132      26        127       4093          0         90        224         10
  133     183         60         96          0         60        181         10
  134      78          7       1210        450         30        145         20
  135      32         43        822       2524        120        255         20
  136      51          1       1367          0          0        130         10
  137     150         81         97        351        180        289         20
  138     132         44       3422          0        210        282         10
  139     131         32       2471          0        300        432         10
  140     148         94       7866          0        450        539         10
  141      67         80        420          0        150        258         10
  142      11         17        198       1008         30        133         20
  143      39        156         94         70        330        447         20
  144      11         47       5680          0         30        205         10
  145     101         81         40        319        120        263         20
  146      17         89       1542         38        120        289         20
  147     100         29       3137        668          0        114         20
  148      63         90       7354       1614        120        204         20
  149      12         55       3909         68        120        256         20
  150      95         90       1636          0        150        272         10
  151      93        152       6160          0         30        195         10
  152      32        112       1854          0        120        208         10
  153     161         36        408          0        120        252         10
  154     121         85        191        147        360        438         20
  155      86         76        236        288         90        231         20
  156      39        139        663        180        180        290         20
  157      42         23       1844       1205        120        218         20
  158      85        102      11109          0          0        122         10
  159      32          5        585          0        120        246         10
  160     115         31      12292         35        120        289         20
  161     106         68       3813          0        360        514         10
  162      79        122       3671          0        180        260         10
  163     117        100       1616       5146        150        285         20
  164     120         97         25          0         60        171         10
  165      76         76       5203         53          0        173         20
  166      51         80         62          0        150        227         10
  167     121        120        603      14397         90        164         20
  168      34        136       6807        100          0        156         20
  169       8         46       1713          0        180        266         10
  170      92         88       2076         67         90        250         20
  171      51        115        567       3605         30        192         20
  172     160         77         26       3784          0        164         20
  173      63         20         81          0         30        101         10
  174      10        116       1261          0          0        149         10
  175     177         48         15          0          0        183         10
  176      66         58       1700      13300        120        288         20
  177      42        127       2066      12934        120        248         20
  178      87         93         35          0          0        128         10
  179      97         68       2799          0        120        211         10
  180      58         88        422       1246        150        294         20
  181     157         59         52          0         90        166         10
  182     131         44        310          0        120        188         10
  183      81         11       1757          0        330        456         10
  184     174         66         14        228          0        181         20
  185     142         28       3591          0        420        531         10
  186      85         75       4920        383        120        220         20
  187      51        114       1974       1723        300        401         20
  188      81         18      11287       2416        120        228         20
  189     111         83        937          0        420        533         10
  190       7         97       4446       3145         90        255         20
  191     107         21        876          0        120        285         10
  192      63        150         15       1030        330        403         20
  193     151        120       2582          0        300        443         10
  194      85         45        142          0          0         96         10
  195       3         88      15000          0        120        230         10
  196      97         24        618        175          0        144         20
  197      67         95       1760        192        120        213         20
  198      69         21       2988         37        120        196         20
  199     166         83         90       2569          0        183         20
  200     169         49       4252          0        300        436         10
  201     101         85       1006          0        120        188         10
  202     160         33       2819          0        420        533         10
  203      13         26        384        211        120        187         20
  204     141         70        269         12        330        458         20
  205     102        100       1673          0        120        249         10
  206      96         66       7052          0        150        258         10
  207      28         75        589          0        390        496         10
  208     132         93       5072          0         90        212         10
  209      86        140        100       4343          0        176         20
  210     129        122       1595       1221        210        279         20
  211     170        137       1498      13502         90        218         20
  212      34        124       9338          0        120        284         10
  213      86        135      15000          0          0        164         10
  214     134         73        233        192          0        162         20
  215      73         89         54          0         90        258         10
  216     183         89        248          0          0        193         10
  217     131         51       2121          0        120        236         10
  218     132         27         14          0         90        192         10
  219     192         88         85          0        180        287         10
  220     133         70        282      14718          0        151         20
  221      68         94       4472       1951        120        198         20
  222     189        101        830          0        180        281         10
  223     138        146         31          0         90        208         10
  224      68         21       3467          0        120        254         10
  225      49         88       1526       1790         90        228         20
  226      16         35       5990          0          0        168         10
  227      22        149       4211          0        450        521         10
  228     144         34       3247       1430          0        135         20
  229       7         33        300       6210          0        137         20
  230      96         68       1183        233         30        191         20
  231     168         96         60        818          0        194         20
  232      92         70       2000       2991        330        401         20
  233     160         74       8312          0         60        171         10
  234     162         63        310       3296        390        526         20
  235     187         54       3502          0          0        189         10
  236     146        129        181       1118         30        189         20
  237     144         18        498        686        120        218         20
  238      71         81       9982         59         60        128         20
  239     120         62      15000          0          0        143         10
  240      55        116       3785          0        150        257         10
  241       6         49        350       2338          0         84         20
  242     117         42      12636          0        120        188         10
  243     140        125       4694       8547        300        431         20
  244      18         29       2400         69        120        230         20
  245     106         81         47          0        150        218         10
  246     108         38       1775          0         30        193         10
  247     150         53       3160       1628        120        251         20
  248      95         38      10533          0        300        398         10
  249      51         98       5190       6318        180        266         20
  250      56         19         11          0        120        254         10
  251      17        119      13931       1069         90        263         20
  252     191        100        149        279        120        285         20
  253     127         93       3266          0         30        163         10
  254     126        111       9991       3234        180        256         20
  255      99        113        202          0          0        153         10
  256      68         96         65          0        150        242         10
  257      67         96       1792         81          0        128         20
  258      74         63       2340       8107        120        225         20
  259      87        130         12          0         30        164         10
  260      96        112         12        285        120        254         20
  261     122         65       7557         88        300        411         20
  262      59        134       2995          0        300        470         10
  263     137        143        188          0         60        189         10
  264      71        130       1104          0         90        263         10
  265     111         65       3524       6652        360        492         20
  266     172        108        183          0         30        202         10
  267     198         86       2360       2542         30        214         20
  268     121         66       2282       3179        150        259         20
  269      25        155       3138          0        120        252         10
  270      89         80       6860          0         30        142         10
  271      55         67       2489          0        150        227         10
  272     125         29      15000          0        150        295         10
  273      20         98       1926          0         60        237         10
  274      39         52         90          0          0        107         10
  275      82         85      15000          0        120        227         10
  276     115         83       7608          0         60        160         10
  277      10        117       1920         10         60        148         20
  278      68         73         36          0        150        251         10
  279     101        117       2024         28          0        151         20
  280      64         40        280          0          0         77         10
  281     100         67       6851         56         30        135         20
  282     114         19         67          0         30        138         10
  283     110         69       7646         29        300        400         20
  284     108         42      11329          0          0        109         10
  285      86        102        615       2112        150        285         20
  286     105         41       4551       1073          0        169         20
  287      96         36        517       1205         90        264         20
  288     162        118       1709          0          0        199         10
  289      77         20       1976       8108          0        167         20
  290      66         71        920          0        210        274         10
  291     148         46         70          0         30        160         10
  292      57        153       7500        437        120        231         20
  293     170         82       1975       9336         90        250         20
  294      39         96        594          0        390        498         10
  295      36        153        203        144        390        475         20
  296      81          6       4267          0        150        255         10
  297     171         80      14914         86        120        198         20
  298      73         43         75       1067        120        284         20
  299     122         30       1750         48        120        247         20
  300      51        101       1613       3528        150        226         20
  301     100         65       3415          0          0        128         10
  302       5        113         74          0         60        130         10
  303      88         41       2209          0        120        216         10
  304     148        126       1719          0          0        199         10
  305     135         26       2810       1097        390        452         20
  306      22        101         82      14918         60        137         20
  307      69         24       3371          0          0        172         10
  308      58         86         21       9756        150        289         20
  309     193         91       2004          0          0        211         10
  310      52         61         60          0          0        111         10
  311     100         14        396          0        120        255         10
  312     184         71       5419       1364         60        201         20
  313     144         86       6707       6109        120        228         20
  314     187         93        703          0        120        225         10
  315      82         99        454       5804        180        275         20
  316      97         86        559          0         30        147         10
  317      62         56         21          0          0        155         10
  318      47        137        248        413        150        245         20
  319      63        111       1269       2888          0        123         20
  320      90        124        108        137        210        285         20
  321      21         41       7170          0          0        102         10
  322     102         78       8295          0        120        222         10
  323      69        134       1305          0        180        259         10
  324      49        131       3327          0          0        159         10
  325     140        104         98          0         90        171         10
  326     124         79         15          0          0        145         10
  327      98        122       2566          0        120        290         10
  328     122         83       1952          0        180        277         10
  329      82         15      13910          0        120        283         10
  330     143         31       4301          0        120        231         10
  331     158         75       5351       9649        390        455         20
  332      90         28       4659          0          0        102         10
  333     146         40         17          0        180        247         10
  334      81          8        254         86          0         85         20
  335      44         49       2711          0        120        291         10
  336      76         68        612        406        210        281         20
  337       0         21        474         54          0        167         20
  338      78         87      15000          0          0        144         10
  339     183         79       2944         36        120        287         20
  340     168         75       4492        515          0        183         20
  341      54        104        126        152        120        258         20
  342      11         48       9418        749          0        125         20
  343      82         74        556          0         90        164         10
  344      56         10        887      14113        120        216         20
  345     149        141         90          0         60        199         10
  346      88         16        700          0          0         96         10
  347     103        128       4840       1094        120        294         20
  348     198         67       1886          0         30        195         10
  349      74         85       1708          0          0        124         10
  350     121         49       3096        618        150        220         20
  351      85         10       3602       3479        150        245         20
  352      65         74       2221        200        180        272         20
  353      57        145        402          0         60        234         10
  354     104         70        513       4698         60        165         20
  355      90         47      14522          0          0        106         10
  356      49         47        679          0        120        189         10
  357     101        111        110          0          0        143         10
  358      30         73       1538      13462        300        427         20
  359      26          9         90        686        120        243         20
  360      29        108        466         91         30        135         20
  361     158         33       1537          0         90        160         10
  362      36        143       1200          0         60        213         10
  363     126         89       1026         57         60        218         20
  364     130         46         72          0        120        263         10
  365     120        117       6626       6368        420        525         20
  366      92         52       2272         40        120        236         20
  367      45        147       1805        111        120        191         20
  368      95        146       1531        690         60        175         20
  369     116        147         93        425        300        398         20
  370     103         95         75      10994         90        222         20
  371     125         79       1293       1492        300        410         20
  372       8         81       1748         91         60        162         20
  373     160        118       6111       1029         90        224         20
  374     136         72       1133       4854        150        260         20
  375      70        126        143          0         60        170         10
  376     109         51       1301        299        300        459         20
  377      78         98        462       2331         90        237         20
  378      60         49       5316          0          0         81         10
  379      98         10       1801       7044        120        258         20
  380     141         58       4199       2130        360        473         20
  381     142        126        968         17         30        179         20
  382      35        109       2377          0        120        202         10
  383      80         64        665         95          0         97         20
  384     191         51       3545          0          0        204         10
  385      31        128        343          0        150        251         10
  386      14         39       9754          0        330        465         10
  387     197         87         32        127         60        203         20
  388      27         73        330         57        120        289         20
  389      39         48       1791       1043          0        125         20
  390      65         57       1104          0          0         75         10
  391     140         38        393       2089          0        150         20
  392      25        117      14638        287          0        134         20
  393      62        151         60          0        180        264         10
  394      60         64       1366       6937        120        254         20
  395     160         66        364        237        300        393         20
  396      90        119       1869       9807        360        431         20
  397     163        118       2063       4998         60        186         20
  398     135         23        213       3093        360        519         20
  399     153        134        116       1745         90        221         20
  400       0          8       5321        105        120        223         20
