400_125

CUSTOMER  VEHICLE
NUMBER	  NUMBER     CAPACITY    DispatchingCost
    400     500          40000       100

CUSTOMER
CUST NO.  XCOORD.   YCOORD.   DDEMAND   PDEMAND   READY TIME  DUE TIME   SERVICE TIME

    0      41         23          0          0          0        960          0
    1      29         38       2338        449          0        138         20
    2     154        105       2750         12        180        285         20
    3     172         43        620        280         30        178         20
    4      85         83       6623          0          0        111         10
    5     188         83       2334          0         90        204         10
    6     148        116        105          0        120        216         10
    7      80         93       2005         32        120        197         20
    8     141        142       2973        620         60        236         20
    9     126        133       1838          0        330        431         10
   10     103         55         62          0          0        142         10
   11      87         69         16          0        120        230         10
   12      96         82         90       3809         90        189         20
   13     106        103         56        943         90        166         20
   14      41         70         30       1036        120        248         20
   15     140         66         72        298          0        154         20
   16      60         13        324          0          0        103         10
   17      87        130       3686          0         60        158         10
   18      75         90       5745          0        150        217         10
   19      91         84       3872          0         60        158         10
   20     194         82       2787       2387         30        203         20
   21     160         77         26       3784          0        164         20
   22     162         96       1169       6106        210        278         20
   23      58         21       1892          0          0        135         10
   24      28         31       1807         20         30        158         20
   25      39        139        147         13          0        163         20
   26     106         54        218        169        180        243         20
   27     101         77        314          0        300        398         10
   28      35        124       2695          0        120        189         10
   29      91         72        129          0         90        230         10
   30      91         95       1257       6161         30        123         20
   31      83         64        104         25        120        287         20
   32      48        129       2461          0          0        177         10
   33      77         42        512          0        120        271         10
   34      29        130        127          0        120        295         10
   35     176        113         45          0        120        275         10
   36     196         74       1716       1860        120        211         20
   37      65         82       2552          0         90        170         10
   38      31         40      14776        224        120        187         20
   39      45         86       2250          0        330        433         10
   40     176         71       2581         20         60        184         20
   41     135         29       2789       1610         30        155         20
   42     141         58       4199       2130        360        473         20
   43     109         64       2257       7680         60        153         20
   44      40        155        117          0          0        176         10
   45      27        110        745       1298        120        193         20
   46      29         35        280          0          0        128         10
   47     137        145        199      11844        120        246         20
   48     161         35       5373          0        360        441         10
   49     145        114       8961          0        420        494         10
   50      88         16        204          0          0        101         10
   51     144         54       5306          0          0        146         10
   52      53         44        287          0        150        256         10
   53     171         74        200          0        120        283         10
   54      80        117       1938          0        150        247         10
   55     113        121        221         44        180        251         20
   56      86         81       2042          0        300        442         10
   57      99        144        154        442         60        203         20
   58     153        146       2403       1306        390        533         20
   59      54          2       7666          0         30        110         10
   60     119         11       2041          0          0        132         10
   61     183         60       1659          0        210        281         10
   62      10         15       1552          0          0        100         10
   63     114         56       1924          0        150        277         10
   64     126         73       3303        487         60        234         20
   65      73         81         86        312        150        293         20
   66     158         73        166          0          0        174         10
   67     116         83        550       1777         30        197         20
   68      48          5        806       2334          0        142         20
   69     113         64        311          0        150        291         10
   70      98        122       2150          0        330        463         10
   71     107         77       3716          0          0        153         10
   72     168         75       4492        515          0        183         20
   73     119        140       1919       4387        360        499         20
   74      78          8       4580          0        330        430         10
   75      25        114       1651          0        150        221         10
   76      96         68       2354          0          0        127         10
   77     154         39       2164          0          0        164         10
   78      86        140       4314          0        300        416         10
   79      46         52       4362        227          0         80         20
   80     126         72       7182          0        390        537         10
   81      75        126      13578       1422        360        428         20
   82     101         85       1006          0        120        188         10
   83     125        102        145          0         60        221         10
   84     100         78        250       3370        120        280         20
   85      69         22       7888       3483          0         63         20
   86     173        111       1961          0        120        216         10
   87     106         81       5184         42         60        186         20
   88     153         48        280          0         90        171         10
   89      45        116       4319        893          0        140         20
   90      78         98        462       2331         90        237         20
   91     142        124        720         23        120        254         20
   92      25         47      14315          0          0        133         10
   93     104        109       1628        251        180        294         20
   94     110        119       4225          0        180        249         10
   95      44         71        164        504        150        225         20
   96      82         12        151          0          0         97         10
   97     115         96       2703          0        120        281         10
   98     132        144       4836        131        300        401         20
   99      31        106        686          0         30        169         10
  100     192         88         85          0        180        287         10
  101      31        128        343          0        150        251         10
  102      21         78      12793       2207        120        225         20
  103      93        152       6160          0         30        195         10
  104      66         58       1700      13300        120        288         20
  105      32         73       3613       1893        360        487         20
  106      76         44        296        171        120        283         20
  107     163         65       2020          0          0        177         10
  108     195         84       2484          0         60        218         10
  109      63         20         81          0         30        101         10
  110       8         10         42       8254        150        292         20
  111     131         18      11000        112        120        193         20
  112     176         70        576          0        360        443         10
  113      90         73        264        575         30        147         20
  114       1         19       7206          0        420        524         10
  115      93         84       3602          0        120        227         10
  116      94         69       1537       6086         30        107         20
  117      22        129       1601       1207        120        250         20
  118      53         65         70          0         60        199         10
  119       6        114       1582          0         90        263         10
  120     107        138        758       4478        120        286         20
  121      82        131         14          0         60        223         10
  122     121         66       7575          0        180        259         10
  123      93         68       2220          0        120        273         10
  124     112         36         58          0          0        143         10
  125     154         27        443          0        300        426         10
  126      72         39        586         23          0        140         20
  127      76          4       9807       2333        330        431         20
  128     136         69       1344        232        330        472         20
  129      56         19       4992       2542          0        140         20
  130      81        134       4190        363          0        165         20
  131      47        133      11397          0        120        249         10
  132      68          2         26        174          0        145         20
  133      76         78       7643          0         90        229         10
  134     145         69       2080       4330        420        492         20
  135      25         52       2409          0        120        276         10
  136      24        114       1755          0          0        144         10
  137     112         47        105         93        180        265         20
  138     143         87        250          0         90        252         10
  139      57         94       5245        902         30        136         20
  140      97        113       1510       3134         60        192         20
  141      78         74        999          0          0        124         10
  142     136        148         64          0        210        279         10
  143      95         38        433          0          0        100         10
  144      41         73       1594          0          0         97         10
  145     163         99        102          0        120        257         10
  146      46        113       3136          0         60        219         10
  147      85         52         67          0        120        248         10
  148     154         76        333       2490         60        226         20
  149      33         20       2257       6831          0         69         20
  150      19         90       1074          0        120        287         10
  151     110        128        480          0         30        173         10
  152     147         38       1937         50         90        223         20
  153     162        104        601       1506        120        279         20
  154     176         77       5595          0        120        189         10
  155     149         80        984          0         90        235         10
  156      96         87       1842        147        450        527         20
  157      86        135         18       2115         90        257         20
  158      33        137       1169          9        150        263         20
  159     134         33        760          0        360        429         10
  160     102         67       1641         27         60        152         20
  161      89         56        625       1959          0        116         20
  162      81          8       1000        363        300        394         20
  163      53         78        416       1636        420        493         20
  164      22        146       5088          0        180        266         10
  165     148         46         70          0         30        160         10
  166      45         79       1104          0        150        227         10
  167     158         74       1454       1418          0        176         20
  168     152        104       5417       1989          0        172         20
  169      46         46         22      11398        120        216         20
  170      28        139         28          0         60        168         10
  171     162        117       2284          0         60        219         10
  172     105        152        367          0         30        179         10
  173     136         72       1950         36        120        293         20
  174     168         96       2000        101          0        192         20
  175     158         33       1537          0         90        160         10
  176     117        100       1616       5146        150        285         20
  177     109         75       5146          0         60        170         10
  178     186        107       1747          0          0        221         10
  179     107         98         82       5359         60        193         20
  180     153         42        610          0          0        148         10
  181      78         87      15000          0          0        144         10
  182      34         74       2410          0        120        186         10
  183      88         87       9970          0        180        279         10
  184     166         88      10500          0          0        197         10
  185     131         83        315       1751         90        220         20
  186      34         49         84         22          0         96         20
  187     160        101       2010          0          0        176         10
  188      32        112       1555       1924        120        220         20
  189     181         42        294          0         60        204         10
  190     108         42      11329          0          0        109         10
  191     105         62         42          0         90        172         10
  192     124         96        178       1901          0        175         20
  193     158        128       2022          0        210        278         10
  194      82         99       1432       2939        120        207         20
  195      74         66       2529          0          0         94         10
  196      44         78       1873       4411        420        519         20
  197     115         60       1628       1011          0        127         20
  198     168        139         35        643        120        278         20
  199     155         24       1664       1500         30        201         20
  200     109         98        382       5735         30        141         20
  201      28         74        178          0         30        198         10
  202     119         98         19          0        120        243         10
  203      38         68       7844        348          0        107         20
  204      64        132        137          0         60        224         10
  205     109         65       1160       1863         90        253         20
  206      30         45         17       1526        150        277         20
  207      96         81       1570          0          0        130         10
  208      27         22       1614       1875        330        400         20
  209      56         80        470          0         90        225         10
  210     111         65       3524       6652        360        492         20
  211      42        107         23       3646         90        236         20
  212       3         94       4474          0        330        402         10
  213     111         41        306       2191        120        230         20
  214      51         80         35          0         90        216         10
  215      96         36        517       1205         90        264         20
  216      45         78        146          0         90        165         10
  217      85         71        338          0          0        149         10
  218      44         49       2711          0        120        291         10
  219     135         59       1010          0          0        151         10
  220     129         71       7335          0        180        265         10
  221      82         72       2382        526         30        199         20
  222      85         61       8938          0        330        460         10
  223      52        130       1940       1003         60        164         20
  224      55         47       1590       1646         30        158         20
  225     168        140        643          0        360        454         10
  226      45         49        112          0        120        275         10
  227       7        114       1255          0         60        173         10
  228     109         94        292          0         30        172         10
  229      20         98       1926          0         60        237         10
  230      35         63       1931          0          0        100         10
  231     149        136       1418       5946        120        280         20
  232     188         95       9335       2946        120        212         20
  233     134        130      15000          0         90        191         10
  234      61         49       1523          0        150        242         10
  235      71        129      12904         84          0        154         20
  236     169         49       4252          0        300        436         10
  237      97        144       8517        605        420        494         20
  238      32        100       2565          0        150        222         10
  239      38         96        576        433        180        244         20
  240     110         21       2830          0          0        110         10
  241      85         75        110          0          0        115         10
  242      81        139        847          0         90        196         10
  243      13         87       1330          0          0        122         10
  244      55         16        739          0        360        507         10
  245      30        155         18       6217          0        169         20
  246     183         89        248          0          0        193         10
  247      64         12       1443          0          0        143         10
  248      80         11       1799          0        360        524         10
  249      80         46         21          0        120        224         10
  250     140        133       2982      10695         60        203         20
  251      91         73       4176        207         60        131         20
  252      52         10       3033          0        300        425         10
  253      60        148        713       1749         30        182         20
  254      39        107       3078       1042          0        129         20
  255       6         12         30        210          0         73         20
  256     106         59        129        287        150        220         20
  257      21         40         48          0        120        196         10
  258     115         64         92          0        150        252         10
  259      34         65       3800          0        420        522         10
  260     131        104       1308       1932         60        165         20
  261     156         67       9316       1976         60        164         20
  262      11         48       8280       1094         90        192         20
  263      29         24       3492        215        300        427         20
  264     168         49       2697       2025          0        168         20
  265      25        117       5161       1943        330        486         20
  266      77         44       4410          0          0        128         10
  267      85         76      13438          0        300        434         10
  268     155        145        396          0         30        204         10
  269     114         80        646          0        150        224         10
  270      42         62         51        253         30         98         20
  271      52          0       4242          0        120        283         10
  272     188         79        566        126          0        216         20
  273     192         92       1307          0        120        217         10
  274     195         59       1733          0         30        202         10
  275      17        119      13931       1069         90        263         20
  276     100         14       1850          0        120        263         10
  277      71         81       9982         59         60        128         20
  278      55         65       4554          0         30        168         10
  279      24        100       4040          0        150        250         10
  280       5        116       2268          0        360        520         10
  281      73         89       1815       1071        210        282         20
  282     157         96       1116        621         90        230         20
  283     153        115       1624          0          0        184         10
  284      51        115        567       3605         30        192         20
  285     120         97         25          0         60        171         10
  286      86         77        357        986        180        260         20
  287     150        140       3400       2503        120        215         20
  288     155         55        452       9990         30        184         20
  289     148         30       1881       2382         90        218         20
  290     150         81       1824       1361          0        156         20
  291      65         12       3769          0          0         80         10
  292     178        101        248          0         60        190         10
  293     132        121        147          0        150        259         10
  294     131        123        786       5873         30        190         20
  295     126        132       1749       1716         60        228         20
  296     115        114        674          0         30        168         10
  297      60         49       1543         90         30        166         20
  298      69         51       7005       1959        120        239         20
  299      29        131       3180          0        180        290         10
  300     154         31        879        338        120        246         20
  301      89         57        445          0        120        277         10
  302     161         36      14657        343        390        502         20
  303      35         23      11040        503        120        281         20
  304      54        130         76       1859         60        165         20
  305     138         56        108       7691        120        185         20
  306     159         75       5376       3804          0        175         20
  307     121         73         21          0        300        459         10
  308     186         73       2487        847         90        194         20
  309      57        153        299         30        360        455         20
  310     161         95        238         61        120        215         20
  311     111         25       1110          0        120        236         10
  312     157         59        447          0          0        170         10
  313      57          0         86          0          0         67         10
  314      68         94       4472       1951        120        198         20
  315     140        109         60          0         90        199         10
  316     146        129       4764       1829         90        203         20
  317     102        100       1673          0        120        249         10
  318     120         85       3926          0         30        157         10
  319      76        127      10466       2582        120        187         20
  320     192         64      11845          0        420        535         10
  321     145        124        149          0          0        191         10
  322     124        136        994          0         60        188         10
  323     120        149       3823       1756        300        392         20
  324      75         55       2917        363        120        281         20
  325     141        103       2428          0          0        171         10
  326      86         56       7609       7391          0        132         20
  327     182         66       2961        686         60        182         20
  328     169        111        290          0        150        221         10
  329      90        119       1869       9807        360        431         20
  330     148         94      12593       2407        150        227         20
  331     134         55       1993       3211        150        296         20
  332      12         45       1481       6546          0         80         20
  333      29        108        466         91         30        135         20
  334     179         61       3315         98        180        262         20
  335     133         37         13       1030          0        146         20
  336      88        127       1988        553         60        149         20
  337      99         57        146         58          0        141         20
  338     142         91       6861          0         90        256         10
  339      12         30       6037       8963          0        103         20
  340      89         80        448       1710        120        230         20
  341      42        127       2066      12934        120        248         20
  342      52         62       1715       3401          0        108         20
  343      57         91        748          0        120        257         10
  344      72         99       1519       3868        180        290         20
  345     121        142       1553          0        120        205         10
  346      49        131       3327          0          0        159         10
  347      34        124         90         22         30        146         20
  348     132         69        268        345         30        186         20
  349      98         69       2480        219         60        174         20
  350      61          1        456        424        120        278         20
  351     178         62       1822          0        390        529         10
  352     154        131       5120          0          0        201         10
  353      63         90       2683          0        180        251         10
  354     140        125       4694       8547        300        431         20
  355      48        151       1789         40        330        460         20
  356     163         29       4002          0        150        229         10
  357      66        109       1110          0        180        246         10
  358      61         30       2067       6210          0         72         20
  359      92         84       1940       2028        420        522         20
  360     122         66       2433          0          0        148         10
  361      57        117       7204          0         60        140         10
  362      26        142       2377       1745        180        252         20
  363     147         22       3151       5907         60        181         20
  364      68         86       1828          0        120        194         10
  365      86         86         86          0        180        250         10
  366      88         63       5628          0        300        404         10
  367     139         70       9240       2162         30        201         20
  368      73         92       5409        719         60        236         20
  369      72         92       1613          0        150        298         10
  370     176         47       5280          0         90        196         10
  371     123         59       1081          0        390        528         10
  372      76         16       1247          0        120        222         10
  373     141         70        269         12        330        458         20
  374     108        105       5644          0         60        163         10
  375      67         39         15          0          0         95         10
  376     114         77         11        615         30        170         20
  377     117         35        497       2383          0        120         20
  378     160        131         29          0        180        290         10
  379      79        122       2645          0         60        220         10
  380      66        150        152       3714        450        521         20
  381     146         56        260          0         30        161         10
  382      38         73       1018        562        150        294         20
  383      64         44       1799       6800        120        218         20
  384      69         90       3243          0        390        495         10
  385      26         73       6403         37        300        478         20
  386     195         99        192          0         60        213         10
  387     158         24       8394        614        120        284         20
  388      47        137         33          0        120        298         10
  389      39          4       6177        873        330        456         20
  390      76         76       5203         53          0        173         20
  391      95         24        380        190          0        143         20
  392      97        112       2654       1890        120        225         20
  393     102         87         11        383        150        245         20
  394      67         61        352          0        120        289         10
  395      74        120         20          0          0        167         10
  396     100         53        137       1460          0        110         20
  397      74        142       2500          0         30        161         10
  398     194         60       6296        390         60        206         20
  399      19         52       1360          0          0        166         10
  400      25         72       2345       2128        150        294         20
