400_126

CUSTOMER  VEHICLE
NUMBER	  NUMBER     CAPACITY    DispatchingCost
    400     500          40000       100

CUSTOMER
CUST NO.  XCOORD.   YCOORD.   DDEMAND   PDEMAND   READY TIME  DUE TIME   SERVICE TIME

    0      41         23          0          0          0        960          0
    1     126        133       1838          0        330        431         10
    2     146         56        260          0         30        161         10
    3      92         52       2272         40        120        236         20
    4      87        140       2695       3645        150        220         20
    5       5         20       7372       2237         90        255         20
    6     138         53       6618       1944        360        451         20
    7      99        113        202          0          0        153         10
    8      72          3       5874       5907        120        259         20
    9      34        136         68          0        120        204         10
   10      39          4       6177        873        330        456         20
   11      73        113        524       3301        180        286         20
   12      96         68       1183        233         30        191         20
   13     178        101         14          0        180        250         10
   14      49        131       3327          0          0        159         10
   15     123         59       6700       4619         30        204         20
   16     163         99       6623         76          0        186         20
   17     133        102         73          0        120        285         10
   18       8         46        910        960          0         93         20
   19     194         94       1959          0        360        456         10
   20      55         47       1590       1646         30        158         20
   21     105         81         58          0        120        290         10
   22     148         47       1791       3160        150        259         20
   23      57         37         14          0        150        219         10
   24      86        135         18       2115         90        257         20
   25      15         81       3726       2012          0        103         20
   26      81         66       5003       7500        120        230         20
   27     102         49       4353       1293        150        286         20
   28     167        147       1644       1841        150        216         20
   29      53         44        287          0        150        256         10
   30     122         83       4009          0         60        228         10
   31     186         72       2562          0        450        526         10
   32      38         96       3676       2220        330        499         20
   33     142         19       5356          0        330        423         10
   34      40        155        128         35        180        254         20
   35     121        129       2805       1791        180        279         20
   36     104         68        144         74          0        133         20
   37     168        109       2850      11299        180        286         20
   38      30         42       1110          0        120        220         10
   39      86         76        670          0          0        120         10
   40     186        106         84          0        120        211         10
   41     125         79       1293       1492        300        410         20
   42      79        130       1720          0        120        191         10
   43      42         62         51          0         60        172         10
   44      70         55       3033       1094          0        112         20
   45      32         83         84        564          0        134         20
   46     135        136         22        397        120        289         20
   47     105         62         42          0         90        172         10
   48      17         36        298        746        150        250         20
   49       7         32         14          0        120        230         10
   50     124         96       1879          0          0        162         10
   51      71        129         13        101        120        184         20
   52     103         96        112       9040        150        289         20
   53       5        113         74          0         60        130         10
   54      59         14       5199       2975        120        282         20
   55     191         57       1758       2206         90        201         20
   56     169         49       4252          0        300        436         10
   57      17         89       1542         38        120        289         20
   58      88         73      14285        715          0        119         20
   59      82         85       2110          0         90        197         10
   60      52          0       4242          0        120        283         10
   61      87          8        240          0        120        260         10
   62      73         55      14262          0        120        289         10
   63      82         92        564          0         60        228         10
   64     119         15       2659          0        420        480         10
   65      19         13       1044          0          0         64         10
   66      24         59       3281          0        120        220         10
   67      85         61       8938          0        330        460         10
   68      97         46         56       6099        120        244         20
   69      18         22       2684          0          0        102         10
   70     179         67         70       3422        180        263         20
   71     168         49       2348      12652         90        168         20
   72     130        122       9733          0        150        257         10
   73      54        130       4493        879        180        286         20
   74     135         23        213       3093        360        519         20
   75      68         73      10273       4727          0        101         20
   76      91         12       2290          0          0        134         10
   77      95         66         55        102        180        287         20
   78     170        137       1498      13502         90        218         20
   79      93         68       2493          0         30        147         10
   80      56         64       1200          0          0         84         10
   81      35        109       2089          0        120        225         10
   82     106         10       2243       2026        360        496         20
   83      42        125       1889          0        120        194         10
   84     131         44       2513        428        150        226         20
   85      46         18        392          0          0        105         10
   86       9         49       1501          0        150        257         10
   87     169        147       1975       1611         60        223         20
   88      22         44       4416          0        360        458         10
   89     160         23        108        270        120        203         20
   90      45        147       1805        111        120        191         20
   91     168        147       1759       3420        120        230         20
   92     189         85       1869       1825          0        199         20
   93     135        130       4812          0        120        230         10
   94      83         25       2025         40          0        157         20
   95      33         69         72          0          0        128         10
   96     150        127        252        112         90        253         20
   97     114         80       1772       2472         60        224         20
   98      50         85       1874          0         60        198         10
   99     103        128       4840       1094        120        294         20
  100     142        124        720         23        120        254         20
  101     106         54        218        169        180        243         20
  102     162        118       1841          0        180        255         10
  103     129         71       1103          0        360        501         10
  104     119         55        124       5274          0        136         20
  105     142         28      14988         12        150        244         20
  106     101        117        637       2111         60        233         20
  107     174         67        189         91        120        201         20
  108      68         86       1828          0        120        194         10
  109      44         78       1873       4411        420        519         20
  110      47        137         33          0        120        298         10
  111     111         25        700       1224          0        120         20
  112      30         38       1519        107         90        253         20
  113      74        121        458          0         60        167         10
  114     143        102       8871       6129        120        259         20
  115       6         49        350       2338          0         84         20
  116      35          8        130        263        120        294         20
  117     136         72       4622        182          0        150         20
  118      91         95       1931        924         30        144         20
  119      41         73         30          0        300        443         10
  120     127        133        733          0          0        181         10
  121      74        140        108          0        150        277         10
  122      34        147       1520       1641         60        171         20
  123      97         37       1253         95         30        153         20
  124      89         79        987         92         60        167         20
  125     102         75       3753          0         30        136         10
  126     144         54       1416       1838          0        147         20
  127      80         11      15000          0          0         73         10
  128     106         59       4453          0         90        161         10
  129      73         81         86        312        150        293         20
  130      44        101       1242          0         30        183         10
  131     104         81       4870        938         90        260         20
  132     160        136       1923          0        360        466         10
  133      35         97        196          0         90        170         10
  134      89         84         46       1461         60        169         20
  135     100         84        150          0        180        254         10
  136     154        105       2750         12        180        285         20
  137     152         56       1331       1863        150        267         20
  138      92        120       2713          0        150        226         10
  139     131         89       1708          0         30        159         10
  140     137         70       3093        941          0        175         20
  141      73         83         28          0          0        139         10
  142      52         10         94         97        120        287         20
  143     111         65       3524       6652        360        492         20
  144      30         36        468       2067        390        494         20
  145      49         43       6189          0         30        101         10
  146     193         91       2004          0          0        211         10
  147     158         71       3592        231          0        160         20
  148      31        128       3008        982          0        138         20
  149     155         55        178          0        150        248         10
  150     115         96       2703          0        120        281         10
  151     101         85        431       3769        420        521         20
  152      24        109       1096        166        390        459         20
  153      49         88       1526       1790         90        228         20
  154     117        100       6469       8004          0        157         20
  155     197         58       2012          0          0        192         10
  156       1         17         29       1669         60        230         20
  157      93         65        975          0        120        188         10
  158      28         34      13589          0          0        135         10
  159     148         23        926          0          0        141         10
  160      34        127       8560          0        300        454         10
  161     119         11       2041          0          0        132         10
  162     130         59        339       1307        180        294         20
  163      29         24       6196       8804          0         66         20
  164      88         16        204          0          0        101         10
  165     123         66       1816          0        330        410         10
  166     122         30       1332        207         30        154         20
  167      52         46       2445       1778          0         66         20
  168     161         35       5904          0        150        244         10
  169     153        148       3786          0         60        219         10
  170     184         71        335          0        120        196         10
  171     109         94       1274       1998        120        200         20
  172     179        114       1724          0         30        220         10
  173      10         51        117          0        150        296         10
  174      63         90       1747       1114        150        223         20
  175      81         23      15000          0        330        401         10
  176      26          9        681          0        120        261         10
  177     175        124         14        181        120        215         20
  178     170         82       4985          0        120        219         10
  179     121        120       1864          0          0        166         10
  180     131         51       1750          0         90        263         10
  181      27         73       2314          0        300        469         10
  182     147         94       1976          0        120        251         10
  183      91        122        228          0         60        190         10
  184      10         15       1552          0          0        100         10
  185     104         91       5658          0         90        225         10
  186      39        156         94         70        330        447         20
  187      42         14       1514          0          0        159         10
  188      86         52       1157          0         90        251         10
  189      10         48         25         20        120        230         20
  190     139         33      12128       2872        120        282         20
  191     111         70       2613       8002        120        181         20
  192      44         48       1146        110        390        471         20
  193     100         14        396          0        120        255         10
  194      69         51       4815       3808          0        119         20
  195      70         72       2362        180          0        108         20
  196     159         75       7375          0        330        468         10
  197      71         19       3406        567          0         66         20
  198     115         61         14          0         60        166         10
  199     130         68       1514          0          0        140         10
  200     135        121        169          0         30        182         10
  201     145         71       8935       1819        330        466         20
  202     121         66         27       1505         30        129         20
  203      45         54       3180       6006         30        108         20
  204       4         23        236        920        120        223         20
  205      55         65       4554          0         30        168         10
  206      36        143       1200          0         60        213         10
  207      76         87       6305          0        450        525         10
  208     114         27      13557       1443          0        122         20
  209     102        100      13923          0         60        133         10
  210      33        113       1782         96        210        285         20
  211      56         19         11          0        120        254         10
  212     117         42      12636          0        120        188         10
  213     196         74       3743          0        210        292         10
  214      25        155       3138          0        120        252         10
  215      50         93        804       2139          0        105         20
  216     191         97         40        691        180        290         20
  217     164         45        514          0         30        193         10
  218      16         81       2208          0         30        190         10
  219      29        101       2168         29         30        159         20
  220      51        101       1613       3528        150        226         20
  221     120        117       1615       1636          0        157         20
  222     150         79      12923          0        210        287         10
  223      74        142       2500          0         30        161         10
  224     150         81         97        351        180        289         20
  225      78         35        821       1711          0        108         20
  226      16         10       2201         31          0        130         20
  227      21         78      12793       2207        120        225         20
  228     172         77        358          0         60        193         10
  229     146         40         17          0        180        247         10
  230      75        130        263          0         60        165         10
  231     110        119       4225          0        180        249         10
  232     108         46         98          0        120        202         10
  233     103         95         75      10994         90        222         20
  234      44         71       3765         96        150        249         20
  235     148         30       1881       2382         90        218         20
  236      85         45        142          0          0         96         10
  237      77         55        280       1511          0        110         20
  238     109        122         23       6880        120        190         20
  239     185         59       3400       5639        120        206         20
  240      96         81       1570          0          0        130         10
  241     149        141        222       6827        180        297         20
  242      21         40       3810          0          0        140         10
  243     150         53       3160       1628        120        251         20
  244     162        117       3616          0        210        281         10
  245      13         12       1157       1527          0        129         20
  246      60         43        136          0        120        193         10
  247     120        129        108          0        150        252         10
  248      40         86       2078       5659        120        295         20
  249     193         92       2155       4270          0        207         20
  250     106         84       3643          0        150        289         10
  251     167         47       2447       1752        330        440         20
  252     161         36      14657        343        390        502         20
  253      86         99       2432          0          0        165         10
  254     179         72       1473        197         90        224         20
  255      55         67       2489          0        150        227         10
  256      53         78       5064         22          0        101         20
  257     130         46       1352       1010        180        275         20
  258      91         55       6953          0          0        131         10
  259      33        155       6212          0        390        519         10
  260     100         85       1769          0         90        199         10
  261     179         48         45      11000         90        189         20
  262     167         94         86          0        120        186         10
  263      86         67        991          0          0         96         10
  264      42        127       2066      12934        120        248         20
  265      23        118       6397          0         60        201         10
  266     128         72      13201       1799        210        287         20
  267     126         89       1026         57         60        218         20
  268      75         55         74          0        120        232         10
  269      28         14       1745       1926        120        265         20
  270      11         34        715       1709          0        163         20
  271      52         28       8254       2295        420        513         20
  272     106        143       1942          0         60        181         10
  273      95         24        380        190          0        143         20
  274     194         60       6296        390         60        206         20
  275      31          7       1702         87        120        292         20
  276      15        118       1205          0        330        404         10
  277     140         47       5638          0        330        494         10
  278      96         86        212        673        120        288         20
  279     142        131       1682          0        120        180         10
  280      80         70       2014          0        120        276         10
  281      62        154         13       2433        210        296         20
  282      29         31        135          0          0         88         10
  283      87         93         77          0        120        281         10
  284      87         81        949          0        360        471         10
  285      72         39        586         23          0        140         20
  286     117        152        102       6373        210        283         20
  287      53         17       4330          0          0         77         10
  288     163        118       2063       4998         60        186         20
  289      47        133       4963          0         60        232         10
  290     125        102        145          0         60        221         10
  291      62         56         21          0          0        155         10
  292     141         58       2693      10925         30        158         20
  293     109         51       1301        299        300        459         20
  294     164         73       5735          0         60        200         10
  295     114         77         11        615         30        170         20
  296     103         67       5652       1649          0        125         20
  297       7        116         82       2516        150        227         20
  298      66        135       2024          0        120        225         10
  299     153         48        280          0         90        171         10
  300      98        122       2150          0        330        463         10
  301     162         96       1169       6106        210        278         20
  302     175         51       9905        298        300        435         20
  303     176         70       1430        164        120        192         20
  304     137         38        404       1879        120        217         20
  305     127         37       5281        270          0        138         20
  306     154         39       2164          0          0        164         10
  307     142        102       4128       3302         60        184         20
  308      98         69       1568          0        120        256         10
  309     158         33       1537          0         90        160         10
  310      80         64        665         95          0         97         20
  311     150        108       1173       3114        330        470         20
  312      60         37         58      14448          0         65         20
  313      44        133        690        106        150        216         20
  314      66        136       1576        686         60        191         20
  315     107         98         82       5359         60        193         20
  316     106         81       1600          0          0        129         10
  317     172         39        150       2010         60        168         20
  318     169         76       4559         30        150        249         20
  319     110         69       7646         29        300        400         20
  320      59        106       8684          0         60        231         10
  321      90         83       2995          0         60        163         10
  322     177        110         48          0         90        253         10
  323     154         27        443          0        300        426         10
  324      88         87       9970          0        180        279         10
  325     123         53        829       9903        180        246         20
  326       8         10        216       2069        150        286         20
  327     100         53        137       1460          0        110         20
  328     153        122        284       3327         90        200         20
  329      76          4       4633       8065          0         76         20
  330      66        119       1551          0        150        227         10
  331      25        117      14638        287          0        134         20
  332      62        151       5376         22          0        187         20
  333      51        114       3536       5974         60        194         20
  334      32        112       1854          0        120        208         10
  335     112         36         57          0        120        266         10
  336      40         29        860          0        120        283         10
  337      95         90       1636          0        150        272         10
  338     176        113         45          0        120        275         10
  339      11         33       2028          0        120        246         10
  340     151         77         15          0         60        226         10
  341      28        122        563          0          0        135         10
  342      74         95       5497       2199          0        125         20
  343      76         78         13       5049        180        287         20
  344     122         34       1862         70         30        115         20
  345     100        116       1072          0          0        158         10
  346      12         16        690          0        150        288         10
  347      70        126        143          0         60        170         10
  348      14          4         53       4356        120        222         20
  349     185         44        233        984        150        256         20
  350      78         65        960       4741         60        203         20
  351     150         49         57       2075          0        162         20
  352      13        119       2319          0         60        227         10
  353     113         71       2990          0        180        265         10
  354      96         79       3055          0         30        208         10
  355      71         91       5401       1945          0        140         20
  356      36         72       2498        527        300        437         20
  357      83         64        104         25        120        287         20
  358     108         35         26          0        120        288         10
  359     135         26       3579       2020         60        186         20
  360      66        117      10176        845          0        175         20
  361      32         56        182       1771        120        271         20
  362      66        150        152       3714        450        521         20
  363      16        118       3419        191        120        232         20
  364     102         27         33       2085          0         98         20
  365      33        137      14137          0        390        460         10
  366      39        107        542       9983          0        161         20
  367      68          2        198        181          0        115         20
  368     104         70        513       4698         60        165         20
  369     154         76        274          0         60        234         10
  370     147        113       1183        841        300        440         20
  371     170         36       1810         20         60        184         20
  372      97         86       4135      10865          0        154         20
  373     142        136       2434        856        180        240         20
  374     115         31       1754          0        120        245         10
  375      72         86       1687       1497        180        254         20
  376     134        130       2799       3850        120        274         20
  377     133        142       3803          0         60        185         10
  378      78         32       7967       2036          0         81         20
  379      65         88       3389          0        360        517         10
  380     123         52        720          0        180        240         10
  381     100        101        290          0         90        253         10
  382      34        106        384        417          0        148         20
  383     111         67       3489        829        120        236         20
  384     106         85        844          0         60        169         10
  385     197         87         32        127         60        203         20
  386      65        100       1629       8279        120        220         20
  387      73         43         75       1067        120        284         20
  388      73        157       5588        126         90        171         20
  389      79        131       2905       4886        120        217         20
  390     192         92        889       1774         90        205         20
  391      22         15         90          0         30        174         10
  392      46        125        253         17         60        155         20
  393      80         46        735        107          0        168         20
  394     151         22       1517          0         30        160         10
  395      56         10        115       1992          0        135         20
  396     152        146        250          0        390        470         10
  397     156         67       9316       1976         60        164         20
  398      36        146        280       3622         60        189         20
  399      80        139        255          0         90        196         10
  400     164         76       6937       8000         30        189         20
