400_16

CUSTOMER  VEHICLE
NUMBER	  NUMBER     CAPACITY    DispatchingCost
    400     500          40000       100

CUSTOMER
CUST NO.  XCOORD.   YCOORD.   DDEMAND   PDEMAND   READY TIME  DUE TIME   SERVICE TIME

    0      41         23          0          0          0        960          0
    1     179        107      12420        142        120        206         20
    2      74         95       1290        123         30        163         20
    3      71         91        672        305          0        125         20
    4      69         51       4815       3808          0        119         20
    5     107         63       3716       4355         30        185         20
    6     169         49       4252          0        300        436         10
    7     148         23        926          0          0        141         10
    8     120        103      13520        261        120        229         20
    9      74         20       5221       6408        120        229         20
   10     130         59       1572        688        120        212         20
   11     197         70         83          0         60        208         10
   12      51         98        407       8859          0        107         20
   13     137         70       3093        941          0        175         20
   14     161        117        282          0        120        219         10
   15     108         42      11329          0          0        109         10
   16      70         55       1251       5736        330        499         20
   17      53         21       2094          0        120        230         10
   18     102         75       2796          0        210        287         10
   19     120        117       1615       1636          0        157         20
   20     135        130        651       5137        120        260         20
   21      65         12       3769          0          0         80         10
   22     155        145        396          0         30        204         10
   23      87        113       6124          0        120        229         10
   24      95         84       3947          0        210        271         10
   25      74        119         60          0        120        261         10
   26      38         96       3676       2220        330        499         20
   27      84         85         81          0        120        253         10
   28     115         96       3726          0         60        145         10
   29      60         60       2066          0        120        196         10
   30      27        110        745       1298        120        193         20
   31      89         36         11        504          0         79         20
   32      16          3       1657       9040          0         99         20
   33      71        131        146        655         90        198         20
   34      58         88       1900          0        150        271         10
   35     150         20       3561          0        120        197         10
   36      33        113       1782         96        210        285         20
   37     101        120       1250          0        360        469         10
   38      99         56       8544          0          0        109         10
   39     145        134        181          0        300        401         10
   40      36        106         73          0         60        140         10
   41      12         16        690          0        150        288         10
   42      29        130       1851       2076         30        160         20
   43      34        142        432        389          0        171         20
   44      32        115       6757       1941        390        527         20
   45     111         85       3239         34        120        268         20
   46      90         87       2773       3791        390        530         20
   47     150        140       3400       2503        120        215         20
   48      98         69       2480        219         60        174         20
   49      28         81       4605          0          0        105         10
   50      86        140       4314          0        300        416         10
   51      50         64       2911          0          0        109         10
   52      99        108         52        832         30        152         20
   53     176         71       2484          0        120        274         10
   54     110        135       7052       7572        300        400         20
   55      29         35        280          0          0        128         10
   56      88         63       5628          0        300        404         10
   57      72         39         16          0        120        231         10
   58      29         68       1074          0         60        197         10
   59      42         14       2710          0         90        230         10
   60     195         99       3484       2738        120        232         20
   61      49         88        400       1494        120        225         20
   62     100         84       2429          0          0        123         10
   63      34         67      10530        127        120        294         20
   64     104         68        144         74          0        133         20
   65      78         43       1788          0        420        504         10
   66      56         51       3668         21        150        258         20
   67     182         66       2961        686         60        182         20
   68      56        103        152       9040          0        124         20
   69     187         93        703          0        120        225         10
   70      26         76        108       9297        300        404         20
   71     110         92       2702          0         60        221         10
   72      33         70        712       2199         30        183         20
   73     101        117       3956          0        330        441         10
   74     146         88        105          0         60        223         10
   75      53         61       7335        178          0         76         20
   76     143        102       8871       6129        120        259         20
   77     101         85        431       3769        420        521         20
   78      82         99       1432       2939        120        207         20
   79     109         75       5146          0         60        170         10
   80      65         82       2552          0         90        170         10
   81      75         90       5745          0        150        217         10
   82     138         99       1838          0        150        245         10
   83      45         54       3180       6006         30        108         20
   84      78         65         89          0        120        287         10
   85      25        155       3138          0        120        252         10
   86      27        100       2133       1839        390        531         20
   87      73         55      14262          0        120        289         10
   88     150         76         49          0         30        195         10
   89     148        126       1719          0          0        199         10
   90      20         98       1926          0         60        237         10
   91      81         11       1613          0        120        234         10
   92      13         26        384        211        120        187         20
   93     159         75       5376       3804          0        175         20
   94      49        148        772          0          0        161         10
   95      88         72      14867        133        150        244         20
   96     136         72       4622        182          0        150         20
   97      31        128       3008        982          0        138         20
   98     132         62        422          0        120        291         10
   99      77        120         22          0         90        230         10
  100      53         65         70          0         60        199         10
  101     149        141         90          0         60        199         10
  102     142         91       6861          0         90        256         10
  103      64         67       1506        393          0        131         20
  104     150         67        227          0          0        155         10
  105      40         30       1495          0          0        124         10
  106     153         75       5845         36          0        170         20
  107     110        119       4225          0        180        249         10
  108     153        122      15000          0        210        288         10
  109     106         55       1939          0          0        108         10
  110     177         48        264          0        120        283         10
  111      10        117       1920         10         60        148         20
  112     121        120        603      14397         90        164         20
  113     160         37       2511          0         60        153         10
  114      53         57        538         68          0         75         20
  115     178         62       2706          0         30        195         10
  116      76         16         16         49        120        234         20
  117     172         77      11057       1016        300        402         20
  118      61         76      13149          0        300        400         10
  119     149         94        165        502        180        259         20
  120      74        120         20          0          0        167         10
  121      23         10        612          0        120        194         10
  122     120        116       7832          0          0        178         10
  123      32         43        822       2524        120        255         20
  124     194         65         76          0        180        284         10
  125      28        101        650        261          0        118         20
  126      73         89         54          0         90        258         10
  127     153        115       1624          0          0        184         10
  128      60        118       7904       5162         60        141         20
  129      41         74         87          0         90        169         10
  130      60         37         58      14448          0         65         20
  131     140         38        393       2089          0        150         20
  132      78         87      15000          0          0        144         10
  133      17        119        170       2379        150        279         20
  134     181         42        294          0         60        204         10
  135      54        130       4493        879        180        286         20
  136      65         57         72       2160        120        253         20
  137     181         73      15000          0        120        257         10
  138      22         44       4416          0        360        458         10
  139      73         81        256          0          0        157         10
  140      73        113        524       3301        180        286         20
  141      57         94        752          0         90        164         10
  142      88        103       3713          0        180        260         10
  143     148         32      10754       1881         30        164         20
  144     125        103        101       1261         90        233         20
  145      88         73       2290       7406          0        142         20
  146       3         88      15000          0        120        230         10
  147     109        122         23       6880        120        190         20
  148      51        114       1974       1723        300        401         20
  149     127         93       3480        233        180        254         20
  150      81          8       1000        363        300        394         20
  151     160        117         82        290         30        183         20
  152      90         28       4659          0          0        102         10
  153      34        147        233          0        120        212         10
  154     130         68       1514          0          0        140         10
  155      90         83       2995          0         60        163         10
  156       1         25         21       2013         30        188         20
  157      52         62       8107       3808          0         77         20
  158     109         51       1301        299        300        459         20
  159     102         78       8295          0        120        222         10
  160     197         87        781       2435        300        467         20
  161      84         78       2544          0         60        190         10
  162     161         95       5649          0         90        199         10
  163      85         46      13520          0          0        164         10
  164     113         48       2963        624        300        410         20
  165      77         55        280       1511          0        110         20
  166     183         79         57          0         60        220         10
  167     159         83        515        152        120        299         20
  168     110         69       1453        121         60        230         20
  169      22        149       4698         82         30        175         20
  170     117         97       9680          0        360        462         10
  171       7         28         13          0         30        187         10
  172      70        119       1500          0          0        165         10
  173     142         31       1749          0          0        146         10
  174     114         49       2303          0        150        228         10
  175      97         84       3915       6296         90        249         20
  176     150        127       3450         58         90        181         20
  177      61         30         40          0        120        292         10
  178     137         17        493       2819        300        460         20
  179     116         83        550       1777         30        197         20
  180     117        100       6469       8004          0        157         20
  181     137         30        589         90          0        140         20
  182      37         14        902          0          0         76         10
  183     100         67       6851         56         30        135         20
  184      85         10       3602       3479        150        245         20
  185     108         38       1775          0         30        193         10
  186      31         76       1011        179        330        426         20
  187       8         11       6388          0        120        201         10
  188     194         94       1959          0        360        456         10
  189      68         73       4524       5873        120        191         20
  190     124        136        994          0         60        188         10
  191     131         18       2262          0         30        158         10
  192     158        142         94          0         90        201         10
  193     106        143       1942          0         60        181         10
  194     106         68        277       1874          0        123         20
  195     152         75       1838       1919        120        224         20
  196     163         22        272        788        120        243         20
  197      32        112       1555       1924        120        220         20
  198      53         17       4330          0          0         77         10
  199     138        146         31          0         90        208         10
  200     148         92       1711          0          0        173         10
  201      41        145       7246       3055        120        258         20
  202      85         52       4061          0        120        216         10
  203      43         16        992       1009        120        292         20
  204      52         63       2572          0         90        232         10
  205      81        134       1348         82         60        155         20
  206      99         37       1069          0          0        100         10
  207      76         94         44       1776         60        198         20
  208     120         78       5296          0        360        458         10
  209      91         55       6953          0          0        131         10
  210      88         41       2209          0        120        216         10
  211     100         73         96          0        150        256         10
  212      56         19         11          0        120        254         10
  213      51        150       1346       4497         90        249         20
  214      25         47        260          0        120        197         10
  215     128         89       1706       1109        150        245         20
  216     178        101         14          0        180        250         10
  217     131        104       1858          0        150        263         10
  218     148        114        581          0        210        286         10
  219      56         64       1200          0          0         84         10
  220     194         60       6296        390         60        206         20
  221     176         77       5595          0        120        189         10
  222      76         59       1014          0         60        225         10
  223      55        102       1082          0         30        173         10
  224      58          2        324          0         30        200         10
  225      87         69        696       8189        150        256         20
  226      81         81        604          0          0        135         10
  227      77         20        347          0        150        286         10
  228      89         56       1257          0         30        139         10
  229     123         72      10147          0        300        412         10
  230     131         83        299          0         60        155         10
  231      52          0       4242          0        120        283         10
  232      96         82       1738          0          0        137         10
  233     151         82       1594        107         30        185         20
  234     191        100        149        279        120        285         20
  235     186         89       2076          0        120        260         10
  236      44         86         37          0          0         99         10
  237      15         54         12        107        180        278         20
  238     106         54        218        169        180        243         20
  239     127         52        301          0         30        156         10
  240     138         37       3221       1807        330        431         20
  241     177        110         48          0         90        253         10
  242      47         96        920          0        210        283         10
  243      78         98       1310       2948         60        153         20
  244      21         40       3810          0          0        140         10
  245      30         45        198          0        120        233         10
  246       7        117         16      10588         60        175         20
  247     143         87        250          0         90        252         10
  248      38         68       3160          0        360        432         10
  249     164         85        630       5376          0        171         20
  250      91         12       8584          0        300        465         10
  251     162         63        310       3296        390        526         20
  252     131         89       1708          0         30        159         10
  253      88        106       5334          0        420        526         10
  254      57         70       1258       2997        360        467         20
  255      75        126      13578       1422        360        428         20
  256     176        126       5559          0          0        216         10
  257     105         41       2559          0        120        277         10
  258      11         48       9418        749          0        125         20
  259      29        114      11268          0          0        149         10
  260     104         81       4870        938         90        260         20
  261     106         96       8663        587         30        141         20
  262     112         36         57          0        120        266         10
  263     176         70        576          0        360        443         10
  264     112         75       5947          0        390        471         10
  265      76         68        612        406        210        281         20
  266     180         95         29          0        300        423         10
  267     163         99        102          0        120        257         10
  268     174         93        530       5280         90        188         20
  269      45        116       4319        893          0        140         20
  270     105        152        367          0         30        179         10
  271     150         53       3160       1628        120        251         20
  272     140        128         30         17         30        195         20
  273     149        136       1418       5946        120        280         20
  274     141         58       2693      10925         30        158         20
  275     140        125       4694       8547        300        431         20
  276     104        109       1628        251        180        294         20
  277     112        136      14399        334        390        523         20
  278      62        151         60          0        180        264         10
  279      62         56         40        248        120        258         20
  280      79        122       3671          0        180        260         10
  281       6        114       1582          0         90        263         10
  282     121         71       2620       5274          0        126         20
  283     172         43        183          0         90        186         10
  284      75         34        803       5376        120        253         20
  285      21         80       1559        450        420        514         20
  286      36         79         86        212        450        517         20
  287      96         36        517       1205         90        264         20
  288      76         78         13       5049        180        287         20
  289     198         93       5274          0         60        215         10
  290     135         37        820          0        120        284         10
  291     109         94       1512       2434         60        186         20
  292      12         98       1233          0         90        246         10
  293     168         49       2348      12652         90        168         20
  294      82         56       2214          0          0         86         10
  295     155         88         83        748         90        186         20
  296     116         85        152          0         60        141         10
  297     132        144       4836        131        300        401         20
  298     131        123       4519          0         60        194         10
  299      62        154       5309          0        180        273         10
  300      63        150         15       1030        330        403         20
  301      53         78       5064         22          0        101         20
  302      44         48       1146        110        390        471         20
  303     100         19        427       5297        120        227         20
  304      90         74       1490          0          0        111         10
  305      58         21       1892          0          0        135         10
  306      26          9         90        686        120        243         20
  307      34         98        474         23         60        133         20
  308      66         58       1700      13300        120        288         20
  309     188         95       2958          0        120        232         10
  310     108        105       5644          0         60        163         10
  311      40        112      13471          0        120        186         10
  312      63         90       1747       1114        150        223         20
  313     107         93       2516        758        360        430         20
  314     149         34       3794          0        360        424         10
  315     135        136        303          0          0        197         10
  316      53         45       1570          0          0        107         10
  317     170         81       3004      10698         60        191         20
  318     166         83       2535        376          0        189         20
  319     100         23        584          0        120        222         10
  320     142        124        720         23        120        254         20
  321      42         52       1613       2243          0        127         20
  322     147        113         39       2361        120        199         20
  323      93         68       2220          0        120        273         10
  324     139         91       1580        714        150        260         20
  325      60         10       1505          0          0        177         10
  326     162        118       1841          0        180        255         10
  327      40        133       1587       5873         60        158         20
  328      43        122       6257          0         30        164         10
  329     122        128       3545       1686        300        399         20
  330      67         96       1792         81          0        128         20
  331     132         44       3422          0        210        282         10
  332      60         79       4537       1655        300        430         20
  333      29         11       2827          0        120        261         10
  334     103         56       4371       2547        300        475         20
  335     144         18       1092      13908         60        147         20
  336     192         65       1092          0        120        237         10
  337      57         45        202        137        120        186         20
  338      55         60       2170          0        150        232         10
  339     115        114        674          0         30        168         10
  340     109         98       2338       2432        120        246         20
  341     186         72         91       2136         60        206         20
  342      97        144       8517        605        420        494         20
  343      40        155        128         35        180        254         20
  344     132         36         13       2630         90        182         20
  345      91         70        147        589          0        143         20
  346      51          1       1367          0          0        130         10
  347      13          8       2823          0          0        149         10
  348     115         64       2545          0        150        292         10
  349     102         47         56          0         60        229         10
  350     142        131       1682          0        120        180         10
  351      60         13       2205          0        120        205         10
  352     161         87       1361          0          0        184         10
  353      59         81        835          0        120        188         10
  354     167        147       1644       1841        150        216         20
  355     121        147       1605          0        150        260         10
  356      26        127        117       1919        330        435         20
  357     167        103      14692        308        150        214         20
  358      82         72       8065          0        120        265         10
  359     194         80       1352          0          0        205         10
  360     193         91       1440       5669        150        225         20
  361      96        118        111          0         30        172         10
  362      74         92       1473       3547        120        246         20
  363     180         58        107          0         90        264         10
  364     122         40        307       3485        120        198         20
  365      30         54       1318          0          0        134         10
  366      77        132       1221          0         30        200         10
  367     132         27        922          0          0        140         10
  368      80         48        156          0          0        141         10
  369      15         81       1625          0        180        276         10
  370      98         10        165          0          0        133         10
  371      92         59       3425       8935        390        465         20
  372      97         37        103       2795         30        196         20
  373      90        111       1208       9251         60        161         20
  374     159         43       5669       1990        360        466         20
  375      41         73         30          0        300        443         10
  376      62         17        162       2237        300        435         20
  377      72          3       5874       5907        120        259         20
  378     112         47       4377          0        120        200         10
  379      14         34        456          0        120        280         10
  380      86         76        236        288         90        231         20
  381      69         22       7888       3483          0         63         20
  382      21         12        104          0          0        146         10
  383     103        128       4840       1094        120        294         20
  384     102         49       4353       1293        150        286         20
  385     127        122         14          0        120        266         10
  386     164         73       5735          0         60        200         10
  387     123         62       1825          0        300        403         10
  388      57         29        170          0          0        129         10
  389     148         47       1791       3160        150        259         20
  390     154         76       5420          0        180        283         10
  391     139         70       1661          0        150        255         10
  392      66         71       7810       7190          0        103         20
  393      11         33       2028          0        120        246         10
  394     166         88       5588          0         30        195         10
  395     111         65       3524       6652        360        492         20
  396     143        112       2682        236        360        469         20
  397     139        104       1682          0        300        407         10
  398     161         35       5373          0        360        441         10
  399     144         54       1416       1838          0        147         20
  400     128         71         92          0        120        292         10
