400_134

CUSTOMER  VEHICLE
NUMBER	  NUMBER     CAPACITY    DispatchingCost
    400     500          40000       100

CUSTOMER
CUST NO.  XCOORD.   YCOORD.   DDEMAND   PDEMAND   READY TIME  DUE TIME   SERVICE TIME

    0      41         23          0          0          0        960          0
    1     164         90        344      14656        120        186         20
    2      87        113       1519          0         90        169         10
    3       4         23       1989          0        150        244         10
    4     110        135       7052       7572        300        400         20
    5     187         93        703          0        120        225         10
    6     152        146       3114       1844        120        205         20
    7       5        116       2268          0        360        520         10
    8      97         86        559          0         30        147         10
    9      47         51       1248          0        120        202         10
   10     126        111       1629       9241        150        251         20
   11     123        124       6744          0        330        442         10
   12      76         16       1247          0        120        222         10
   13     174         93       1500         15        150        250         20
   14     147        113         39       2361        120        199         20
   15      53         61       7335        178          0         76         20
   16      94        118       1771          0         60        192         10
   17     155         24       1664       1500         30        201         20
   18      91         95       1931        924         30        144         20
   19      58         21        451          0          0        174         10
   20     129         71       1103          0        360        501         10
   21     195         59        736          0         60        200         10
   22      67         61        352          0        120        289         10
   23     134         55       3496          0        120        276         10
   24     109         94        292          0         30        172         10
   25      96        118        111          0         30        172         10
   26      58         79       2086       1894        360        458         20
   27     181         73      15000          0        120        257         10
   28     130         68        149          0         30        156         10
   29     103         96         20       1989        150        281         20
   30      32         23       2963       2419        300        425         20
   31     146         33        127          0         60        232         10
   32     160        108         90        124         30        191         20
   33      30        155       1745       2364        120        269         20
   34      89         56       1257          0         30        139         10
   35     157         59        447          0          0        170         10
   36     132        144       4836        131        300        401         20
   37      48        138        127          0        120        233         10
   38      29         38       2338        449          0        138         20
   39     199         60        253       1149        180        248         20
   40      37         15       3805        746        420        522         20
   41     121         66       2147          0          0        167         10
   42     110        134         18          0        120        254         10
   43     148         46         70          0         30        160         10
   44     179         48         45      11000         90        189         20
   45     160         33       2819          0        420        533         10
   46      41         74         87          0         90        169         10
   47     110         92       2702          0         60        221         10
   48     118         94        325       1706         60        162         20
   49     176        113         45          0        120        275         10
   50      98         10       1801       7044        120        258         20
   51     168         49       2697       2025          0        168         20
   52      69         21       2988         37        120        196         20
   53      38         32       1886          0        420        520         10
   54      76         59       2958          0          0         97         10
   55      93         68       2493          0         30        147         10
   56     150         49      15000          0         30        198         10
   57      52         28        291       1842          0        103         20
   58     137        103       1733          0         30        170         10
   59      22         92         22        356          0        118         20
   60      39        156        179       3625          0        176         20
   61     150         79      12923          0        210        287         10
   62      32         73       3613       1893        360        487         20
   63      78         32       7967       2036          0         81         20
   64      76          4       4633       8065          0         76         20
   65      29         81       1158          0         30        160         10
   66     119         15       2659          0        420        480         10
   67      48        151       1789         40        330        460         20
   68     171         74       1026       6737        180        290         20
   69      17         36        524          0          0        104         10
   70     111         85       2903          0        120        279         10
   71      44         47      13065          0        150        280         10
   72      42         52       1613       2243          0        127         20
   73      29        130        127          0        120        295         10
   74     171        104        123          0         60        225         10
   75      66        152       1090          0         60        227         10
   76     102        120       3112          0        210        291         10
   77      40         29        860          0        120        283         10
   78     106         68       3813          0        360        514         10
   79      47        129        723       1308        120        221         20
   80     146         88        105          0         60        223         10
   81      83         85        300       4834         90        174         20
   82     117         42       1478        505          0        131         20
   83     140         66         72        298          0        154         20
   84      12         15         29          0          0         97         10
   85     101         85       1006          0        120        188         10
   86     135         78      15000          0        300        404         10
   87      73        157       5588        126         90        171         20
   88       8         11       1860        996         60        162         20
   89     120        116        786          0         90        184         10
   90      46        116        290          0        180        280         10
   91      60         79       4537       1655        300        430         20
   92     125        103        998       2362        150        279         20
   93     117         63      11844          0        150        284         10
   94      21         78       3399          0         60        163         10
   95     117        146        498          0        180        249         10
   96      85         76       5364       1506        120        233         20
   97     107         63        800       1174         90        243         20
   98      97         46       1528        525          0         99         20
   99      75        156        695       5746         60        199         20
  100     132         69        268        345         30        186         20
  101      32        112       4944          0        360        513         10
  102     111         25        700       1224          0        120         20
  103      60        151       1891          0        210        281         10
  104      47         62        190          0        120        243         10
  105      24        148        579       9316        180        268         20
  106     158         33        775       1136          0        160         20
  107      57        117       7204          0         60        140         10
  108      28         14        537          0        120        194         10
  109     112         20       8802          0        360        539         10
  110      70         72       2362        180          0        108         20
  111      76         87       6305          0        450        525         10
  112      12         30       6037       8963          0        103         20
  113      65         12       3769          0          0         80         10
  114     132        121       1538       2076         90        185         20
  115      82          8        280          0          0        133         10
  116     185         44        233        984        150        256         20
  117     146         56        260          0         30        161         10
  118      35        109       2089          0        120        225         10
  119       0          8       5321        105        120        223         20
  120     120        103      13520        261        120        229         20
  121      34         98       1429          0         90        220         10
  122     103         55       7407        148        120        197         20
  123      66        109       1110          0        180        246         10
  124     115         90       8548         88        150        286         20
  125     119        140       1919       4387        360        499         20
  126      87         93        784          0        150        294         10
  127      47        133      11397          0        120        249         10
  128      53         65        288        392        120        249         20
  129     196         74       1716       1860        120        211         20
  130      29        110         55        432         60        199         20
  131      96        112         35          0         60        150         10
  132      62        154         13       2433        210        296         20
  133     166         83       2535        376          0        189         20
  134     114         49       2303          0        150        228         10
  135      38         68      15000          0        120        255         10
  136     110         69       1453        121         60        230         20
  137      93        152        603      14397         90        182         20
  138      85         77       7409          0         60        220         10
  139      34        127       8560          0        300        454         10
  140     191         51       3545          0          0        204         10
  141     162        118       2536          0        120        284         10
  142     191         97       4636          0          0        204         10
  143      27         73        330         57        120        289         20
  144      56         10        115       1992          0        135         20
  145      61        103       2360       8296        180        274         20
  146      91         72        129          0         90        230         10
  147      38         96       3676       2220        330        499         20
  148      26        127        117       1919        330        435         20
  149     111         87         10       1976        180        263         20
  150      77         42        512          0        120        271         10
  151     170         65      14449          0         30        177         10
  152     150         46      10588          0         60        199         10
  153      32        100       2565          0        150        222         10
  154      13         26      14853        147        360        463         20
  155     133         37         13       1030          0        146         20
  156     118         86         13          0        360        498         10
  157      19        124       6407        627        120        283         20
  158      96         86       4827          9        120        256         20
  159      34        136       1030          0          0        146         10
  160     122         66       3521          0         90        246         10
  161     101         20        428       1271        120        184         20
  162      20        119       9298          0        120        206         10
  163     148         23       5155          0        450        515         10
  164      48        129       2502        151          0        169         20
  165      73        123         13       8002         60        151         20
  166      85        135        377          0        120        220         10
  167     167        103      14692        308        150        214         20
  168      91         12       8584          0        300        465         10
  169     123         53        829       9903        180        246         20
  170     109         64       3963          0        300        428         10
  171      39         52        100          0        120        201         10
  172      82          7        160       5421        360        526         20
  173      62        151         60          0        180        264         10
  174      67         87       3590          0         90        258         10
  175     123         66       3302          0         60        224         10
  176      96         82       1738          0          0        137         10
  177     191         57       1758       2206         90        201         20
  178      94        103       1518        686        120        260         20
  179      17        119      13931       1069         90        263         20
  180      29        108        306       1816        180        277         20
  181      33         20       2257       6831          0         69         20
  182      64        119        381        180          0        148         20
  183     145         69         44          0         30        143         10
  184     102         87       2047        179        120        259         20
  185      88         16        204          0          0        101         10
  186      18         29       2139        442        120        258         20
  187     123         72        941       1885         60        196         20
  188     110         98        255          0         30        131         10
  189      24        100       4040          0        150        250         10
  190      29        114      11268          0          0        149         10
  191      30         73       1538      13462        300        427         20
  192      48        154       1498          0        120        205         10
  193     113        121        221         44        180        251         20
  194     185         56        943       2538        300        477         20
  195      53         38       1377        666        450        529         20
  196      82        107       2525        182         60        195         20
  197      19          8       1293       1888        150        246         20
  198      36         20        110        718          0        176         20
  199     171         66       1122       7730         30        191         20
  200      34        149        924          0         30        163         10
  201     106        103         17          0         60        194         10
  202      64         12       1443          0          0        143         10
  203     116         85         40          0        330        498         10
  204     174        119       2449       2204        120        215         20
  205      51         98       5190       6318        180        266         20
  206      35         26         19          0        120        224         10
  207     132         93       2419          0         90        231         10
  208     114         19         67          0         30        138         10
  209     115        114        674          0         30        168         10
  210     161         35       5373          0        360        441         10
  211      31        128        343          0        150        251         10
  212      49        148       1504       1889          0        167         20
  213      95         84       3079          0         90        213         10
  214      65         57         72       2160        120        253         20
  215      34         65       3800          0        420        522         10
  216     181         68       1149          0         90        185         10
  217     160        136       1923          0        360        466         10
  218      88         71         70       1644        420        487         20
  219     179        107      12420        142        120        206         20
  220     153         27        132       1985        120        191         20
  221     135         51         64       4551          0        135         20
  222     103        124       3789         80         60        232         20
  223      91         35       4009         41          0        172         20
  224      64         54       8731          0        300        438         10
  225      79        122       2645          0         60        220         10
  226      95         38      10533          0        300        398         10
  227      57         94        752          0         90        164         10
  228     130         44        237          0        120        229         10
  229      42        125        199       1517         60        233         20
  230      62         56         40        248        120        258         20
  231      60        118       7904       5162         60        141         20
  232     141         68       3120          0        330        433         10
  233     139         91       1580        714        150        260         20
  234      89         79        987         92         60        167         20
  235      44         78       1824        841        120        244         20
  236     109         75       5146          0         60        170         10
  237     160         23        108        270        120        203         20
  238      85         61       3805        210         60        151         20
  239      49         88        400       1494        120        225         20
  240      10        117       1817          0          0        149         10
  241     164         45        514          0         30        193         10
  242      78          8       4580          0        330        430         10
  243      95         66        237        525         30        185         20
  244      66        117      10176        845          0        175         20
  245      72         39         16          0        120        231         10
  246     147         57       1502       7667        360        522         20
  247      94         69        107          0        150        254         10
  248      69          1        665       4247          0        134         20
  249       3         90       6679       2977          0        141         20
  250      52        152       3862          0        180        245         10
  251      85         83       6623          0          0        111         10
  252      88         13         60       1333          0        126         20
  253      47        141        257          0        300        408         10
  254      54         96         16          0        120        248         10
  255      68         73       1260          0        150        261         10
  256     101        117        637       2111         60        233         20
  257      53        153         46          0         90        175         10
  258     104         55       4342          0        300        417         10
  259     175        124         14        181        120        215         20
  260     103         95       5044       8107          0        150         20
  261      57         91        197       3956        390        532         20
  262     176         71       2581         20         60        184         20
  263      25         52       5079       2017        180        287         20
  264     106         54         12          0        120        243         10
  265      87        130       3686          0         60        158         10
  266      46        125       1175      13825          0        153         20
  267      28        120       8107          0         60        174         10
  268      52         92       3688          0        150        259         10
  269     199         87       1536        511        450        538         20
  270      65         88        745        299        150        232         20
  271      22        129       4578          0        210        292         10
  272      40         67       9378          0          0         95         10
  273     125         51       2157          0        120        281         10
  274     161        117        282          0        120        219         10
  275      27         84       1142       3496          0        125         20
  276     188         66         98       2542        210        288         20
  277     180         58        107          0         90        264         10
  278     120         85        853       2631          0        163         20
  279      70        126       1688       1036        330        497         20
  280     157         96       1116        621         90        230         20
  281      91         73       4176        207         60        131         20
  282      83         99        222          0         30        190         10
  283      69         24       3371          0          0        172         10
  284      82         99        454       5804        180        275         20
  285     120        124       6209          0         60        223         10
  286     127         93       3480        233        180        254         20
  287     186         83       3419       8738         60        216         20
  288     122        109       1098       3238        180        286         20
  289      41         79       1984       2822         90        197         20
  290     143         87       1059          0        120        296         10
  291     155        145        396          0         30        204         10
  292     107         93       2516        758        360        430         20
  293      48         47         97          0          0        132         10
  294      58         86       1700         43        120        201         20
  295      86        135      15000          0          0        164         10
  296      10         51        613        348        120        259         20
  297      54        104        194      14806        120        186         20
  298     112         36         57          0        120        266         10
  299      60         10       2247          0          0         93         10
  300     163        111       1648       5955        120        258         20
  301     140        133       2982      10695         60        203         20
  302      66         63        617        672        360        469         20
  303     148        114        581          0        210        286         10
  304      98         53       4924      10076         60        133         20
  305      32         83         84        564          0        134         20
  306     120        109         22       1769         60        170         20
  307     149        141         90          0         60        199         10
  308     172        108         11       7575        120        286         20
  309      31         13       1210       3648        180        277         20
  310     121        120        603      14397         90        164         20
  311      29         35        280          0          0        128         10
  312     121         81       1570          0         90        223         10
  313      53         44       5047       1204         60        144         20
  314     128         72      13201       1799        210        287         20
  315     151        109       2331        785        120        188         20
  316      42         14       1514          0          0        159         10
  317      66        135       2116          0         90        200         10
  318     198         85        594          0        120        288         10
  319     103        128       4840       1094        120        294         20
  320      86         77        357        986        180        260         20
  321      35         49         56        259        300        410         20
  322      63        135       7890        890         60        226         20
  323      51        134         14          0        120        275         10
  324     104        109       1628        251        180        294         20
  325      88         54       1037       7180          0        101         20
  326      65         74       1081       6938        150        218         20
  327     130        122       9733          0        150        257         10
  328     183         79         57          0         60        220         10
  329      63        111       1269       2888          0        123         20
  330      55         60       2170          0        150        232         10
  331     198         67       1886          0         30        195         10
  332     102         27       6474       2134          0         95         20
  333     109        122        320          0         30        205         10
  334     101         81         40        319        120        263         20
  335     131         51       2121          0        120        236         10
  336      65         32        147         49        120        201         20
  337      61         31       3879         69        120        288         20
  338     155         74        180          0          0        170         10
  339      31          4       2093          0        120        275         10
  340      73         55      14262          0        120        289         10
  341      63        150       1004       1465        120        232         20
  342       7        116        147       1749        120        281         20
  343      32         56        683          0         30        189         10
  344     123         47       8172          0        360        470         10
  345     142        126        968         17         30        179         20
  346     164        107         48          0        180        280         10
  347      10        116         86       1521         60        226         20
  348     164         73       5735          0         60        200         10
  349     163         29       4002          0        150        229         10
  350      60         13        324          0          0        103         10
  351      96         36        517       1205         90        264         20
  352      53        103        618        889          0        138         20
  353      58          2        272        167        120        198         20
  354     106         55       4592          0        120        293         10
  355     101        111       4531       2816        120        277         20
  356      79          7       2256          0        120        196         10
  357      60         37       1380          0        120        233         10
  358      41         70        684          0          0        172         10
  359      66        119       1551          0        150        227         10
  360     160         56        553        465          0        177         20
  361     154         76       5420          0        180        283         10
  362      14        122       2794       5189          0        137         20
  363     154         31        879        338        120        246         20
  364     149         29       8095          0          0        151         10
  365     180         65       1322          0         90        232         10
  366       1         17         29       1669         60        230         20
  367     173        111       5692          0        420        498         10
  368     170         82       4985          0        120        219         10
  369       5         20       1230       6346        120        212         20
  370     137        145        199      11844        120        246         20
  371     124        136        994          0         60        188         10
  372     180         95         29          0        300        423         10
  373      80         70       2014          0        120        276         10
  374       7         18         66         20        150        265         20
  375      52        130       1940       1003         60        164         20
  376     158         74       1454       1418          0        176         20
  377     110        119       1017          0        210        288         10
  378     142         91       6861          0         90        256         10
  379     197         87         32        127         60        203         20
  380     166         28      11551        984         30        194         20
  381      39        107       3078       1042          0        129         20
  382     182        107         65        399          0        206         20
  383     105         81       1985        894        180        249         20
  384     106         96        379       2490         90        198         20
  385      12         55       3909         68        120        256         20
  386     198         79       3403          0         60        222         10
  387      97        113      10426         61         30        166         20
  388      27         46        210         59        120        204         20
  389      36        106         73          0         60        140         10
  390      33        155       6212          0        390        519         10
  391     120        129       2763          0        180        256         10
  392      35         63       1931          0          0        100         10
  393      34         63        152          0         60        225         10
  394      30         36        468       2067        390        494         20
  395     150         20        176        388         90        174         20
  396      61         49       1523          0        150        242         10
  397     144         18       1092      13908         60        147         20
  398      34         74       1589          0        150        274         10
  399      20         98       2460         49         30        206         20
  400      47        137        248        413        150        245         20
