400_136

CUSTOMER  VEHICLE
NUMBER	  NUMBER     CAPACITY    DispatchingCost
    400     500          40000       100

CUSTOMER
CUST NO.  XCOORD.   YCOORD.   DDEMAND   PDEMAND   READY TIME  DUE TIME   SERVICE TIME

    0      41         23          0          0          0        960          0
    1     111         70       5395       2706         90        173         20
    2     147         61       1269          0        420        495         10
    3     112         47       4377          0        120        200         10
    4      12         98      14989         11        330        433         20
    5      15         37         90       6257        180        253         20
    6      98         10        165          0          0        133         10
    7     139         66       1790          0        150        219         10
    8     115         64         92          0        150        252         10
    9      66        119       1551          0        150        227         10
   10       8         10         42       8254        150        292         20
   11     162        118       1841          0        180        255         10
   12     115         83       7608          0         60        160         10
   13      74         63       2340       8107        120        225         20
   14      52        130      15000          0         60        222         10
   15     185         44        233        984        150        256         20
   16      59         14       5199       2975        120        282         20
   17     159         75       7375          0        330        468         10
   18      45         49        112          0        120        275         10
   19     101         81        196          0         60        224         10
   20     183         79       2944         36        120        287         20
   21     102         93       2828       1365        360        427         20
   22     122         34       1862         70         30        115         20
   23     150        131       1010          0        180        250         10
   24      86         76        670          0          0        120         10
   25     143         66         95       1872         60        148         20
   26     155         74       1604       7172        180        274         20
   27      25        114       1651          0        150        221         10
   28      51         47        233          0          0        102         10
   29     133         89       5152        235        120        285         20
   30      56         19         11          0        120        254         10
   31     121         45       2293       7629         90        167         20
   32     104         70        279       2024        120        183         20
   33      93         68        831         85        150        222         20
   34     146        130       1611          0        180        278         10
   35     179         67        382       1583         60        193         20
   36      54         40         95          0        120        220         10
   37      59         48       8964          0        120        190         10
   38      71        107        655          0          0        133         10
   39     132        121       1538       2076         90        185         20
   40       5         36       1577          0          0        167         10
   41      87          8        240          0        120        260         10
   42      40        155        117          0          0        176         10
   43      76         16       1247          0        120        222         10
   44      84         78       6367        925          0        160         20
   45      99         54       2078          0          0        135         10
   46      34        142        432        389          0        171         20
   47      42        127       6038       8962        360        528         20
   48     162        104       9484        514         60        195         20
   49     160         77         26       3784          0        164         20
   50     120        124       6209          0         60        223         10
   51     132        151         46          0         30        204         10
   52      27         76        563       7334          0        108         20
   53     114         19         67          0         30        138         10
   54     170        118       1758          0        390        454         10
   55      51         80         35          0         90        216         10
   56     156         42        432         72        300        408         20
   57      20         39       2089       5003        150        253         20
   58      67         87       3590          0         90        258         10
   59      21         12      15000          0          0        142         10
   60      91         12       8584          0        300        465         10
   61      98        122       2566          0        120        290         10
   62     127        122         14          0        120        266         10
   63      78          8       4580          0        330        430         10
   64      31         40      14657        343        330        433         20
   65     138         37       3221       1807        330        431         20
   66      74        142       2887          0         60        193         10
   67      48          5       1638       4183        450        526         20
   68      52          0        487          0        120        228         10
   69      29        131       1225       2550        300        396         20
   70      36         20       2287        292        120        282         20
   71      87         81        949          0        360        471         10
   72      74        120         20          0          0        167         10
   73     125        102        145          0         60        221         10
   74      70         64        104       5643        300        427         20
   75     156         67         12       7501         90        203         20
   76     121        143       4376          0        330        471         10
   77     122         65       7557         88        300        411         20
   78      30        155       1745       2364        120        269         20
   79     131         51       2121          0        120        236         10
   80      66        136       1576        686         60        191         20
   81      64         71        840       3155        300        416         20
   82     141        142       2973        620         60        236         20
   83     133        100       3751       1524        390        527         20
   84      66        152       3277         72          0        161         20
   85     148        128       1544       1286         30        200         20
   86      22        149       4211          0        450        521         10
   87     146        112       3512          0         90        178         10
   88     130         44         30          0         60        234         10
   89     106        103         56        943         90        166         20
   90      34        124       9338          0        120        284         10
   91     166         28      11551        984         30        194         20
   92     176        113         45          0        120        275         10
   93      78         74        443          0         60        140         10
   94     153        146       2403       1306        390        533         20
   95     137        103       1733          0         30        170         10
   96     111         25        700       1224          0        120         20
   97      10         15        283          0        120        283         10
   98      38         32       1886          0        420        520         10
   99      22        146       5088          0        180        266         10
  100      90         28       4659          0          0        102         10
  101      87         93         35          0          0        128         10
  102      86         80        437        941         90        230         20
  103      95         66        237        525         30        185         20
  104     129         72       2012       1440         90        174         20
  105      59        106       8684          0         60        231         10
  106      44         49       2711          0        120        291         10
  107     147         38       1937         50         90        223         20
  108      39        139        663        180        180        290         20
  109     121         66         27       1505         30        129         20
  110     127         52        301          0         30        156         10
  111      50         85       1874          0         60        198         10
  112     135         51        172         41        120        247         20
  113     132        136       5071          0        360        528         10
  114     174         99       2160        447          0        203         20
  115      40         86       2078       5659        120        295         20
  116      55         47       1285        100        390        490         20
  117      57        144       1183       1365        390        517         20
  118       9        114        525          0         30        190         10
  119     155         55        178          0        150        248         10
  120      88         13         60       1333          0        126         20
  121      21         41       7170          0          0        102         10
  122      85        102       2066        249         60        202         20
  123     144         86       6707       6109        120        228         20
  124      49         47         31        747          0        101         20
  125      93         84       3602          0        120        227         10
  126     132         62        422          0        120        291         10
  127     160        136       1923          0        360        466         10
  128     176         46       2784        182         90        183         20
  129     155        145        238          0         60        233         10
  130      97         46       1528        525          0         99         20
  131      62         67       2332          0        360        441         10
  132      91         35        111          0          0        115         10
  133     175         51       9905        298        300        435         20
  134      27        127       6599          0        300        414         10
  135      35         97        196          0         90        170         10
  136     101        117       2024         28          0        151         20
  137     148         94       7866          0        450        539         10
  138      60         10       2247          0          0         93         10
  139     131         83        315       1751         90        220         20
  140      79          7       4270       2827        120        280         20
  141      30         38         14       9754        120        254         20
  142      76        127       4385          0        330        405         10
  143      13         26      14853        147        360        463         20
  144     176         70        576          0        360        443         10
  145     112         74        350          0         60        182         10
  146     187         54       3502          0          0        189         10
  147      47        133      11397          0        120        249         10
  148      97         86       4135      10865          0        154         20
  149     154        131       5120          0          0        201         10
  150     144         18        498        686        120        218         20
  151     113         48       2963        624        300        410         20
  152     143         87       1059          0        120        296         10
  153      31          4       4408         12        330        490         20
  154     121         91        476          0        150        263         10
  155      29        101       2168         29         30        159         20
  156      77          6        503          0        120        228         10
  157      41         74        113         41         30         99         20
  158     150        140         35          0        120        296         10
  159      78         98        462       2331         90        237         20
  160     128         89       1706       1109        150        245         20
  161     180         65       1322          0         90        232         10
  162     117        100         13          0         30        160         10
  163      64        132        137          0         60        224         10
  164       8         46        910        960          0         93         20
  165      34         74       2410          0        120        186         10
  166      57         29        170          0          0        129         10
  167      29         35        280          0          0        128         10
  168      37         14        894          0        120        259         10
  169      38        113        470       2221         60        207         20
  170      61         30       2067       6210          0         72         20
  171      93        152        603      14397         90        182         20
  172     138         53       6618       1944        360        451         20
  173      19         52        984       5904         30        129         20
  174     114         49       2303          0        150        228         10
  175      88        103         82        326         60        134         20
  176     157         96       1116        621         90        230         20
  177     123         66       3302          0         60        224         10
  178      92         84       1989         56         60        146         20
  179     113         64        311          0        150        291         10
  180      31        101       5872          0        120        217         10
  181      88         61        363          0        330        474         10
  182     134         89        282        197        360        437         20
  183      86         56       7609       7391          0        132         20
  184      70         55        181          0          0        147         10
  185     152        146        505          0         90        231         10
  186     104         81       1648       1817          0        132         20
  187     153        115       1744         97        120        275         20
  188      12         15         29          0          0         97         10
  189      80        117       1938          0        150        247         10
  190     181         76        134        217        120        247         20
  191      73         81        256          0          0        157         10
  192      32         83         84        564          0        134         20
  193      79        131        170          0         30        158         10
  194      11         48       9418        749          0        125         20
  195     100        101      10151       2654         60        201         20
  196     102        100      13923          0         60        133         10
  197     161         36      14657        343        390        502         20
  198      17         89       1542         38        120        289         20
  199      82         99        454       5804        180        275         20
  200      52        152       3862          0        180        245         10
  201     139        107        481          0        120        230         10
  202      78          6       2902       1882        120        196         20
  203     186        106         84          0        120        211         10
  204      65         12       3769          0          0         80         10
  205     111         41        306       2191        120        230         20
  206     129         89         34          0         30        169         10
  207      68         86        211       5088         60        201         20
  208     164         90      12955       2045        300        399         20
  209       2         17        257          0        120        250         10
  210     121        129       2805       1791        180        279         20
  211     108         29       6317          0        420        527         10
  212     103         96         36          0         90        165         10
  213      85         74       3146        252        150        233         20
  214     104         91       1115        109         90        161         20
  215      91         95       1931        924         30        144         20
  216      30         43         37          0        120        253         10
  217      20        119       9298          0        120        206         10
  218     112        136      14399        334        390        523         20
  219     192         92       5136          0        120        296         10
  220      68         95         50        538          0        122         20
  221     114         48       4493          0        330        462         10
  222      25         50       7260       2850        120        236         20
  223      55         91       4855          0        120        235         10
  224      90        111       1208       9251         60        161         20
  225      97        113       1510       3134         60        192         20
  226     122        128       3545       1686        300        399         20
  227     123         54      12556          0        150        238         10
  228      85         45        142          0          0         96         10
  229     106         59       4453          0         90        161         10
  230      46        113       3136          0         60        219         10
  231      97        144       8517        605        420        494         20
  232     108        151      15000          0        300        395         10
  233     119         55       1464          0         30        165         10
  234      76         59       1014          0         60        225         10
  235      52         61       1464       1944          0        101         20
  236     114         77         11        615         30        170         20
  237      28         75        589          0        390        496         10
  238     151         82         39          0        150        259         10
  239     118         67        576          0         60        167         10
  240     166         83       2535        376          0        189         20
  241      82         72       2382        526         30        199         20
  242     193         91       1440       5669        150        225         20
  243      76         87       6305          0        450        525         10
  244      33        113       1782         96        210        285         20
  245      32          5        585          0        120        246         10
  246     135        136        303          0          0        197         10
  247     107         98         82       5359         60        193         20
  248     137         30        589         90          0        140         20
  249      57         37         14          0        150        219         10
  250     106         68      15000          0         30        170         10
  251      93         50        710      14290          0         98         20
  252     148         47       1068       9983          0        148         20
  253      80         64        665         95          0         97         20
  254      12         45       2192          0         60        133         10
  255     158         74        345       1149        150        275         20
  256     194         82       4993         99         60        206         20
  257      11         17       2253        197          0        131         20
  258     160        118       6111       1029         90        224         20
  259      70         72       2975          0        120        253         10
  260     138        128       2515       7408         90        256         20
  261     174         66         14        228          0        181         20
  262      27         22       1614       1875        330        400         20
  263     119         33       1577       2214        120        277         20
  264     107         61       2635          0          0        169         10
  265      72         92       1613          0        150        298         10
  266      92         52       2272         40        120        236         20
  267     169        147         10          0         60        217         10
  268     126        106         31       1157          0        159         20
  269      80         11       1799          0        360        524         10
  270     100         84        150          0        180        254         10
  271      33         20        720          0          0        168         10
  272     135         29       4413       2159         30        143         20
  273      16          3       1657       9040          0         99         20
  274       8         81       1748         91         60        162         20
  275     158         33       1537          0         90        160         10
  276     149         94        165        502        180        259         20
  277     180         58       3535         63          0        196         20
  278      40        112      13471          0        120        186         10
  279      83        141        744          0        150        228         10
  280     123         52        720          0        180        240         10
  281      63         90       7354       1614        120        204         20
  282     177         74         50        113         60        200         20
  283      60        118       7904       5162         60        141         20
  284      61         76       6572          0         30        164         10
  285      63        111        378          0         90        262         10
  286      77         44       4410          0          0        128         10
  287      59        134       2995          0        300        470         10
  288      73        157        383          0        300        456         10
  289      58         88       1900          0        150        271         10
  290     111         87         10       1976        180        263         20
  291     171         74       1026       6737        180        290         20
  292     122         66       2433          0          0        148         10
  293      30        106         40      11057        180        280         20
  294      68         96         65          0        150        242         10
  295     168         75       4492        515          0        183         20
  296      99         37       1069          0          0        100         10
  297     127        105       2583          0         90        247         10
  298     140        133       2253          0         60        196         10
  299     190         58        120          0          0        204         10
  300      51        150       1346       4497         90        249         20
  301       7          4       1847        908        120        253         20
  302      88         67        619          0         90        216         10
  303      72          3       2977       2254          0        163         20
  304      57          0       4103        156        120        247         20
  305      61         49       1613       5466        120        195         20
  306      15          3        841       1915         30        187         20
  307      61         63        183          0         30        140         10
  308      80         46         21          0        120        224         10
  309      84         66       3127          0        300        434         10
  310      30         73       1538      13462        300        427         20
  311     116         83        365          0        120        227         10
  312      39         52        100          0        120        201         10
  313      75        156        323         11         90        235         20
  314     124        136        994          0         60        188         10
  315      66         71       7810       7190          0        103         20
  316      43         16       3023        129        120        231         20
  317     112         20        189          0        120        281         10
  318      92         70       5901          0        180        280         10
  319     170         65      14449          0         30        177         10
  320       9         49         10       1737        120        191         20
  321      82         92        564          0         60        228         10
  322     113         37         38       1293          0        132         20
  323      68         21       3467          0        120        254         10
  324      33         70        712       2199         30        183         20
  325     123         72        941       1885         60        196         20
  326     142         91        108       4191        120        287         20
  327     166         88       5588          0         30        195         10
  328      82         56       2214          0          0         86         10
  329      15        118       1205          0        330        404         10
  330      56         64       1200          0          0         84         10
  331      43        129       1640          0         60        141         10
  332      28         45       7004          0         30        130         10
  333      48         46       1206          0        330        504         10
  334      19         13        108          0         90        247         10
  335     185         73       1929       2138         60        194         20
  336      48         74       3945          0          0        110         10
  337     171         80      14914         86        120        198         20
  338      70         51        396          0         60        228         10
  339      51        114       3536       5974         60        194         20
  340     110         21        806          0        330        464         10
  341      33        137      14137          0        390        460         10
  342     177        110       2025          0        120        261         10
  343     112        138      14049        878         90        173         20
  344      34        149       2036          0         60        235         10
  345      38         73         30          0          0        110         10
  346      88        127       4289          0         30        203         10
  347       1         19       7206          0        420        524         10
  348     141         30        886          0         60        212         10
  349     102         27         33       2085          0         98         20
  350     150        127        252        112         90        253         20
  351      55         65        330       1770        120        285         20
  352     169         49       5959          0        180        287         10
  353     132         27         14          0         90        192         10
  354      37        123        451       2447        300        410         20
  355      21          7       7043        123          0        161         20
  356     139        144        960          0         90        210         10
  357      75        130        340          0         90        163         10
  358      26        126        248       2684        120        237         20
  359     193         92       2155       4270          0        207         20
  360     113        121        221         44        180        251         20
  361      65         86         98          0        150        229         10
  362      28         14        537          0        120        194         10
  363       7         33        300       6210          0        137         20
  364     123         53        438       5972         30        192         20
  365       1         25         21       2013         30        188         20
  366     160         92        750       2077         60        218         20
  367       5        116       2268          0        360        520         10
  368      69         90       3243          0        390        495         10
  369     106         55        309          0          0        165         10
  370     142         35       6869          0        150        294         10
  371      20        145        101          0          0        177         10
  372       4         23        236        920        120        223         20
  373      95        146       1549          0         90        195         10
  374      56         49       1691       6109        120        260         20
  375      34         98       1429          0         90        220         10
  376      76         78       3955       4377        120        287         20
  377      70         76         19      11041          0        104         20
  378     175        124         14        181        120        215         20
  379     195         99       3484       2738        120        232         20
  380      90         16       1667       4478         30        198         20
  381     120         85        615        452         90        220         20
  382      43        136      12933          0        390        500         10
  383       6         49        350       2338          0         84         20
  384     100         29       3137        668          0        114         20
  385      71        130       1104          0         90        263         10
  386     167         57       3868        200         60        201         20
  387     151        120       2582          0        300        443         10
  388     108         42      11329          0          0        109         10
  389     142         59        291          0         30        172         10
  390      80         70       2014          0        120        276         10
  391      51          1       1834       3239         30        141         20
  392       6         12         30        210          0         73         20
  393      86         52       1738          0          0        130         10
  394     141         58       4199       2130        360        473         20
  395      15         36       1121          0        210        276         10
  396      87        139         60          0         90        167         10
  397      17         18       3480          0          0        104         10
  398     142        136       8188        204         60        190         20
  399      65         82       2552          0         90        170         10
  400     177        112        280        193          0        200         20
