400_138

CUSTOMER  VEHICLE
NUMBER	  NUMBER     CAPACITY    DispatchingCost
    400     500          40000       100

CUSTOMER
CUST NO.  XCOORD.   YCOORD.   DDEMAND   PDEMAND   READY TIME  DUE TIME   SERVICE TIME

    0      41         23          0          0          0        960          0
    1     116         94        181          0        120        203         10
    2     155         27       3282          0         30        205         10
    3     104         81       5116       4558        120        202         20
    4      96         86        212        673        120        288         20
    5     120        117       2765          0         30        158         10
    6      41         79        367        539        120        283         20
    7     133        102       3993          0         30        171         10
    8     109         98        382       5735         30        141         20
    9      71         81       2228       7966         30        173         20
   10     150        140       3400       2503        120        215         20
   11      97        113      10426         61         30        166         20
   12      58          2        324          0         30        200         10
   13     183        102       2558        334        120        228         20
   14     133        100       3751       1524        390        527         20
   15     104         91       1115        109         90        161         20
   16     121         73         21          0        300        459         10
   17      39        156        179       3625          0        176         20
   18      48        129       2502        151          0        169         20
   19      77         55        280       1511          0        110         20
   20      40        133       1587       5873         60        158         20
   21      77         44       4410          0          0        128         10
   22      88         16        204          0          0        101         10
   23      34        127       5945          0        120        254         10
   24      56         19       4992       2542          0        140         20
   25     186        107       1747          0          0        221         10
   26      74         63       2340       8107        120        225         20
   27      13        119       2319          0         60        227         10
   28     106        103         17          0         60        194         10
   29     151         49       6368          0          0        160         10
   30      78         84       1819         76         90        260         20
   31     150         20        176        388         90        174         20
   32     152         75       1838       1919        120        224         20
   33     117        100       6469       8004          0        157         20
   34      53         78        416       1636        420        493         20
   35      40        112       1854          0        390        460         10
   36      50         64       2911          0          0        109         10
   37     100         73         96          0        150        256         10
   38     107         61       2635          0          0        169         10
   39      22        101         82      14918         60        137         20
   40     122         83       1952          0        180        277         10
   41      48         83       2181       2064        120        233         20
   42     120         97         25          0         60        171         10
   43       8         46       1713          0        180        266         10
   44      41         73         30          0        300        443         10
   45     137         49        501          0          0        157         10
   46     160        117         82        290         30        183         20
   47     142         91        108       4191        120        287         20
   48     119         45       1008        697          0        129         20
   49     161         36        408          0        120        252         10
   50      91         95       1257       6161         30        123         20
   51      56         51         13        699        150        280         20
   52     120        124       6209          0         60        223         10
   53      83         85        300       4834         90        174         20
   54      42        107         23       3646         90        236         20
   55     139        144        960          0         90        210         10
   56     160         56        553        465          0        177         20
   57     158         24       5374          0          0        166         10
   58     184         71       5419       1364         60        201         20
   59      41        145       7246       3055        120        258         20
   60     101         81         40        319        120        263         20
   61      88         61        363          0        330        474         10
   62     118         94       3792          0        120        202         10
   63      57         72        155          0        300        408         10
   64     122         34       2224          0        120        223         10
   65     122         30       1750         48        120        247         20
   66     152        146        505          0         90        231         10
   67      47         96       5906          0         90        190         10
   68      53         44       5047       1204         60        144         20
   69     109         94        292          0         30        172         10
   70     106         55       1939          0          0        108         10
   71      41         70        684          0          0        172         10
   72      86         67        120          0          0        159         10
   73      38        113        470       2221         60        207         20
   74     134         73       1174       5745         30        143         20
   75      34         74       2410          0        120        186         10
   76       6         26        103        338         30        167         20
   77      25        114       1651          0        150        221         10
   78      81         66       5003       7500        120        230         20
   79      65         79         29       9866        330        493         20
   80     153        148         43      14957         60        217         20
   81      67         96       1792         81          0        128         20
   82     174         54       1034          0        180        264         10
   83     198         93       5274          0         60        215         10
   84       9         44        287          0        390        467         10
   85     174         93        530       5280         90        188         20
   86     102         49       4353       1293        150        286         20
   87      82         15        133          0        120        254         10
   88      57         29        170          0          0        129         10
   89      21         98       3613       6345        120        220         20
   90      95         84       3947          0        210        271         10
   91      85         52       4061          0        120        216         10
   92     113        121        221         44        180        251         20
   93      59        134        864          0        120        196         10
   94      60        122        249       3793         60        219         20
   95     173         56        817       2138        120        258         20
   96     108         46         98          0        120        202         10
   97      69          1        665       4247          0        134         20
   98     160         74       8312          0         60        171         10
   99     147         57       1502       7667        360        522         20
  100      86        135         18       2115         90        257         20
  101      27         24         52          0          0        138         10
  102      29         81         33       4814         60        189         20
  103     113         37         38       1293          0        132         20
  104      98         46      15000          0        120        277         10
  105     179         72         30         54         60        190         20
  106     120         78       5296          0        360        458         10
  107      37         14        894          0        120        259         10
  108      87        101         84        149         60        127         20
  109      57         37         14          0        150        219         10
  110      36         87        913      10752        180        297         20
  111      53         37       1685        404        360        499         20
  112      88         67       3417        697        390        526         20
  113      28         14        537          0        120        194         10
  114     169         76         21          0         30        185         10
  115     168        109       3646          0         60        190         10
  116     130        148       1672          0        150        233         10
  117     160         22       1246        151        390        467         20
  118      16          6        552       5947        120        219         20
  119      82         56        213          0          0        102         10
  120     141         70        269         12        330        458         20
  121      34         33         57          0         30        165         10
  122     108         42       1538       3504        120        271         20
  123      73        157       1944          0        180        263         10
  124      89         80       6860          0         30        142         10
  125      19         52        984       5904         30        129         20
  126      54         40         95          0        120        220         10
  127      51        115        567       3605         30        192         20
  128     119         55        124       5274          0        136         20
  129      75        130        263          0         60        165         10
  130     119         98       5888       7915        180        281         20
  131      54          2       7666          0         30        110         10
  132      96         81       6831          0        120        198         10
  133      36        153        203        144        390        475         20
  134     189        101        830          0        180        281         10
  135      67         80        420          0        150        258         10
  136      20         39       2089       5003        150        253         20
  137      40        155        128         35        180        254         20
  138      86         99         17        389         30        138         20
  139      89         84         46       1461         60        169         20
  140     107         77       3716          0          0        153         10
  141      12         55       1489          0        330        424         10
  142      73         89       1815       1071        210        282         20
  143      91        122        228          0         60        190         10
  144      69         24        108        117          0        144         20
  145      74         66       2215          0        120        250         10
  146     167        103      14692        308        150        214         20
  147      97         68       2799          0        120        211         10
  148      56        103       1715          0         60        191         10
  149     173         95       3140       2399          0        199         20
  150     144         54       5306          0          0        146         10
  151      46         46         22      11398        120        216         20
  152     141        103         49       1836          0        171         20
  153      96        112         12        285        120        254         20
  154      65         12       3769          0          0         80         10
  155     159         83        515        152        120        299         20
  156      91         55       6953          0          0        131         10
  157     188         95       9335       2946        120        212         20
  158     115        114       2497       2138        150        280         20
  159     132         69        268        345         30        186         20
  160     161         95        238         61        120        215         20
  161      23        102        617       2432        390        464         20
  162     167         35      11558       3442        150        218         20
  163     164         70       2361       1816        300        428         20
  164      54         96         16          0        120        248         10
  165      74        119         60          0        120        261         10
  166      25         47      14315          0          0        133         10
  167     160        101       2010          0          0        176         10
  168     121        142       1557      13443        120        242         20
  169     186         74      10924          0        300        457         10
  170     132         48        526         24          0        134         20
  171      50        123        657          0        150        296         10
  172      28         74        252          0         90        172         10
  173      97         46       1528        525          0         99         20
  174      52        130      15000          0         60        222         10
  175     105        126         36          0        120        200         10
  176      70         76         19      11041          0        104         20
  177     128         56        200       1556        150        241         20
  178     150         70       3899        511        300        469         20
  179      80         64        414          0          0         99         10
  180      73         81         86        312        150        293         20
  181     137         30        589         90          0        140         20
  182      11         48       8280       1094         90        192         20
  183      66        117      10176        845          0        175         20
  184     186         73       2487        847         90        194         20
  185      18         37         47         17        120        254         20
  186     121         91        476          0        150        263         10
  187      68         86        211       5088         60        201         20
  188      30        155       1745       2364        120        269         20
  189     173         85       4842        248         60        183         20
  190     133        142       3803          0         60        185         10
  191      13          8       2823          0          0        149         10
  192      95        146       1531        690         60        175         20
  193      85         71        338          0          0        149         10
  194      71        130        142          0        120        235         10
  195      85         77        259       1035          0        175         20
  196      80         11       1799          0        360        524         10
  197     100         29       3137        668          0        114         20
  198      38         73       1018        562        150        294         20
  199     116         43        480       1500          0        129         20
  200     126        132       1749       1716         60        228         20
  201     112         47        105         93        180        265         20
  202      13         26        384        211        120        187         20
  203       2         17       1772          0         30        156         10
  204      31         40       1222          0          0        143         10
  205     123         66       3302          0         60        224         10
  206      16        118       3419        191        120        232         20
  207     142        124       3269          0        120        281         10
  208     127        133        733          0          0        181         10
  209     144         18        498        686        120        218         20
  210      19        124       5553        619          0        135         20
  211      79        130       1720          0        120        191         10
  212     148         94      12593       2407        150        227         20
  213     136        148         58          0         90        228         10
  214      71         19         17        443          0        140         20
  215      98         69       1568          0        120        256         10
  216     134         55       1993       3211        150        296         20
  217      51        101       1613       3528        150        226         20
  218     116         49      14757          0        300        440         10
  219      14        122        684          0        330        435         10
  220      93         50         90          0         30        199         10
  221     139         25       1956          0          0        176         10
  222     159         75       7375          0        330        468         10
  223      44         71       3765         96        150        249         20
  224     110         49      13648          0          0        111         10
  225     149         34       1568       3152         90        254         20
  226      74         92         36          0        120        249         10
  227      49         43       6189          0         30        101         10
  228      45        147       1805        111        120        191         20
  229     111         65       1020       1968         90        265         20
  230     152        104        330       2683         60        227         20
  231      74         85       1708          0          0        124         10
  232       7        116         82       2516        150        227         20
  233     142         59        291          0         30        172         10
  234     149         29       8095          0          0        151         10
  235      29         31       1680          0        120        284         10
  236      19         98       5993          0        330        470         10
  237      57         70       1258       2997        360        467         20
  238      76         31        364          0        330        409         10
  239     131        104       1308       1932         60        165         20
  240     198         86        192          0         60        212         10
  241      29         38         22          0         90        162         10
  242      33        137       1169          9        150        263         20
  243      45         79       1104          0        150        227         10
  244       8         11       6388          0        120        201         10
  245     163         29       4002          0        150        229         10
  246     121         45        684          0          0        118         10
  247      82         92        564          0         60        228         10
  248     172        113         47          0         60        231         10
  249      55        102         15          0          0        129         10
  250     137         37       1924          0          0        147         10
  251     110         98         56       7374         90        178         20
  252     177         74         50        113         60        200         20
  253     154         25         16        113        120        191         20
  254      93        152        603      14397         90        182         20
  255     142         31       1380          0         60        168         10
  256     101        117       3956          0        330        441         10
  257     125        102         61          0          0        167         10
  258      33         20       2257       6831          0         69         20
  259      67         87       1522        122        120        225         20
  260     126         73       3303        487         60        234         20
  261      79         16        548          0        120        259         10
  262      16         10       2201         31          0        130         20
  263     111         35       2054       2821          0        141         20
  264     158         75       5351       9649        390        455         20
  265     129         71       1103          0        360        501         10
  266       3         94       8935         24         30        143         20
  267      67         91       2857       4092         30        203         20
  268      48        154       1498          0        120        205         10
  269     122        146        344        287        300        451         20
  270     111         54       3504          0          0        113         10
  271     117        146         75       4866        120        193         20
  272      33        131       1500          0        120        250         10
  273      61         76      13149          0        300        400         10
  274      27         84       1142       3496          0        125         20
  275     148        116        105          0        120        216         10
  276     116         65       2686         62          0        140         20
  277     171         80        204        249         30        201         20
  278      71        129      12904         84          0        154         20
  279     164         45        514          0         30        193         10
  280      75         90       3133       1153        390        472         20
  281      55         91       4855          0        120        235         10
  282      60         37       1380          0        120        233         10
  283      53         38       1377        666        450        529         20
  284     166         28      11551        984         30        194         20
  285     151        120       5130        484          0        198         20
  286     152         91       3809       2159          0        175         20
  287     156         67       9316       1976         60        164         20
  288      80         46         21          0        120        224         10
  289     163        118       1518        345        150        220         20
  290      53        120        132        741         60        159         20
  291     167         57       3868        200         60        201         20
  292      85         75        110          0          0        115         10
  293     146         92         82         74        180        250         20
  294      60        134         15          0        120        190         10
  295      57         45        202        137        120        186         20
  296      60        118       7904       5162         60        141         20
  297     183         89         24          0        180        297         10
  298      21          7       1038          0         90        189         10
  299      64         54       8731          0        300        438         10
  300     195         59       1733          0         30        202         10
  301     136         69       1344        232        330        472         20
  302     138         56       1926          0        180        273         10
  303     129        122       2424          0         60        187         10
  304      27         73       2314          0        300        469         10
  305      78         74        999          0          0        124         10
  306       4         16       2745      12255        150        230         20
  307     168        139         35        643        120        278         20
  308     103         55       7407        148        120        197         20
  309      96        118        111          0         30        172         10
  310     101         85       1006          0        120        188         10
  311      75         55         74          0        120        232         10
  312     125        103        998       2362        150        279         20
  313     181         42        294          0         60        204         10
  314      49        131       1598          0        120        186         10
  315     161         63       1848          0         90        223         10
  316      86        140       4314          0        300        416         10
  317      70        119       3059          0          0        148         10
  318      76         59       1014          0         60        225         10
  319      19         90        912          0        180        252         10
  320     145         71       8935       1819        330        466         20
  321     168         96       2000        101          0        192         20
  322     137        145        199      11844        120        246         20
  323     176        112         90       6575         90        255         20
  324      57        145         64          0         60        221         10
  325      30        117       1507          0         60        160         10
  326      15          3        841       1915         30        187         20
  327     106         68       1741       8171        150        275         20
  328      95         82        699          0        120        187         10
  329     146         40         17          0        180        247         10
  330      87        139         60          0         90        167         10
  331      23         93       3399          0         60        129         10
  332     186         89       2076          0        120        260         10
  333      67        115        280       8547         60        199         20
  334      69         92       2542          0        120        291         10
  335      35         23      11040        503        120        281         20
  336     178        101         14          0        180        250         10
  337       7         32         33       3879        120        195         20
  338     121        147       6372       1923        150        256         20
  339      84         56        147       1751          0        135         20
  340     188         79        566        126          0        216         20
  341       7         97       4446       3145         90        255         20
  342      28        120       8107          0         60        174         10
  343      59         14       2558         67        120        248         20
  344     194         65         76          0        180        284         10
  345      17         36        298        746        150        250         20
  346      54        104        194      14806        120        186         20
  347      95         66         82        101          0        108         20
  348     152         56       1331       1863        150        267         20
  349     120         85        615        452         90        220         20
  350     151        143         28          0         60        195         10
  351     164         90        344      14656        120        186         20
  352     162        118       1841          0        180        255         10
  353      39        139        663        180        180        290         20
  354      39         52         90          0          0        107         10
  355      41         74         87          0         90        169         10
  356     179         48        908        433          0        183         20
  357     108        105       3878          0        210        279         10
  358      42         52       1802          0          0        145         10
  359      37        123        451       2447        300        410         20
  360     112        138      13644       1356        120        250         20
  361      22         91        197          0        180        281         10
  362      64        132        137          0         60        224         10
  363     131         89         49          0        120        184         10
  364      13         87       1330          0          0        122         10
  365      65         86         98          0        150        229         10
  366     123         72      10147          0        300        412         10
  367      67         39        178      13912        120        188         20
  368     100         14        396          0        120        255         10
  369      24        100       4040          0        150        250         10
  370      43        136      12933          0        390        500         10
  371     157         59         52          0         90        166         10
  372     132         61        202       6386          0        142         20
  373     173         97       6144       4815        150        254         20
  374     112         37       2469          0        150        290         10
  375      93         68       2493          0         30        147         10
  376     115         64         92          0        150        252         10
  377     170        139       2300          0        180        263         10
  378      58         86         21       9756        150        289         20
  379      59         54       4886       3022          0        163         20
  380     146        129       4764       1829         90        203         20
  381       9         49       1501          0        150        257         10
  382      81        139        847          0         90        196         10
  383      95         90       1636          0        150        272         10
  384     111        131         82       1349        150        234         20
  385     100         85       1769          0         90        199         10
  386     160        136       1923          0        360        466         10
  387     115         60       1628       1011          0        127         20
  388     132        144       4836        131        300        401         20
  389      95         68         42          0         30        115         10
  390       4         23        236        920        120        223         20
  391      12         30        303          0        150        227         10
  392     177         48         15          0          0        183         10
  393     181         68       1149          0         90        185         10
  394     139         66       1790          0        150        219         10
  395      27         76        563       7334          0        108         20
  396      70         55       1251       5736        330        499         20
  397     140         38        155        448         90        262         20
  398      34        137       5356       9644         60        209         20
  399     182        107         65        399          0        206         20
  400      10         48         25         20        120        230         20
