400_149

CUSTOMER  VEHICLE
NUMBER	  NUMBER     CAPACITY    DispatchingCost
    400     500          40000       100

CUSTOMER
CUST NO.  XCOORD.   YCOORD.   DDEMAND   PDEMAND   READY TIME  DUE TIME   SERVICE TIME

    0      41         23          0          0          0        960          0
    1      87         93       2024          0        150        216         10
    2      73         89       1815       1071        210        282         20
    3     131         51       1750          0         90        263         10
    4     133         89       5152        235        120        285         20
    5     120        117       1615       1636          0        157         20
    6      56        103        152       9040          0        124         20
    7      83         79       1076          0        120        243         10
    8      10         44       9023       1791        390        461         20
    9      98         10        165          0          0        133         10
   10     154         76        274          0         60        234         10
   11     128        111       2939          0          0        162         10
   12      74         63        354          0        210        277         10
   13      77        120       1854       2136          0        144         20
   14     106         55       4592          0        120        293         10
   15      40         29        124          0          0        175         10
   16      90         73        264        575         30        147         20
   17      45         49       5376       2860          0        133         20
   18      36        143       1200          0         60        213         10
   19      71         91       5401       1945          0        140         20
   20      77        132       2764          0        120        257         10
   21     119         98         19          0        120        243         10
   22     184         71        335          0        120        196         10
   23     186         89       2076          0        120        260         10
   24      45        147         86       1572         60        228         20
   25      46        113       3136          0         60        219         10
   26     114         49       2303          0        150        228         10
   27      34        149       1526       3958         60        216         20
   28      76         78       1637       4697         30        108         20
   29      76        127      10466       2582        120        187         20
   30     137        143       3153       5087        180        292         20
   31     133         70        282      14718          0        151         20
   32     195         59       1733          0         30        202         10
   33     100         53        137       1460          0        110         20
   34      91         73        314          0        420        530         10
   35     153        148         43      14957         60        217         20
   36      28         34         85          0          0        132         10
   37      60         49       1543         90         30        166         20
   38     118        100        337          0         60        214         10
   39     102        100       1673          0        120        249         10
   40      52        152       3862          0        180        245         10
   41      29         38         22          0         90        162         10
   42      48         74       3945          0          0        110         10
   43      84         56        142       7646        210        292         20
   44      57         29       9626          0        120        190         10
   45      32         83       1242       5845        120        219         20
   46      93         50         90          0         30        199         10
   47      48          5        806       2334          0        142         20
   48      27         24         52          0          0        138         10
   49      56         64       1200          0          0         84         10
   50      45         78        146          0         90        165         10
   51      54        130       4493        879        180        286         20
   52     105         68      10387        223        120        288         20
   53     112         74        347          0          0        138         10
   54      90         16       1667       4478         30        198         20
   55     107         93       2516        758        360        430         20
   56      84         85        648          0          0        141         10
   57     160         37       2511          0         60        153         10
   58      15         81       3726       2012          0        103         20
   59     102         27       6474       2134          0         95         20
   60      60         60        208        908        120        192         20
   61      12         30       6037       8963          0        103         20
   62     148        116       3610          0        300        445         10
   63      98         63       5465        451        330        494         20
   64      34         33         57          0         30        165         10
   65      76         87       6305          0        450        525         10
   66     111         35       2054       2821          0        141         20
   67      86         67        120          0          0        159         10
   68     160         74       8312          0         60        171         10
   69      58         86       1700         43        120        201         20
   70     155         27        325          0         60        164         10
   71      90         87       2773       3791        390        530         20
   72       5         36       1095          0          0        143         10
   73     198         93       5274          0         60        215         10
   74     164         76         51        577        180        251         20
   75     121        142       1557      13443        120        242         20
   76     135        121        169          0         30        182         10
   77      53         57        538         68          0         75         20
   78      92         70       5901          0        180        280         10
   79      39        139        663        180        180        290         20
   80     102         47         56          0         60        229         10
   81     169         82        150         17        120        225         20
   82     185         56        943       2538        300        477         20
   83     188         70       1509        857          0        195         20
   84      36        146        280       3622         60        189         20
   85     106        125        110          0        150        229         10
   86      85         71        857       3492         30        142         20
   87     109         65      15000          0          0        118         10
   88      34        124         90         22         30        146         20
   89      58          2        324          0         30        200         10
   90      60        148        713       1749         30        182         20
   91     174         66         14        228          0        181         20
   92     168        139       3851          0        120        259         10
   93      21          7       1038          0         90        189         10
   94     163        111       2219       7051        210        277         20
   95      20         39       2089       5003        150        253         20
   96     109         98       2338       2432        120        246         20
   97     123         47       8172          0        360        470         10
   98     176        111       1654          0         90        220         10
   99     141         58       2693      10925         30        158         20
  100     190         58        120          0          0        204         10
  101     119         55       1464          0         30        165         10
  102      22        101         82      14918         60        137         20
  103      30         42       1110          0        120        220         10
  104      55        116       3785          0        150        257         10
  105     119         11       2041          0          0        132         10
  106     132        144       4836        131        300        401         20
  107     142         19       5356          0        330        423         10
  108      88         72      14867        133        150        244         20
  109     194         60       6296        390         60        206         20
  110     155         90       2119          0        120        258         10
  111     131         32       2471          0        300        432         10
  112      26        126        346        593         60        190         20
  113      98        116       1524      11435        120        224         20
  114     167         57       3868        200         60        201         20
  115      55         47       1590       1646         30        158         20
  116       6         26       3038       1970          0         96         20
  117     185         98       2153          0         30        214         10
  118      96        112         35          0         60        150         10
  119     124         79         15          0          0        145         10
  120      16         81       2208          0         30        190         10
  121      11         19       5746        781        300        400         20
  122      87        140       2695       3645        150        220         20
  123      73         92       5409        719         60        236         20
  124      92         88         12          0        150        254         10
  125      64         90         81          0        360        493         10
  126     125        102        145          0         60        221         10
  127      34         67      10530        127        120        294         20
  128      22        149       4211          0        450        521         10
  129      67         87       3590          0         90        258         10
  130     156        115       1299        588        120        296         20
  131      99         57        146         58          0        141         20
  132      17         49       1940         15        120        213         20
  133      52          0       4242          0        120        283         10
  134      15         41       2076          0        120        262         10
  135      63        111        378          0         90        262         10
  136     106         66         82       1254         30        183         20
  137     128         89       1706       1109        150        245         20
  138      81         18        225         22          0         89         20
  139     104        109       1628        251        180        294         20
  140      17         36        298        746        150        250         20
  141     100        101        290          0         90        253         10
  142     196         74       1716       1860        120        211         20
  143      56         10        115       1992          0        135         20
  144      34         65       3800          0        420        522         10
  145     144         54       1416       1838          0        147         20
  146      25         52       2409          0        120        276         10
  147      21         78       3399          0         60        163         10
  148     106         96        379       2490         90        198         20
  149     135         59       1010          0          0        151         10
  150     131        104         65          0         30        166         10
  151      95         18        146       1667         30        129         20
  152      42         14       2710          0         90        230         10
  153      96         79       1186       1959         60        167         20
  154      34        147       1520       1641         60        171         20
  155      90         92         15          0        120        228         10
  156     142        124       3269          0        120        281         10
  157      86         56       7609       7391          0        132         20
  158     198         67         52          0          0        199         10
  159       8         81       1748         91         60        162         20
  160     150         46      10588          0         60        199         10
  161       9        114        525          0         30        190         10
  162     166         88      10500          0          0        197         10
  163     107        138        758       4478        120        286         20
  164     117         97       9680          0        360        462         10
  165      35         26         19          0        120        224         10
  166      71        129      12904         84          0        154         20
  167      91         55       6953          0          0        131         10
  168     168         96       2000        101          0        192         20
  169      91         95       1931        924         30        144         20
  170      29         11       2827          0        120        261         10
  171     124         96        178       1901          0        175         20
  172     106         84        841       1474         60        133         20
  173      62        151         60          0        180        264         10
  174     147        113         39       2361        120        199         20
  175      81        139        847          0         90        196         10
  176      96         82         90       3809         90        189         20
  177      88         41       2209          0        120        216         10
  178     138        128       1884          0         30        182         10
  179     115        114       2497       2138        150        280         20
  180     155         74       1604       7172        180        274         20
  181     186         73       2487        847         90        194         20
  182     167        147       1644       1841        150        216         20
  183     160        118         65       1669         60        227         20
  184     183        102       1149         22        120        248         20
  185      95         24        380        190          0        143         20
  186      24        114        503          0        300        405         10
  187      81         66        124          0         60        166         10
  188      86         80        127        211         30        172         20
  189     148        126       1719          0          0        199         10
  190     160         78        270          0        120        188         10
  191      57        145         64          0         60        221         10
  192     131         44        310          0        120        188         10
  193      71         81       2228       7966         30        173         20
  194      79        131        170          0         30        158         10
  195     163         99        102          0        120        257         10
  196     174         99       2160        447          0        203         20
  197     100         78        250       3370        120        280         20
  198     133         52       4356          0         60        130         10
  199      50         80        673       1629        300        404         20
  200     158         24       5374          0          0        166         10
  201      23         10        612          0        120        194         10
  202      30        154        476        309        360        461         20
  203     117        100       1616       5146        150        285         20
  204      21         12      15000          0          0        142         10
  205       1         17         29       1669         60        230         20
  206      66         63        418          0        150        221         10
  207      48        138        563          0        180        260         10
  208      37        100       2569          0        120        286         10
  209     143         31         67          0        210        278         10
  210     166         83         90       2569          0        183         20
  211     150        140         35          0        120        296         10
  212     106         68        277       1874          0        123         20
  213     147         57       1502       7667        360        522         20
  214      10        116         86       1521         60        226         20
  215      44         49       7334          0        360        431         10
  216      57         72        155          0        300        408         10
  217       5        116       2632          0         60        225         10
  218      74         20       5221       6408        120        229         20
  219     186         83       3419       8738         60        216         20
  220     194         72       2010       1000        180        292         20
  221      56        102        780         34        420        502         20
  222       0          8       2948          0          0        106         10
  223      56        114        226       2021         60        151         20
  224     156         42        432         72        300        408         20
  225     126         36       2136        234        120        259         20
  226     103        127        110        439         60        169         20
  227     154         27        443          0        300        426         10
  228      25         47      14315          0          0        133         10
  229     121        129       1783          0        420        536         10
  230      60         37         58      14448          0         65         20
  231      85         75       4920        383        120        220         20
  232     128         56        200       1556        150        241         20
  233      63         62        200          0        300        405         10
  234      64         71        840       3155        300        416         20
  235     171        104        123          0         60        225         10
  236     150         27         93          0        150        227         10
  237     158         73        166          0          0        174         10
  238      74         95       5497       2199          0        125         20
  239     145         69         44          0         30        143         10
  240      95         38        433          0          0        100         10
  241     120         85        853       2631          0        163         20
  242      38         96        576        433        180        244         20
  243      29        101       2168         29         30        159         20
  244     163         22       5394         85          0        176         20
  245     150         76         49          0         30        195         10
  246      48        129       2461          0          0        177         10
  247      77        153       1501          0         30        174         10
  248     132        121       1538       2076         90        185         20
  249     126         73       3303        487         60        234         20
  250      78         65         89          0        120        287         10
  251      74         85       1824       1068        360        443         20
  252      77         44       4410          0          0        128         10
  253      60         10       2247          0          0         93         10
  254      47        141        257          0        300        408         10
  255     166         28      11551        984         30        194         20
  256      25         50       7260       2850        120        236         20
  257      53         69         82       2826         90        194         20
  258     106         59       4453          0         90        161         10
  259      38         73         30          0          0        110         10
  260      47         62        621       3243        120        279         20
  261     177        110       2025          0        120        261         10
  262      45        126      13180          0         90        167         10
  263      30        106       5649       9351         30        124         20
  264      25         72       2345       2128        150        294         20
  265      26          9        681          0        120        261         10
  266      68         86        211       5088         60        201         20
  267     147         94       1976          0        120        251         10
  268      15         36       1121          0        210        276         10
  269      70        126        143          0         60        170         10
  270      26        113        129          0         30        191         10
  271     129         89         34          0         30        169         10
  272     130         59        339       1307        180        294         20
  273      62         76       3624        766        150        236         20
  274     132         36         13       2630         90        182         20
  275     122         30       1750         48        120        247         20
  276     171         66       1122       7730         30        191         20
  277      22         92       6293          0          0        113         10
  278     109        122         23       6880        120        190         20
  279     161         63       1848          0         90        223         10
  280      27         73       2173          0          0        100         10
  281     173         95       3140       2399          0        199         20
  282      41         23       1777          0        120        288         10
  283      29         31        135          0          0         88         10
  284      47         51       1248          0        120        202         10
  285      42         23       1844       1205        120        218         20
  286      49        131       1598          0        120        186         10
  287      82         90       2138       7578         30        154         20
  288      85        102       2066        249         60        202         20
  289      22        146       1463       3399        120        285         20
  290     113         48       5758          0          0        122         10
  291      76         44        234       1582        120        250         20
  292     152         91        170          0        120        197         10
  293      53         61       4698        108          0         90         20
  294     104         81       1122          0        150        219         10
  295     176         52       2360          0        300        472         10
  296     179         61        227      14773         30        185         20
  297     106        103         56        943         90        166         20
  298     148        114        581          0        210        286         10
  299     142        102       3349          0        450        528         10
  300      15         10        239          0         30        168         10
  301     122         66       3521          0         90        246         10
  302     173         87       5332          0        300        410         10
  303      78         32       3212          0          0        116         10
  304      55         60       2170          0        150        232         10
  305      44         71        164        504        150        225         20
  306      17         89       1415          0         60        191         10
  307     183         89        248          0          0        193         10
  308     100         14        396          0        120        255         10
  309     100         19       9275       4376        420        523         20
  310      59         64        610         25        120        289         20
  311      32         74        960       1273        120        220         20
  312     137         49       8190       1015          0        145         20
  313      77         63         68       4814         60        167         20
  314      37         14        902          0          0         76         10
  315      34         79       2759          0         90        263         10
  316      89         80       6860          0         30        142         10
  317     108        105       3878          0        210        279         10
  318     189         85       1869       1825          0        199         20
  319      61         76      13149          0        300        400         10
  320      85         76       2490       5313        120        185         20
  321      30         73       1538      13462        300        427         20
  322      95         66        265          0          0        149         10
  323      57         37       1885      13115          0        114         20
  324     137         70        260       5735          0        151         20
  325     172         39        150       2010         60        168         20
  326      16         10       2201         31          0        130         20
  327      86        140       9337         12        150        278         20
  328       1         19        633          0        120        225         10
  329      31         13       1844        847        120        221         20
  330     115         96       2703          0        120        281         10
  331      65         88       3389          0        360        517         10
  332      91         84       3872          0         60        158         10
  333      30        155         18       6217          0        169         20
  334      54        104        194      14806        120        186         20
  335     131         83        315       1751         90        220         20
  336      51        115         15       6725         60        187         20
  337      80          5         37          0        120        287         10
  338      36         72       2498        527        300        437         20
  339     139         70       9240       2162         30        201         20
  340      35        109       2089          0        120        225         10
  341      88         16        204          0          0        101         10
  342     110         69       7646         29        300        400         20
  343     109         64       2257       7680         60        153         20
  344     120        116        786          0         90        184         10
  345      24        148        579       9316        180        268         20
  346     145        114       8961          0        420        494         10
  347      58         79       2086       1894        360        458         20
  348       7         21        633          0          0        121         10
  349     174         67        189         91        120        201         20
  350     137         93       5834          0        300        462         10
  351      40         30       1495          0          0        124         10
  352     108        151      15000          0        300        395         10
  353     180         95         29          0        300        423         10
  354      21         24       1893        322          0         66         20
  355      62         45       3063          0        120        200         10
  356     131         17        190          0          0        154         10
  357     108         42      11329          0          0        109         10
  358     194         94       1959          0        360        456         10
  359      29         68       1074          0         60        197         10
  360      29         35        280          0          0        128         10
  361     186        107       1747          0          0        221         10
  362      74        140        108          0        150        277         10
  363      38        113        470       2221         60        207         20
  364      87          8        240          0        120        260         10
  365     131        123        786       5873         30        190         20
  366     115         60       1628       1011          0        127         20
  367     181         68       1149          0         90        185         10
  368      32          5        585          0        120        246         10
  369     192         92       1307          0        120        217         10
  370     120         62        394        119          0        147         20
  371     127        122         14          0        120        266         10
  372      49         88       1526       1790         90        228         20
  373      72         39         16          0        120        231         10
  374     161         36        408          0        120        252         10
  375      40        155        117          0          0        176         10
  376     141         30         31        277        120        232         20
  377     193         91       1440       5669        150        225         20
  378     104         70        279       2024        120        183         20
  379      14        122       2794       5189          0        137         20
  380     129        122       1595       1221        210        279         20
  381      33        131       2198        336        150        232         20
  382     161         35       5373          0        360        441         10
  383      31        142       5368       2559        390        470         20
  384     101        120       1250          0        360        469         10
  385      12         55       1489          0        330        424         10
  386      98        122       2150          0        330        463         10
  387     167         47       2447       1752        330        440         20
  388       6         49       4040          0        120        231         10
  389      99         54       2078          0          0        135         10
  390      63         52        656          0        150        284         10
  391      76         31        364          0        330        409         10
  392      79         16         83          0          0         80         10
  393      68         21       1661          0        150        229         10
  394     135         29       2789       1610         30        155         20
  395     105        152        367          0         30        179         10
  396      95         82        699          0        120        187         10
  397      53         45         31          0         30         95         10
  398     110        135       7052       7572        300        400         20
  399     154        105       2750         12        180        285         20
  400     153         27        132       1985        120        191         20
