400_150

CUSTOMER  VEHICLE
NUMBER	  NUMBER     CAPACITY    DispatchingCost
    400     500          40000       100

CUSTOMER
CUST NO.  XCOORD.   YCOORD.   DDEMAND   PDEMAND   READY TIME  DUE TIME   SERVICE TIME

    0      41         23          0          0          0        960          0
    1     135         51         64       4551          0        135         20
    2      10        117       1920         10         60        148         20
    3     109         75       1710        193         30        155         20
    4     164         73       5735          0         60        200         10
    5     120        129       7679       6372        180        276         20
    6     117        152        102       6373        210        283         20
    7     111         83        937          0        420        533         10
    8     153        146       2403       1306        390        533         20
    9      30         45         17       1526        150        277         20
   10      66        117       1096          0        150        231         10
   11      81        134       1348         82         60        155         20
   12      65         12       3769          0          0         80         10
   13     110        119       4225          0        180        249         10
   14     175        124       9326          0          0        214         10
   15      41         23       1777          0        120        288         10
   16     113         71       5854       3098        300        427         20
   17      69        134       1438         28         90        203         20
   18      56         51         13        699        150        280         20
   19     158         74        345       1149        150        275         20
   20      99        144        154        442         60        203         20
   21      95         38        433          0          0        100         10
   22     197         58       2012          0          0        192         10
   23     173         62         44       5374        180        285         20
   24      43        136      12933          0        390        500         10
   25      27         22       1614       1875        330        400         20
   26      86        140       4314          0        300        416         10
   27      35         23        852        784        120        222         20
   28     132         43         85       1833         60        194         20
   29      27        127       6599          0        300        414         10
   30      69          1        665       4247          0        134         20
   31     196         74       1716       1860        120        211         20
   32     130         90       3094          0          0        154         10
   33     150         79         92        301         60        226         20
   34     100         19        427       5297        120        227         20
   35     140         47       5638          0        330        494         10
   36     144         18        498        686        120        218         20
   37      64         54       8731          0        300        438         10
   38     120         78         82         76         60        144         20
   39     185         98       2153          0         30        214         10
   40     145         71       8935       1819        330        466         20
   41     103         96       1321        433         90        195         20
   42     104         81       5116       4558        120        202         20
   43      78         74        443          0         60        140         10
   44      98         69       2480        219         60        174         20
   45      56         19         11          0        120        254         10
   46      29         31       1680          0        120        284         10
   47      84         66        450          0        180        273         10
   48      72          3       2977       2254          0        163         20
   49      29         24       6196       8804          0         66         20
   50     137         30        589         90          0        140         20
   51      29         81         33       4814         60        189         20
   52      67         80        420          0        150        258         10
   53      56        103        152       9040          0        124         20
   54      12         15         29          0          0         97         10
   55     123         54        288         45         60        232         20
   56     142         31       1380          0         60        168         10
   57      18         29       2139        442        120        258         20
   58     141        103       2428          0          0        171         10
   59     152        146       3114       1844        120        205         20
   60      53        103        618        889          0        138         20
   61      11         19       6393          0        120        230         10
   62     168        147       1759       3420        120        230         20
   63     137        143       3153       5087        180        292         20
   64      27        110       4283       4190        390        472         20
   65     155         27        325          0         60        164         10
   66     111         85       2903          0        120        279         10
   67     118         94       3792          0        120        202         10
   68     159        127       2388       2516         60        201         20
   69      25         72         97       1414         60        171         20
   70      38         32        545        109          0        165         20
   71      83        141       1653          0        150        252         10
   72      10         51        117          0        150        296         10
   73      31          4       2093          0        120        275         10
   74      89         80       6860          0         30        142         10
   75      73         55         20      11550        120        292         20
   76      22        146       1463       3399        120        285         20
   77      57         94       5245        902         30        136         20
   78      78         32       7967       2036          0         81         20
   79      32        112       1854          0        120        208         10
   80      63        150         15       1030        330        403         20
   81      44         51        349          0          0         72         10
   82      50         85       1874          0         60        198         10
   83      36        106       1722       6296        360        463         20
   84      65        148       4849          0        300        405         10
   85     119         15       2659          0        420        480         10
   86      79        101        403        306        120        259         20
   87     137        145        199      11844        120        246         20
   88     122         83       2054          0        180        253         10
   89      40         86       6622       8378        450        525         20
   90      91         55         90        839          0        158         20
   91     145         69         44          0         30        143         10
   92      73         65       1739       4416        120        231         20
   93      77        120         22          0         90        230         10
   94     123         72        941       1885         60        196         20
   95       4         23        236        920        120        223         20
   96      11         48       8280       1094         90        192         20
   97      11         33       4619          0         30        108         10
   98     139         91       1580        714        150        260         20
   99      77         55        280       1511          0        110         20
  100     134         55       3496          0        120        276         10
  101      79        131        170          0         30        158         10
  102     153         27        132       1985        120        191         20
  103     118         45       1597        289         30        129         20
  104     100         29       3137        668          0        114         20
  105     110         49         60       2379         90        245         20
  106     158         24       5374          0          0        166         10
  107      51          1       1834       3239         30        141         20
  108      85         71        338          0          0        149         10
  109     177         74         50        113         60        200         20
  110      88         87       9970          0        180        279         10
  111     169        111        290          0        150        221         10
  112      85        102      11109          0          0        122         10
  113      16          6       2550          0          0         86         10
  114       5         20       1230       6346        120        212         20
  115     154         39       1879          0        300        404         10
  116      55        104        169       1793         30        190         20
  117     132         48        526         24          0        134         20
  118      52         10         94         97        120        287         20
  119     186         72         91       2136         60        206         20
  120     105        126         36          0        120        200         10
  121     163         77       6210       1909        210        272         20
  122      74         63       2340       8107        120        225         20
  123      59         14       5199       2975        120        282         20
  124     102        114         11          0        330        432         10
  125     133        100       2576          0        390        459         10
  126      82         72       2382        526         30        199         20
  127     132         69         13        433         90        230         20
  128      57         37       1885      13115          0        114         20
  129      88         41       1275          0        120        221         10
  130     142         29      10671        395        300        403         20
  131      41        145        831          0        120        245         10
  132     167         35      11558       3442        150        218         20
  133      70         46       3340          0        300        461         10
  134     160         23        108        270        120        203         20
  135      34         67       2009        514          0         86         20
  136     115         61         14          0         60        166         10
  137      95        146       1531        690         60        175         20
  138     119         64      13401          0        360        459         10
  139      21          7        812          0         90        164         10
  140     101        117       3956          0        330        441         10
  141      85         83        263          0          0        127         10
  142     121         66       2282       3179        150        259         20
  143      79        130       1720          0        120        191         10
  144      95         84       3947          0        210        271         10
  145     194         60       6296        390         60        206         20
  146      15        118      14294          0        210        277         10
  147      85         61       3805        210         60        151         20
  148      76         94         44       1776         60        198         20
  149      41         73       1594          0          0         97         10
  150      17         18       3480          0          0        104         10
  151     132         44       3422          0        210        282         10
  152      65         74       2221        200        180        272         20
  153      66        152       3277         72          0        161         20
  154      96        112         12        285        120        254         20
  155      68         86        211       5088         60        201         20
  156     122         77        442        345        120        188         20
  157     112         20        189          0        120        281         10
  158      49         88       1526       1790         90        228         20
  159     133         37         13       1030          0        146         20
  160     198         93       5274          0         60        215         10
  161     155         55        178          0        150        248         10
  162      61        103       2360       8296        180        274         20
  163     108        137        258          0         60        225         10
  164     105         79       1959          0        180        242         10
  165     102         72       2790      12210        210        280         20
  166      72         92       1613          0        150        298         10
  167      70         55       4856        199        120        229         20
  168      89         36         11        504          0         79         20
  169      88         67         86          0          0         98         10
  170      16         10       2501          0        330        477         10
  171     169        146       7197          0        360        435         10
  172     102         75       3753          0         30        136         10
  173      53         37       1685        404        360        499         20
  174     118         67       2780          0          0        168         10
  175      31        101       1764         43        390        459         20
  176     125         88         46       2162        300        441         20
  177      14         34        456          0        120        280         10
  178      34        106        384        417          0        148         20
  179      92        120       2713          0        150        226         10
  180     101         55       4728          0        420        528         10
  181      55         11        984          0        360        470         10
  182     179         72         30         54         60        190         20
  183      25         47        260          0        120        197         10
  184      91         72        129          0         90        230         10
  185      81         18        225         22          0         89         20
  186      87        140       5361          0        210        279         10
  187     114         77       2484          0        180        260         10
  188      39         52         90          0          0        107         10
  189      97         46         56       6099        120        244         20
  190     170        139       2300          0        180        263         10
  191      64         90         81          0        360        493         10
  192      87        130         12          0         30        164         10
  193     160         56        553        465          0        177         20
  194     190         58       1529          0          0        199         10
  195      24        100       4040          0        150        250         10
  196     139         70       1661          0        150        255         10
  197      73         81       3528          0          0        108         10
  198      44         48       1146        110        390        471         20
  199     150         76         49          0         30        195         10
  200     107         93       2516        758        360        430         20
  201      46         46         22      11398        120        216         20
  202      54        104        194      14806        120        186         20
  203      65         79         29       9866        330        493         20
  204     116         94        181          0        120        203         10
  205     107         98         82       5359         60        193         20
  206      78          8       4580          0        330        430         10
  207      64         12       2020          0          0         84         10
  208     135        136         22        397        120        289         20
  209      66         86       3604          0         90        173         10
  210      18         22       2684          0          0        102         10
  211       8         11       6388          0        120        201         10
  212     123         52        138          0        210        273         10
  213     118        100        337          0         60        214         10
  214      97         36       9156       2225          0        165         20
  215     168        140        643          0        360        454         10
  216      68         96         65          0        150        242         10
  217     107         85         75       5377         60        132         20
  218     154        131       5120          0          0        201         10
  219     174        119       1642          0        120        243         10
  220      28        101        540       1706         90        248         20
  221      67         61        352          0        120        289         10
  222     130         44         30          0         60        234         10
  223      88         73       2290       7406          0        142         20
  224     105         68      10387        223        120        288         20
  225     176         47       5280          0         90        196         10
  226     164         90        344      14656        120        186         20
  227     173        111       5692          0        420        498         10
  228     153        122      15000          0        210        288         10
  229      60         43       2267       1205        120        255         20
  230      88         13         60       1333          0        126         20
  231     103        128       4840       1094        120        294         20
  232       6         12         30        210          0         73         20
  233     185         44        233        984        150        256         20
  234       2         17       1772          0         30        156         10
  235      86         56       1879          0         90        194         10
  236     191         57       1758       2206         90        201         20
  237      29        135        888          0        210        287         10
  238      12         45       1481       6546          0         80         20
  239      57        142       9688         26         90        170         20
  240      21        101       3626       2067        360        423         20
  241     117        146        498          0        180        249         10
  242     168        109       2850      11299        180        286         20
  243     161         36      14657        343        390        502         20
  244     131         32       2471          0        300        432         10
  245     197         87         32        127         60        203         20
  246      66         58       1700      13300        120        288         20
  247     109         64       2257       7680         60        153         20
  248     162        117       2284          0         60        219         10
  249     156        115       1299        588        120        296         20
  250     100         67      12718          0          0        141         10
  251     133         89       1772       7207        390        457         20
  252     174         66         14        228          0        181         20
  253      19         90        912          0        180        252         10
  254      80         46       5532          0          0        136         10
  255      11         47       5680          0         30        205         10
  256     140        128         30         17         30        195         20
  257      29        131       3180          0        180        290         10
  258     158         30         30          0        330        494         10
  259     150         70       3899        511        300        469         20
  260      63        111       1269       2888          0        123         20
  261      36        146       6099        397        300        473         20
  262      34        137       5813         74        300        434         20
  263     191         51       3545          0          0        204         10
  264      12         98      14989         11        330        433         20
  265     119         45         22          0          0        141         10
  266      39        139        147         13          0        163         20
  267      97         84       3915       6296         90        249         20
  268     151        120       2582          0        300        443         10
  269     125         29      15000          0        150        295         10
  270      30         42       1110          0        120        220         10
  271     113         48       2963        624        300        410         20
  272      60        151       1891          0        210        281         10
  273     164         70       1545          0        120        195         10
  274     198         67       1886          0         30        195         10
  275     152        104        330       2683         60        227         20
  276      37         14        902          0          0         76         10
  277      25        155       3138          0        120        252         10
  278      19          8       1293       1888        150        246         20
  279     142         28       3591          0        420        531         10
  280     146        112         64          0        120        294         10
  281      73        123         13       8002         60        151         20
  282      85         77        259       1035          0        175         20
  283      28        139         28          0         60        168         10
  284     117        100       6469       8004          0        157         20
  285     100         65       3415          0          0        128         10
  286     149        141         90          0         60        199         10
  287     118         86         13          0        360        498         10
  288      61          1        456        424        120        278         20
  289     162        146       2028          0        120        228         10
  290     110        134         18          0        120        254         10
  291      52         61         60          0          0        111         10
  292     122        109         11          0         30        166         10
  293     188         95        130        385          0        214         20
  294     167         57       1475          0         60        181         10
  295     173         97       6144       4815        150        254         20
  296      82         90       2138       7578         30        154         20
  297     135         26       3579       2020         60        186         20
  298      69         22       7888       3483          0         63         20
  299      83         64        104         25        120        287         20
  300     147         39       2024       2295         90        195         20
  301      34        149       1526       3958         60        216         20
  302     160        131         29          0        180        290         10
  303     144         34       2376       1927        360        436         20
  304      33         64       4213        333        300        410         20
  305     112        138      14049        878         90        173         20
  306      48        151       1789         40        330        460         20
  307      63         48       1520       2363        120        255         20
  308      63         90       1747       1114        150        223         20
  309      80         64        665         95          0         97         20
  310     146         88        105          0         60        223         10
  311      87        101       5050        279          0        135         20
  312     162        118       2536          0        120        284         10
  313     100        101      10151       2654         60        201         20
  314     139         66       7243       6474        300        410         20
  315     106         82       1920       3037          0        161         20
  316     145        124       2437          0        150        252         10
  317      34         98        474         23         60        133         20
  318     103         55         62          0          0        142         10
  319      96         36         74          0        120        220         10
  320     176        126       3465       1746         30        209         20
  321     106         55        309          0          0        165         10
  322      77        153       1501          0         30        174         10
  323      20         39       2089       5003        150        253         20
  324      71        131        146        655         90        198         20
  325      53         17       4330          0          0         77         10
  326      21         40       3810          0          0        140         10
  327      87        113       1519          0         90        169         10
  328      42         73        305          0        120        233         10
  329      16          3       1657       9040          0         99         20
  330     148         32      10754       1881         30        164         20
  331      20         78       3380      11620         90        171         20
  332     150        108       1173       3114        330        470         20
  333      69         90       3243          0        390        495         10
  334     116         49       3116       4606         30        172         20
  335     146         56        260          0         30        161         10
  336     131        104       1308       1932         60        165         20
  337     103         95       5044       8107          0        150         20
  338      49         47         31        747          0        101         20
  339      17         36        298        746        150        250         20
  340      25        114       1651          0        150        221         10
  341     139        104       1682          0        300        407         10
  342     146        132       4255          0         60        217         10
  343     132        144       4836        131        300        401         20
  344      68         95       1511          0          0        119         10
  345      30         38       1519        107         90        253         20
  346     154         76        274          0         60        234         10
  347     167        147        140         87         60        233         20
  348      43        122         40          0         90        165         10
  349      89         79        987         92         60        167         20
  350      47        129       1464         56         30        161         20
  351      66        136       1576        686         60        191         20
  352      25         50       7260       2850        120        236         20
  353     106         68       1741       8171        150        275         20
  354       7        114         82       2419         60        193         20
  355     116         85        152          0         60        141         10
  356      30        106         40      11057        180        280         20
  357     135         59       1010          0          0        151         10
  358      89         56        625       1959          0        116         20
  359      94         62       3090          0        150        231         10
  360     129         72       2012       1440         90        174         20
  361      12         30        303          0        150        227         10
  362      80          5         70          0        150        276         10
  363      44         49       2711          0        120        291         10
  364     115         96       3288          0        150        214         10
  365      45         49        112          0        120        275         10
  366     109         94        292          0         30        172         10
  367      86        102        615       2112        150        285         20
  368      53         38       1377        666        450        529         20
  369      53         44        287          0        150        256         10
  370      41         79       1984       2822         90        197         20
  371     106         81       1600          0          0        129         10
  372     169         49       4252          0        300        436         10
  373      18         11       4858       2220        300        412         20
  374     106         59       4453          0         90        161         10
  375      10         15        283          0        120        283         10
  376      55         67       2489          0        150        227         10
  377      74         66       2215          0        120        250         10
  378      48        129       2461          0          0        177         10
  379      46         52       4362        227          0         80         20
  380      90         16       1667       4478         30        198         20
  381     106         85        844          0         60        169         10
  382     100         23        584          0        120        222         10
  383     103        124       3789         80         60        232         20
  384     115         64       2545          0        150        292         10
  385     195         59       1733          0         30        202         10
  386      46         50        234       4176        120        284         20
  387     157         96       1116        621         90        230         20
  388     112         47        105         93        180        265         20
  389     153         48        280          0         90        171         10
  390      29        110         55        432         60        199         20
  391     130        122       9733          0        150        257         10
  392     140        133       2982      10695         60        203         20
  393      16        118       7875       2080        390        525         20
  394     143         66         95       1872         60        148         20
  395     177        112        280        193          0        200         20
  396      76         78       7643          0         90        229         10
  397     194         65         76          0        180        284         10
  398      22         99       2008          0         30        122         10
  399     127         52        301          0         30        156         10
  400      29         38         22          0         90        162         10
