400_24

CUSTOMER  VEHICLE
NUMBER	  NUMBER     CAPACITY    DispatchingCost
    400     500          40000       100

CUSTOMER
CUST NO.  XCOORD.   YCOORD.   DDEMAND   PDEMAND   READY TIME  DUE TIME   SERVICE TIME

    0      41         23          0          0          0        960          0
    1     106         65       3641       1748        150        251         20
    2      90        102       3642          0        390        518         10
    3      12         15       1272          0         90        189         10
    4      41         73         30          0        300        443         10
    5     149         34       3794          0        360        424         10
    6      78         10        112          0        120        199         10
    7      30        106       5649       9351         30        124         20
    8      53         61       4698        108          0         90         20
    9     130         52       2295          0        390        472         10
   10     150         49         57       2075          0        162         20
   11     176        112         90       6575         90        255         20
   12     186         89       2076          0        120        260         10
   13      38        113       2703         77          0        154         20
   14     170         65        288          0         60        226         10
   15      80        117       1938          0        150        247         10
   16      88        127       1988        553         60        149         20
   17     108        151      15000          0        300        395         10
   18       7         33       2495        190          0         98         20
   19     192         65       1092          0        120        237         10
   20     146        141         94       2659         60        199         20
   21      27         76       2700          0         60        142         10
   22     108         21         28          0          0        103         10
   23     123         53        438       5972         30        192         20
   24     198         93       5805          0        360        531         10
   25      90         73        264        575         30        147         20
   26     108         38       1929       1123        120        204         20
   27      72          3       2977       2254          0        163         20
   28      81        134       1348         82         60        155         20
   29      86         77       1708        227        330        399         20
   30     111        131         82       1349        150        234         20
   31      27        110       4283       4190        390        472         20
   32     160        136       1923          0        360        466         10
   33      96         81       1570          0          0        130         10
   34      62         45       1457       1225        300        410         20
   35      61         30       2067       6210          0         72         20
   36     107         21        876          0        120        285         10
   37      70        119       1500          0          0        165         10
   38     116         94        181          0        120        203         10
   39      22         77      15000          0         30        200         10
   40     122         40        307       3485        120        198         20
   41      26        127        117       1919        330        435         20
   42      85         58       7139          0         60        223         10
   43     168        139         35        643        120        278         20
   44     106         55       4592          0        120        293         10
   45      27         73        330         57        120        289         20
   46      74         93        290          0          0        111         10
   47      94         94       1502          0          0        139         10
   48      36        143       1200          0         60        213         10
   49     134         55       3496          0        120        276         10
   50     107         85         75       5377         60        132         20
   51      23         93       3399          0         60        129         10
   52      25         47        468       1890        120        235         20
   53       8         43       2143          0        120        262         10
   54      31         40      14657        343        330        433         20
   55      69         92        351        290        390        492         20
   56     164         45        514          0         30        193         10
   57     109         64      14768        232         30        131         20
   58      86         80        127        211         30        172         20
   59      78         87         56       1532        120        278         20
   60     131        104         65          0         30        166         10
   61      67         96       9040          0        120        249         10
   62      99         45        936      14064        120        198         20
   63     174         99        805        140        180        246         20
   64      68         73         36          0        150        251         10
   65     121         71       2620       5274          0        126         20
   66      75        130        340          0         90        163         10
   67     117        100       6469       8004          0        157         20
   68      45        116        336       7032         90        264         20
   69     100         19        427       5297        120        227         20
   70     117        146        498          0        180        249         10
   71     111         67      14177        823        120        256         20
   72      87         93        784          0        150        294         10
   73     149         80        984          0         90        235         10
   74      69         22       7888       3483          0         63         20
   75     154         39       2164          0          0        164         10
   76      19          8       1293       1888        150        246         20
   77      80        113       2250       2029         60        191         20
   78     174        119       1642          0        120        243         10
   79     168         49       2697       2025          0        168         20
   80      23          9       1198          0          0        109         10
   81     169         49       5959          0        180        287         10
   82     167         94        888       5693          0        185         20
   83     105         62         42          0         90        172         10
   84      53         37       5955       2429        120        290         20
   85      37        100       1221       2447        330        467         20
   86     106        103         17          0         60        194         10
   87      40         67       1644          0        450        523         10
   88     100         65       3415          0          0        128         10
   89      22         92       6293          0          0        113         10
   90     125        102         61          0          0        167         10
   91     132         69        268        345         30        186         20
   92      18        126       1733          0         90        260         10
   93     117         79       4099        671        330        475         20
   94      68         95       1511          0          0        119         10
   95      82          9        483          0        120        247         10
   96     132         36       1052          0        120        198         10
   97     154         76       5420          0        180        283         10
   98      70         46       3340          0        300        461         10
   99      55        102       1082          0         30        173         10
  100      26        113        129          0         30        191         10
  101      41         79        367        539        120        283         20
  102     144         86       6707       6109        120        228         20
  103      48         83       1995      13005          0         99         20
  104      39         39       1802          0         60        204         10
  105     140        109         60          0         90        199         10
  106      13         38         27       1613         30         98         20
  107     186         72       2562          0        450        526         10
  108     135         78       1444       5113        120        224         20
  109      36        106        805       1798        120        231         20
  110      29         11       8445          0        390        470         10
  111     138         37       3221       1807        330        431         20
  112     150         53       3160       1628        120        251         20
  113      41         74         87          0         90        169         10
  114      85         45        667          0        120        203         10
  115      54        104        194      14806        120        186         20
  116     179         61       3315         98        180        262         20
  117     109         98       2338       2432        120        246         20
  118     104         91       5658          0         90        225         10
  119      78          6       2902       1882        120        196         20
  120     118         94       3792          0        120        202         10
  121     104         81       1122          0        150        219         10
  122      32        100       2565          0        150        222         10
  123      15         81       3726       2012          0        103         20
  124      38         31       2308      12692        300        399         20
  125     178        117       2568          0          0        209         10
  126      18         22        690        281        150        232         20
  127     153        148       3786          0         60        219         10
  128      48        154       1498          0        120        205         10
  129     154         27       2820          0         30        145         10
  130      53         78       5064         22          0        101         20
  131      82         15        133          0        120        254         10
  132     185         98       3330       1980         60        203         20
  133     180         58       3535         63          0        196         20
  134      17        119        170       2379        150        279         20
  135     162        118       2536          0        120        284         10
  136      82         56        213          0          0        102         10
  137      54        130         76       1859         60        165         20
  138      52         10         94         97        120        287         20
  139      65         82       2587        500        120        188         20
  140      57         29        170          0          0        129         10
  141      90         29        600          0        120        192         10
  142     105        152         77       1742        180        292         20
  143      59         14       5199       2975        120        282         20
  144      58         79       2086       1894        360        458         20
  145      37         72       1536          0         30        201         10
  146      90         87       2773       3791        390        530         20
  147     111         25       1110          0        120        236         10
  148      82          8        280          0          0        133         10
  149      52         61       1464       1944          0        101         20
  150      89         80        448       1710        120        230         20
  151      93         94       1154        595         60        127         20
  152     141         58       4199       2130        360        473         20
  153     151        109       2331        785        120        188         20
  154     150         79         92        301         60        226         20
  155      56         49         44          0          0         94         10
  156     176        126       5559          0          0        216         10
  157      11         19       5746        781        300        400         20
  158     118        100        337          0         60        214         10
  159     103         96         20       1989        150        281         20
  160      69         90       3243          0        390        495         10
  161      28         74        178          0         30        198         10
  162      77         63         68       4814         60        167         20
  163     132         44       3422          0        210        282         10
  164     192         92       4479        387        360        488         20
  165     101         20         13          0          0        101         10
  166     187         54       3502          0          0        189         10
  167     100         53      13506          0        120        254         10
  168     146        130       1611          0        180        278         10
  169     137         38        404       1879        120        217         20
  170      41        145        831          0        120        245         10
  171      56         51         13        699        150        280         20
  172      39         27       6210          0        120        192         10
  173     135         59       1010          0          0        151         10
  174     110        134         18          0        120        254         10
  175     139         66       7243       6474        300        410         20
  176      84         66        450          0        180        273         10
  177      83         79       1076          0        120        243         10
  178      34        149       1526       3958         60        216         20
  179     101         77        314          0        300        398         10
  180     100         14        396          0        120        255         10
  181      20         21       2489       2006        210        291         20
  182     148         32        768       1958        150        278         20
  183     150         20       3561          0        120        197         10
  184      43         16       3023        129        120        231         20
  185      66         86       3604          0         90        173         10
  186     115         90       8548         88        150        286         20
  187      42        125        199       1517         60        233         20
  188       3         90       6679       2977          0        141         20
  189     168        140        643          0        360        454         10
  190     137         49        501          0          0        157         10
  191      62        151         60          0        180        264         10
  192     140         38        155        448         90        262         20
  193      24         59       3281          0        120        220         10
  194     171         80      14914         86        120        198         20
  195     160         92        750       2077         60        218         20
  196     142        131       1682          0        120        180         10
  197      56         10        115       1992          0        135         20
  198     119         55       3884          0          0        135         10
  199      57          0       4103        156        120        247         20
  200      98         99       3156          0          0        148         10
  201      31         76       1982          0          0        164         10
  202     100         23        584          0        120        222         10
  203     138        146       1104          0         60        195         10
  204     133         37         13       1030          0        146         20
  205      95         82       2682          0        120        265         10
  206     121         91        476          0        150        263         10
  207     110         69       7646         29        300        400         20
  208      86        140        100       4343          0        176         20
  209      45        147         86       1572         60        228         20
  210     164         70       1545          0        120        195         10
  211      60        148       1697       5044         30        189         20
  212      86         86        422       2620          0        133         20
  213      83         74       1537          0         60        231         10
  214     146        129        181       1118         30        189         20
  215      51        115         15       6725         60        187         20
  216      55        116       3785          0        150        257         10
  217     142         35        252          0        180        260         10
  218      79         16        706       6211        360        441         20
  219      76         94         44       1776         60        198         20
  220     108         35       1516        169        120        214         20
  221      30         42       1110          0        120        220         10
  222      64         67       1506        393          0        131         20
  223     190         58       1529          0          0        199         10
  224      96         68       2354          0          0        127         10
  225       7        116        147       1749        120        281         20
  226      79          7       2256          0        120        196         10
  227      53         65         70          0         60        199         10
  228     104         68        144         74          0        133         20
  229     122        109         11          0         30        166         10
  230     194         97        122          0          0        214         10
  231      12         98      14989         11        330        433         20
  232     147         38       1937         50         90        223         20
  233     164        107       3396       1706        120        187         20
  234      76         31        206      14794          0        166         20
  235      31          7       1702         87        120        292         20
  236      24        148         40       1123        180        277         20
  237      31        106        686          0         30        169         10
  238      81          4      15000          0          0        139         10
  239      83         99        222          0         30        190         10
  240     191         97       4636          0          0        204         10
  241     100         29       3137        668          0        114         20
  242      70         55       1251       5736        330        499         20
  243      78         32       3212          0          0        116         10
  244      59         81         90       3021        120        228         20
  245     120         78         82         76         60        144         20
  246      98         53       4924      10076         60        133         20
  247     179        114       2024        197         60        211         20
  248      71         59       6086       1430        120        224         20
  249     192         88         85          0        180        287         10
  250     108         46        128          0        150        249         10
  251      60         49       5316          0          0         81         10
  252     164         60       2060       2199        150        230         20
  253     137        143       3153       5087        180        292         20
  254     106         68       1741       8171        150        275         20
  255     183        102       2558        334        120        228         20
  256      62         67       2332          0        360        441         10
  257     106        125       3447          0         60        153         10
  258     155         74       1604       7172        180        274         20
  259      92         88         12          0        150        254         10
  260      74         66       2529          0          0         94         10
  261      40        133       1587       5873         60        158         20
  262     116         85         40          0        330        498         10
  263     137         17        493       2819        300        460         20
  264      64         12       1443          0          0        143         10
  265     174         66         54       2020         90        226         20
  266     198         85       1522        586        120        259         20
  267      52         28       8254       2295        420        513         20
  268     168        147       2530        147          0        222         20
  269     148         47       1068       9983          0        148         20
  270      97         84        101          0        120        278         10
  271     145         71       8935       1819        330        466         20
  272      34         67      10530        127        120        294         20
  273     147        113       1183        841        300        440         20
  274     140        125       4694       8547        300        431         20
  275     133        142      15000          0        330        473         10
  276     121         66       2282       3179        150        259         20
  277     100        116       1072          0          0        158         10
  278      86        135      15000          0          0        164         10
  279      95         66        265          0          0        149         10
  280       8         46       1713          0        180        266         10
  281     124         96       1879          0          0        162         10
  282     177         47       2378        271        450        516         20
  283     103        124        181          0        180        286         10
  284     176         71       2484          0        120        274         10
  285      95         24         60       2219          0        153         20
  286      61        103       2360       8296        180        274         20
  287     104         39        228          0          0        130         10
  288     112        138      14049        878         90        173         20
  289     129         71       1103          0        360        501         10
  290      66        150        152       3714        450        521         20
  291      88         87       9970          0        180        279         10
  292     158         74        345       1149        150        275         20
  293     179         48         45      11000         90        189         20
  294      38         73         30          0          0        110         10
  295      71        129         13        101        120        184         20
  296      85         76        465          0        150        278         10
  297      43        129       1640          0         60        141         10
  298      42         23       1844       1205        120        218         20
  299      82         85      15000          0        120        227         10
  300      33         69       8738          0        120        271         10
  301      82        107       2525        182         60        195         20
  302      66         71       7810       7190          0        103         20
  303     188         95        130        385          0        214         20
  304     127        105       1265          0         30        192         10
  305     142         59        291          0         30        172         10
  306       5         14        439      14561        120        295         20
  307      27         46       1424          0          0         86         10
  308     126        111       9991       3234        180        256         20
  309     126         36       2136        234        120        259         20
  310      41         23       1777          0        120        288         10
  311     162        117       2284          0         60        219         10
  312      27         22       1614       1875        330        400         20
  313     120        129       7679       6372        180        276         20
  314      60         10       2247          0          0         93         10
  315       7        117        610        100         60        189         20
  316     140         94        300          0          0        162         10
  317     115         83       7608          0         60        160         10
  318      76         76       5203         53          0        173         20
  319      81        139        847          0         90        196         10
  320     133        100       3751       1524        390        527         20
  321      80         48        156          0          0        141         10
  322     160         37         33       2088        120        246         20
  323     174         67        189         91        120        201         20
  324     111         35       2054       2821          0        141         20
  325      85        102      11109          0          0        122         10
  326      15         52       4024        235          0        169         20
  327      48         60       1005          0        390        500         10
  328      44         47      13065          0        150        280         10
  329      73         56         10          0          0        134         10
  330     112         75         74          0        300        435         10
  331      85         61       3805        210         60        151         20
  332      55         60       2170          0        150        232         10
  333      39        139        663        180        180        290         20
  334      86         76        236        288         90        231         20
  335      97        144       8517        605        420        494         20
  336     134         73       1174       5745         30        143         20
  337      57        145         64          0         60        221         10
  338      98        116       1524      11435        120        224         20
  339      71         91       5401       1945          0        140         20
  340      92        120       2713          0        150        226         10
  341      42        127       6038       8962        360        528         20
  342     138         53       6618       1944        360        451         20
  343     109         65      15000          0          0        118         10
  344      62        135       1240       2938         90        228         20
  345     103        127        110        439         60        169         20
  346      19         13       1044          0          0         64         10
  347      47        133       4963          0         60        232         10
  348      54         96       4930          0          0        112         10
  349      78         65        960       4741         60        203         20
  350     111         65       3524       6652        360        492         20
  351     156         42        432         72        300        408         20
  352     160         77         26       3784          0        164         20
  353     160         78        270          0        120        188         10
  354      79        131       2905       4886        120        217         20
  355     111         54       3504          0          0        113         10
  356     143         66         95       1872         60        148         20
  357      28         45       7004          0         30        130         10
  358      53        120      13142       1858          0        170         20
  359     163         99        102          0        120        257         10
  360     169         76       4559         30        150        249         20
  361      35         26       1192         21        120        234         20
  362      57         26         62         59        120        216         20
  363     122         30       1750         48        120        247         20
  364     106         54        218        169        180        243         20
  365      93        152        603      14397         90        182         20
  366     113         64        311          0        150        291         10
  367      94        118       2191          0        180        250         10
  368      49        131       1598          0        120        186         10
  369      40         30       1495          0          0        124         10
  370     107         70       6738          0        360        463         10
  371      42         62         51          0         60        172         10
  372      32         83       1242       5845        120        219         20
  373     122        139        175          0        150        254         10
  374      61         31       3879         69        120        288         20
  375      80         46       5532          0          0        136         10
  376      38         24       4771       7888          0        169         20
  377     160        108        591       3008        180        248         20
  378      95        146       1549          0         90        195         10
  379      56        103       3792          0          0        159         10
  380     102         75       2796          0        210        287         10
  381      73         96       1678       2545        180        255         20
  382      52         62       1715       3401          0        108         20
  383     167         35         91        384          0        172         20
  384      16          3       1657       9040          0         99         20
  385     107         63       3716       4355         30        185         20
  386      12         30        303          0        150        227         10
  387      89         84         46       1461         60        169         20
  388      30        154        476        309        360        461         20
  389     131         44       2513        428        150        226         20
  390     148         94      12593       2407        150        227         20
  391      80         11      15000          0          0         73         10
  392      10         51        117          0        150        296         10
  393       2         17       1772          0         30        156         10
  394      34         61       7125          0        300        408         10
  395      63        135       7890        890         60        226         20
  396      33         70        712       2199         30        183         20
  397     109        122        320          0         30        205         10
  398      23        118       6397          0         60        201         10
  399     123         62       1825          0        300        403         10
  400      87         73       2733         25        120        285         20
