400_152

CUSTOMER  VEHICLE
NUMBER	  NUMBER     CAPACITY    DispatchingCost
    400     500          40000       100

CUSTOMER
CUST NO.  XCOORD.   YCOORD.   DDEMAND   PDEMAND   READY TIME  DUE TIME   SERVICE TIME

    0      41         23          0          0          0        960          0
    1      63         90       7354       1614        120        204         20
    2      13         84        171       3282        360        473         20
    3      90         92         15          0        120        228         10
    4      97         58      13022       1978        330        415         20
    5      63        135       7890        890         60        226         20
    6     145        114       8961          0        420        494         10
    7      68         86       1828          0        120        194         10
    8     176         70        576          0        360        443         10
    9     109         64      14768        232         30        131         20
   10     190         58       4309         30        180        250         20
   11      97         37        103       2795         30        196         20
   12     160        117         82        290         30        183         20
   13      23        118       6397          0         60        201         10
   14      66        135       2116          0         90        200         10
   15     107         21        876          0        120        285         10
   16      55        116      10997        108         30        131         20
   17     131         32       2471          0        300        432         10
   18      82          8        280          0          0        133         10
   19      76         76       5203         53          0        173         20
   20     172         43        183          0         90        186         10
   21     158        128       2022          0        210        278         10
   22      10         15        283          0        120        283         10
   23     154        105       2750         12        180        285         20
   24     122         83       2054          0        180        253         10
   25     141        142       8313          0          0        206         10
   26     132         44       3422          0        210        282         10
   27     194         60      12139          0         60        228         10
   28      42        125       1889          0        120        194         10
   29     112         74        347          0          0        138         10
   30       5        116       2268          0        360        520         10
   31       4         16       2745      12255        150        230         20
   32      13         38         27       1613         30         98         20
   33      25         47        260          0        120        197         10
   34      39        156         94         70        330        447         20
   35     174         67        189         91        120        201         20
   36     120        109         22       1769         60        170         20
   37      38         96        576        433        180        244         20
   38      99        108         52        832         30        152         20
   39     150        127       3450         58         90        181         20
   40      84         78       6367        925          0        160         20
   41      87        113       6124          0        120        229         10
   42     175         51       9905        298        300        435         20
   43      99         54       2078          0          0        135         10
   44      42         16       2135          0        120        252         10
   45      16         62         77       8312        120        241         20
   46      60         49       5316          0          0         81         10
   47      69         51       7005       1959        120        239         20
   48      12         15       1272          0         90        189         10
   49     177         48        264          0        120        283         10
   50     153         27       4494       1051          0        153         20
   51      85         76       2490       5313        120        185         20
   52     121        142       1553          0        120        205         10
   53      47        125        734          0          0        161         10
   54      22         77      15000          0         30        200         10
   55     103         96         36          0         90        165         10
   56      28         75        589          0        390        496         10
   57      23        110        406          0        300        412         10
   58      78          6       6345       6106        120        248         20
   59     130        122       9733          0        150        257         10
   60     168         96         60        818          0        194         20
   61      44         49       2711          0        120        291         10
   62      52         28       8254       2295        420        513         20
   63      42         52       1613       2243          0        127         20
   64     183         89         24          0        180        297         10
   65      59         54       4886       3022          0        163         20
   66     152        146       3114       1844        120        205         20
   67     151         82       1594        107         30        185         20
   68      65         57       1104          0          0         75         10
   69      10        117       1817          0          0        149         10
   70     160         56      13442       1558         90        220         20
   71      65         86         98          0        150        229         10
   72      31         76       1011        179        330        426         20
   73     194         94       2936       6345         60        217         20
   74      71         19       3406        567          0         66         20
   75       5        113       1464      10147         90        248         20
   76     144         54       1767       3023          0        147         20
   77     148        116        105          0        120        216         10
   78      76         44        234       1582        120        250         20
   79      89         84         46       1461         60        169         20
   80       6         12         30        210          0         73         20
   81     160         23        108        270        120        203         20
   82      51        114       1974       1723        300        401         20
   83      10         48        395       6125        120        186         20
   84     116         83        365          0        120        227         10
   85     171         74        200          0        120        283         10
   86     138         56       1926          0        180        273         10
   87     140         38        393       2089          0        150         20
   88     174        119       2449       2204        120        215         20
   89     131        104         65          0         30        166         10
   90     160        108         90        124         30        191         20
   91      70        119       1500          0          0        165         10
   92      74         85       1824       1068        360        443         20
   93     100         67      12718          0          0        141         10
   94      11         19       6393          0        120        230         10
   95      18         29       2400         69        120        230         20
   96     153        134        116       1745         90        221         20
   97      34        137       5356       9644         60        209         20
   98      77          6       2198          0          0        100         10
   99     118         67        576          0         60        167         10
  100      52        130       1940       1003         60        164         20
  101      33        155       6212          0        390        519         10
  102     115         96       2703          0        120        281         10
  103      72         39        586         23          0        140         20
  104      97         36       1434          0        300        410         10
  105      85         52       4061          0        120        216         10
  106      53         38       1377        666        450        529         20
  107       0          8       2947         34        180        294         20
  108     181         42       4565       2636          0        180         20
  109     103         95         75      10994         90        222         20
  110     110        128        190       2028          0        168         20
  111     113         71       5854       3098        300        427         20
  112     180         65        672         19        150        279         20
  113      35        109       2089          0        120        225         10
  114      42         14       1514          0          0        159         10
  115     125        102        145          0         60        221         10
  116      54          2        181         31          0        110         20
  117      34        136         68          0        120        204         10
  118      39         52        100          0        120        201         10
  119      73         65       1739       4416        120        231         20
  120      46         46        105          0        150        275         10
  121     138        106       3816       2415         90        163         20
  122     106         84       3643          0        150        289         10
  123      22        129       4578          0        210        292         10
  124     191         51         74       3792          0        205         20
  125      37         15       3805        746        420        522         20
  126      49         47         31        747          0        101         20
  127     101         85        237       1403        120        254         20
  128     117         42      12636          0        120        188         10
  129     106         66         82       1254         30        183         20
  130     186        107       2703       5379         90        246         20
  131     151        143        783         35        150        291         20
  132      72         99       1519       3868        180        290         20
  133      78         84       1819         76         90        260         20
  134      82        131         14          0         60        223         10
  135      70        125       1563        238         90        172         20
  136     179         61       8000          0         60        197         10
  137      67         39         15          0          0         95         10
  138     119         11       1680          0          0        131         10
  139     170        137         53          0         60        216         10
  140     127         93       3266          0         30        163         10
  141      44         78       1824        841        120        244         20
  142      50         64       2911          0          0        109         10
  143      36         79         86        212        450        517         20
  144      44         51        349          0          0         72         10
  145     135        121       2524      12476        210        294         20
  146     197         87        781       2435        300        467         20
  147      87         69         16          0        120        230         10
  148      47        133       4963          0         60        232         10
  149     104         70        279       2024        120        183         20
  150     173         43       2819          0         90        172         10
  151     135         26       3579       2020         60        186         20
  152     134         33        760          0        360        429         10
  153      68         96         65          0        150        242         10
  154     141        103       2428          0          0        171         10
  155       1         19       7206          0        420        524         10
  156      82         85      15000          0        120        227         10
  157     119         15       2659          0        420        480         10
  158     116         85        152          0         60        141         10
  159      81          8       1604          0          0        135         10
  160      15         52       4024        235          0        169         20
  161      34         98        474         23         60        133         20
  162      76         94         44       1776         60        198         20
  163     142        126       1391       1528         60        227         20
  164      67         94        266          0         30        128         10
  165     137        103       2176       7889        150        249         20
  166      78         87      15000          0          0        144         10
  167     170         36       1810         20         60        184         20
  168      11         48       9418        749          0        125         20
  169     150         67        227          0          0        155         10
  170      73        157        383          0        300        456         10
  171     181         76       6564       2216          0        192         20
  172      85        102      11109          0          0        122         10
  173      73        123        133       1185          0        166         20
  174      52        152       1744          0        120        206         10
  175     167         35      11558       3442        150        218         20
  176      45        147         86       1572         60        228         20
  177      57         29       1752          0        120        228         10
  178      27         76        563       7334          0        108         20
  179     161         36        408          0        120        252         10
  180      51         47        233          0          0        102         10
  181     118         94       3792          0        120        202         10
  182     154         31        178       7866        180        251         20
  183      97         86        559          0         30        147         10
  184      86        140        100       4343          0        176         20
  185     164         76       6937       8000         30        189         20
  186     158         30         30          0        330        494         10
  187     129         89         81         14         30        162         20
  188      17         18         15        664          0        102         20
  189      88         67        619          0         90        216         10
  190      88         87       9970          0        180        279         10
  191      60         60        208        908        120        192         20
  192      32         56        683          0         30        189         10
  193      50         80        673       1629        300        404         20
  194       5         14       4792          0         30        102         10
  195      61         63        183          0         30        140         10
  196     160        101       2010          0          0        176         10
  197     109         94       1274       1998        120        200         20
  198      19         52        984       5904         30        129         20
  199      78         32       7967       2036          0         81         20
  200     154         39       1879          0        300        404         10
  201      82         15        133          0        120        254         10
  202     127        122         14          0        120        266         10
  203       7         33        300       6210          0        137         20
  204     102         27       6474       2134          0         95         20
  205     146        141       2236        972        210        296         20
  206     102         93       2828       1365        360        427         20
  207     158         73       3051          0        360        466         10
  208      95         84       3079          0         90        213         10
  209     146         92         82         74        180        250         20
  210     185         59      14193        807        420        517         20
  211      66        150        152       3714        450        521         20
  212      22         92       6293          0          0        113         10
  213      33        137       1169          9        150        263         20
  214      88         54       1037       7180          0        101         20
  215     110        135       7052       7572        300        400         20
  216      17         36        277          0         30        157         10
  217      16        118       3419        191        120        232         20
  218      48         47       2496       5873        210        279         20
  219     103        127       4593       2410         60        157         20
  220      65         74       2221        200        180        272         20
  221     171         66       1122       7730         30        191         20
  222     108         35       1516        169        120        214         20
  223     126         73       3303        487         60        234         20
  224     104         91       1115        109         90        161         20
  225     106         55       4592          0        120        293         10
  226     145         38         40          0         30        156         10
  227     185         73       1929       2138         60        194         20
  228      74         20       5221       6408        120        229         20
  229     114         27      13557       1443          0        122         20
  230      23         10        612          0        120        194         10
  231     115         81       2084          0          0        142         10
  232      85         75        110          0          0        115         10
  233      59        134        864          0        120        196         10
  234     176         59       3726          0        150        283         10
  235     153         75       6006          0         30        178         10
  236     186         72         91       2136         60        206         20
  237     167         57       1475          0         60        181         10
  238      91         55         90        839          0        158         20
  239      57        117       7204          0         60        140         10
  240      11         34       5652       3785          0         79         20
  241      66         63        237        665          0        160         20
  242      70         72       2362        180          0        108         20
  243      40        133         27         87        120        217         20
  244      36         72       2498        527        300        437         20
  245     108         21         28          0          0        103         10
  246     130         59        339       1307        180        294         20
  247      40        112       1854          0        390        460         10
  248      80         64        665         95          0         97         20
  249     176         77         39          0         60        200         10
  250     186         74      10924          0        300        457         10
  251     119         98         19          0        120        243         10
  252     162        117       3616          0        210        281         10
  253     130        148       1951          0        330        432         10
  254     188         66         98       2542        210        288         20
  255     102         87       2047        179        120        259         20
  256      89         57        445          0        120        277         10
  257     172         77      11057       1016        300        402         20
  258      22         91        197          0        180        281         10
  259     112        138      14049        878         90        173         20
  260      59         81         90       3021        120        228         20
  261     102         72       2790      12210        210        280         20
  262     119         33        108         80        150        220         20
  263      53         37       5955       2429        120        290         20
  264     146        129        181       1118         30        189         20
  265      39          4       6177        873        330        456         20
  266      28        122        563          0          0        135         10
  267     160         74       8312          0         60        171         10
  268     142         35        252          0        180        260         10
  269       7         18         66         20        150        265         20
  270     108        105       3878          0        210        279         10
  271      22        149       4211          0        450        521         10
  272     135         51        172         41        120        247         20
  273      70        126       1688       1036        330        497         20
  274      81         11       1613          0        120        234         10
  275     174         93        530       5280         90        188         20
  276      59        106       1712          0          0        136         10
  277     139        104       1682          0        300        407         10
  278      57        153       7500        437        120        231         20
  279      92         65        223          0         30        202         10
  280     134         73        233        192          0        162         20
  281     112         20        189          0        120        281         10
  282      61          1        456        424        120        278         20
  283      89         56        625       1959          0        116         20
  284      76         16         16         49        120        234         20
  285      65         12        287          0          0         72         10
  286      56        103       3792          0          0        159         10
  287      73         55      14262          0        120        289         10
  288     132         69        268        345         30        186         20
  289      77         63       6727        423          0        101         20
  290     111         25        700       1224          0        120         20
  291      64        137       1077       1708        360        530         20
  292     132        151         46          0         30        204         10
  293      26          9         90        686        120        243         20
  294      25         72       2345       2128        150        294         20
  295     158         75       5351       9649        390        455         20
  296     148         33       4248          0        450        511         10
  297     198         79       3403          0         60        222         10
  298      69          1       3049          0        120        237         10
  299      12         55       1489          0        330        424         10
  300      34        122        556          0          0        129         10
  301     114         77         11        615         30        170         20
  302      81         75       2086          0         60        174         10
  303      52          0        487          0        120        228         10
  304      71        130       1104          0         90        263         10
  305     194         82       2787       2387         30        203         20
  306     145        124       2437          0        150        252         10
  307     115        114       1889          0        120        206         10
  308     168         49       2348      12652         90        168         20
  309      41         74         87          0         90        169         10
  310     112         47        105         93        180        265         20
  311      94        118       1771          0         60        192         10
  312     104         81       4870        938         90        260         20
  313     160         77       1715          0          0        183         10
  314     132         48       6880         18        120        228         20
  315     154         25         16        113        120        191         20
  316     105         68      10387        223        120        288         20
  317     159         43       5669       1990        360        466         20
  318      47         96       5906          0         90        190         10
  319     133        142       3803          0         60        185         10
  320      31         13       1844        847        120        221         20
  321      29         24       3492        215        300        427         20
  322     115         31      12292         35        120        289         20
  323      90         16       8545       2763        330        491         20
  324      35         97        196          0         90        170         10
  325      16        122       1708          0         30        145         10
  326     132        144       2415       2478        120        266         20
  327      51        150       1346       4497         90        249         20
  328      73         43       1570          0        120        199         10
  329      27        127       6599          0        300        414         10
  330      76         31        364          0        330        409         10
  331     162         96       1169       6106        210        278         20
  332     151         77       4561       1854         90        228         20
  333      88         13         60       1333          0        126         20
  334       1         17         29       1669         60        230         20
  335     137         17        493       2819        300        460         20
  336      34         33         57          0         30        165         10
  337      62         76       3624        766        150        236         20
  338      80         48        156          0          0        141         10
  339     100         14       1850          0        120        263         10
  340      93         65        975          0        120        188         10
  341     125         29      15000          0        150        295         10
  342      83         85       4875          0         30        133         10
  343      85         10       3602       3479        150        245         20
  344     141         45       1895          0        120        261         10
  345      85         71        338          0          0        149         10
  346     100         84        150          0        180        254         10
  347      14        122        684          0        330        435         10
  348      68         94       2410        333         60        164         20
  349      26        126       9670       1506        330        457         20
  350      45        126      13180          0         90        167         10
  351     136         69       1344        232        330        472         20
  352     153        148       3786          0         60        219         10
  353      91         72        129          0         90        230         10
  354      52         46       4320       2221        120        249         20
  355     173         97        683          0        180        293         10
  356      17        126         84          0         30        150         10
  357     129         72       2012       1440         90        174         20
  358      42         23       4798          0         30        113         10
  359      87        101       5050        279          0        135         20
  360      82        107       2525        182         60        195         20
  361     149        141        222       6827        180        297         20
  362     150         49      15000          0         30        198         10
  363      24         59       3281          0        120        220         10
  364      82         56       2214          0          0         86         10
  365      26        113        236       4829          0        128         20
  366     131         83        299          0         60        155         10
  367     111         35       4771       2527        360        476         20
  368      24        100       4040          0        150        250         10
  369     164         85       1673          0         90        219         10
  370      91         35        111          0          0        115         10
  371     168        147       1759       3420        120        230         20
  372      86        102        615       2112        150        285         20
  373      48        138        127          0        120        233         10
  374     108         18      11093        260        330        468         20
  375      18         11       4858       2220        300        412         20
  376     131         89       1708          0         30        159         10
  377      92         88       2076         67         90        250         20
  378      70         51       7914         34        300        437         20
  379     170         65        288          0         60        226         10
  380      39        107        542       9983          0        161         20
  381      73         81       1936         35        150        261         20
  382     150        131       1010          0        180        250         10
  383     101         81        196          0         60        224         10
  384     146        112         64          0        120        294         10
  385      69         90       3243          0        390        495         10
  386      88         61        363          0        330        474         10
  387     111         65       3524       6652        360        492         20
  388      38         24       4771       7888          0        169         20
  389      37        100       2569          0        120        286         10
  390     111         70       5395       2706         90        173         20
  391     134         89        282        197        360        437         20
  392      80         11       1799          0        360        524         10
  393      64         44       1799       6800        120        218         20
  394     161         35       5373          0        360        441         10
  395     149         29       8095          0          0        151         10
  396     186         83       3419       8738         60        216         20
  397     163         22       5394         85          0        176         20
  398      67         87       1522        122        120        225         20
  399     153         48        280          0         90        171         10
  400      69         21       2988         37        120        196         20
