400_157

CUSTOMER  VEHICLE
NUMBER	  NUMBER     CAPACITY    DispatchingCost
    400     500          40000       100

CUSTOMER
CUST NO.  XCOORD.   YCOORD.   DDEMAND   PDEMAND   READY TIME  DUE TIME   SERVICE TIME

    0      41         23          0          0          0        960          0
    1      25         72       2345       2128        150        294         20
    2      85         45        142          0          0         96         10
    3      79        101        403        306        120        259         20
    4      19         13       1044          0          0         64         10
    5      64        137       1077       1708        360        530         20
    6     135         51         64       4551          0        135         20
    7      67         96       1792         81          0        128         20
    8     112         47        105         93        180        265         20
    9      27         73       2173          0          0        100         10
   10     136         69       1344        232        330        472         20
   11      41         79       1984       2822         90        197         20
   12       3         88      15000          0        120        230         10
   13      73         83         28          0          0        139         10
   14      85         71        857       3492         30        142         20
   15     154        131       5120          0          0        201         10
   16      96         36        517       1205         90        264         20
   17      59         14       5199       2975        120        282         20
   18     137         49        173          0          0        158         10
   19     180         95         29          0        300        423         10
   20      85         77        259       1035          0        175         20
   21      57         91        197       3956        390        532         20
   22      92         59       3425       8935        390        465         20
   23       6         26       3038       1970          0         96         20
   24     123         59       6700       4619         30        204         20
   25      26        127       4093          0         90        224         10
   26     103         95         75      10994         90        222         20
   27     100         53      13506          0        120        254         10
   28     110        128        480          0         30        173         10
   29     160        127        157          0        300        440         10
   30      41        145        831          0        120        245         10
   31     145        114       8961          0        420        494         10
   32     168        147       2530        147          0        222         20
   33     177         74         50        113         60        200         20
   34     104         68        144         74          0        133         20
   35     181         76        134        217        120        247         20
   36     114         49       2303          0        150        228         10
   37      46        113        442          0          0        171         10
   38       8         11       1860        996         60        162         20
   39      42         14       1514          0          0        159         10
   40     108         42      11329          0          0        109         10
   41     185         59      14193        807        420        517         20
   42     149        141        222       6827        180        297         20
   43      29         31       1680          0        120        284         10
   44      39         96        594          0        390        498         10
   45     142        124        720         23        120        254         20
   46     107         61        197          0         90        251         10
   47     132         61        202       6386          0        142         20
   48     102         93       2828       1365        360        427         20
   49      78         10        112          0        120        199         10
   50     139         66       7243       6474        300        410         20
   51     101         20         13          0          0        101         10
   52     141         58       2693      10925         30        158         20
   53      54        104        126        152        120        258         20
   54     140         47       5638          0        330        494         10
   55      38         32       1886          0        420        520         10
   56      81         75       2086          0         60        174         10
   57      95         38      10533          0        300        398         10
   58      22        149       4698         82         30        175         20
   59     147         57       1502       7667        360        522         20
   60      35        124       2695          0        120        189         10
   61     139         70       1661          0        150        255         10
   62     179         67        382       1583         60        193         20
   63     181         73       1888          0         30        192         10
   64      90         16       8545       2763        330        491         20
   65     110         92        300          0          0        159         10
   66     136         72       4622        182          0        150         20
   67      40        149       1451       3623          0        182         20
   68     184         71       5419       1364         60        201         20
   69      88         41       2209          0        120        216         10
   70     154         39       2164          0          0        164         10
   71      83         64        104         25        120        287         20
   72     137         70        260       5735          0        151         20
   73      53         70        502          0         60        153         10
   74     120        116       7832          0          0        178         10
   75      34         74       1589          0        150        274         10
   76      27         76       2700          0         60        142         10
   77      76         59       2958          0          0         97         10
   78      32        115       6757       1941        390        527         20
   79      60         37         58      14448          0         65         20
   80      25        117       5161       1943        330        486         20
   81     123        124       6744          0        330        442         10
   82      43         16       3023        129        120        231         20
   83      85         74       7744         73         90        252         20
   84      75        126      13578       1422        360        428         20
   85     128         72      13201       1799        210        287         20
   86      74         63       2340       8107        120        225         20
   87     129         24       1772       9984        300        461         20
   88     110        119       1017          0        210        288         10
   89      58         86       1700         43        120        201         20
   90      52        152       1744          0        120        206         10
   91      57         45       1460          0        330        503         10
   92      93         68        831         85        150        222         20
   93      98         99       3156          0          0        148         10
   94      61         76      13149          0        300        400         10
   95     146        132       6216          0        180        260         10
   96     173         85       4842        248         60        183         20
   97      46        125        253         17         60        155         20
   98     180         65        672         19        150        279         20
   99     101        117       2024         28          0        151         20
  100      52          0        487          0        120        228         10
  101     108         46         98          0        120        202         10
  102     106        103         17          0         60        194         10
  103      87        101         84        149         60        127         20
  104     102         87         11        383        150        245         20
  105     111         41        306       2191        120        230         20
  106      44         51        240       1297        120        291         20
  107     127        133        733          0          0        181         10
  108     123         66       1816          0        330        410         10
  109      57         94        752          0         90        164         10
  110     123         63       1669       1523         30        186         20
  111      80         46         21          0        120        224         10
  112     173         56        817       2138        120        258         20
  113     120         62      15000          0          0        143         10
  114      16          3       1657       9040          0         99         20
  115      46         46         22      11398        120        216         20
  116     161         63       1848          0         90        223         10
  117      20         78       3380      11620         90        171         20
  118     185         56        943       2538        300        477         20
  119     145         71       8935       1819        330        466         20
  120     164         60       2060       2199        150        230         20
  121     141        103       2428          0          0        171         10
  122       7         21        230        615        150        248         20
  123      30         73       1538      13462        300        427         20
  124     160         66        364        237        300        393         20
  125      90         28       4659          0          0        102         10
  126      99        108       6709          0          0        142         10
  127      28         14        537          0        120        194         10
  128     138         37      14957         43        120        277         20
  129      63        111        378          0         90        262         10
  130     145        124       2437          0        150        252         10
  131     125         29      15000          0        150        295         10
  132     178         62       2706          0         30        195         10
  133     146         56        260          0         30        161         10
  134      52         62       8107       3808          0         77         20
  135     151         77      13526       1474        120        190         20
  136     188         95       1525         75        150        291         20
  137     118         67        576          0         60        167         10
  138     175         62        476          0         90        181         10
  139      70         55       1251       5736        330        499         20
  140     175         51       9905        298        300        435         20
  141     109         64      14768        232         30        131         20
  142      76         76        191          0         60        220         10
  143      57        145      13910          0         60        190         10
  144      66        117      10176        845          0        175         20
  145     175        124         14        181        120        215         20
  146      76         78         13       5049        180        287         20
  147      74        140        108          0        150        277         10
  148      78         35        821       1711          0        108         20
  149     137         38        404       1879        120        217         20
  150      33        155       6212          0        390        519         10
  151     125        103        101       1261         90        233         20
  152      66         71       7810       7190          0        103         20
  153      92         88       2076         67         90        250         20
  154      18         29       2400         69        120        230         20
  155     168        109       3646          0         60        190         10
  156      87        130         12          0         30        164         10
  157     151        143         28          0         60        195         10
  158      32        100        150       6079        150        220         20
  159      29        108        466         91         30        135         20
  160      48         60       1005          0        390        500         10
  161      80         70       2014          0        120        276         10
  162     103        128       4840       1094        120        294         20
  163      11         34        715       1709          0        163         20
  164      55         91        348       2453        180        289         20
  165     160         33       2819          0        420        533         10
  166      53         61       7335        178          0         76         20
  167      82         56       2214          0          0         86         10
  168     182        107         65        399          0        206         20
  169     183         89        248          0          0        193         10
  170     152         56       2295          0        390        515         10
  171      51         47        233          0          0        102         10
  172      12         98       1233          0         90        246         10
  173     185        103       2736       5906        210        287         20
  174     106        125        110          0        150        229         10
  175     161         35       5904          0        150        244         10
  176      21          7        812          0         90        164         10
  177     183         79       2944         36        120        287         20
  178      47        137         33          0        120        298         10
  179      75        156        695       5746         60        199         20
  180     142         29      10671        395        300        403         20
  181      11         48       9418        749          0        125         20
  182     134         34        299        201          0        142         20
  183     126         89       1838        339         30        207         20
  184      88         73      14285        715          0        119         20
  185     163        118       2063       4998         60        186         20
  186     116         43       3860          0        120        198         10
  187      83         25       2025         40          0        157         20
  188     117         35        497       2383          0        120         20
  189     132         36       1052          0        120        198         10
  190      91         12       2290          0          0        134         10
  191      95         66        265          0          0        149         10
  192      16        118       7875       2080        390        525         20
  193      24         59       3281          0        120        220         10
  194      60        122        249       3793         60        219         20
  195      15          3        841       1915         30        187         20
  196      15         37         90       6257        180        253         20
  197      62        154       5309          0        180        273         10
  198     153         75       6006          0         30        178         10
  199     167        147       1644       1841        150        216         20
  200     110         69       7646         29        300        400         20
  201      53         69        817         90          0        143         20
  202      27        127       1363       1951         60        162         20
  203      16         10       2201         31          0        130         20
  204      88         71         70       1644        420        487         20
  205     168        140        643          0        360        454         10
  206     160         22       1246        151        390        467         20
  207      78         17       2692        337        390        461         20
  208      78          7       1618          0         30        115         10
  209      40         30       1495          0          0        124         10
  210     140         38        155        448         90        262         20
  211      28        139         28          0         60        168         10
  212     102        120       3112          0        210        291         10
  213      96        112        291          0         60        234         10
  214      20        145        101          0          0        177         10
  215      29        101       2168         29         30        159         20
  216     130         90       3094          0          0        154         10
  217     120        149       3823       1756        300        392         20
  218      82         74        556          0         90        164         10
  219     171         66        210       5151         30        180         20
  220      33        137      14137          0        390        460         10
  221     147         61       1269          0        420        495         10
  222      73         81       3528          0          0        108         10
  223      77         20        347          0        150        286         10
  224      19          8       4343          0          0         69         10
  225      73         91       7911        860        450        526         20
  226     151        120       2582          0        300        443         10
  227      85         75       4920        383        120        220         20
  228      22         44       4416          0        360        458         10
  229      91         55       6953          0          0        131         10
  230     160        108         90        124         30        191         20
  231      77        132       1221          0         30        200         10
  232      88         67         86          0          0         98         10
  233      29         11       2827          0        120        261         10
  234     132        144       4836        131        300        401         20
  235      37        100       1221       2447        330        467         20
  236       5         14        439      14561        120        295         20
  237      74         95       5497       2199          0        125         20
  238      72         99         83       1750        120        274         20
  239      42        127       6038       8962        360        528         20
  240      20         98       2460         49         30        206         20
  241      44         48        922      14078        390        486         20
  242      96         81       6831          0        120        198         10
  243      34         67       2009        514          0         86         20
  244      98         46        101      14899          0         92         20
  245      52         10       3033          0        300        425         10
  246      20        119       9298          0        120        206         10
  247      31         76       1011        179        330        426         20
  248      42        125       1889          0        120        194         10
  249       9         49       1501          0        150        257         10
  250      15         52        136       2360        150        242         20
  251      71         91        672        305          0        125         20
  252     152        110       6086         34        180        248         20
  253     132         48       6880         18        120        228         20
  254      15         41       2076          0        120        262         10
  255     176         47       5280          0         90        196         10
  256     140        128       1927       1818         90        188         20
  257      45        116        336       7032         90        264         20
  258     161         87       2738          0        120        226         10
  259     105         62         42          0         90        172         10
  260     189        101        830          0        180        281         10
  261     127        122       7628          0        120        278         10
  262      53         65         70          0         60        199         10
  263     115         83       1898          0         60        185         10
  264      34        124       9338          0        120        284         10
  265     169         76       4559         30        150        249         20
  266     122        146        344        287        300        451         20
  267      73         56         10          0          0        134         10
  268      55         67       2489          0        150        227         10
  269      58         88       1900          0        150        271         10
  270     130        148       1672          0        150        233         10
  271      84         56        142       7646        210        292         20
  272     148        128       1544       1286         30        200         20
  273     106         96       8663        587         30        141         20
  274     158         74       1454       1418          0        176         20
  275     103        127       4593       2410         60        157         20
  276      57         26         62         59        120        216         20
  277      96        118        579       5307        180        297         20
  278      17         89       1415          0         60        191         10
  279      68          2         26        174          0        145         20
  280      67         94        266          0         30        128         10
  281     127        105       1265          0         30        192         10
  282      53         38       1377        666        450        529         20
  283      49         47        679          0        120        189         10
  284     142         35        252          0        180        260         10
  285      48        129       2461          0          0        177         10
  286     115         90        276          0        120        259         10
  287      28         10        181        583        120        276         20
  288     159         43       5669       1990        360        466         20
  289     139        104       1682          0        300        407         10
  290      10        117       1817          0          0        149         10
  291     174         66         14        228          0        181         20
  292      70         72       2362        180          0        108         20
  293      56        114        587       1940          0        136         20
  294     121         81         92          0         60        173         10
  295      17         36        298        746        150        250         20
  296     117        152        102       6373        210        283         20
  297      33        113        106       7832        120        190         20
  298      10        116         86       1521         60        226         20
  299     119         55       1464          0         30        165         10
  300     158         75       5351       9649        390        455         20
  301      86        135         18       2115         90        257         20
  302      41         23          0          0          0        960          0
  303      57         70       3068          0        120        217         10
  304      87         93         77          0        120        281         10
  305      30         43       2209          0        120        293         10
  306     120        124       1602          0         90        183         10
  307      10         51        117          0        150        296         10
  308       7         28       1609          0        180        298         10
  309      65        148       4849          0        300        405         10
  310     122        128       3545       1686        300        399         20
  311     125         88         46       2162        300        441         20
  312      51        150       1346       4497         90        249         20
  313     172        113       2392          0         30        196         10
  314      29        130       1851       2076         30        160         20
  315      13          8       2823          0          0        149         10
  316      41         70        684          0          0        172         10
  317     151         82         39          0        150        259         10
  318      86         77       1708        227        330        399         20
  319      22        101         82      14918         60        137         20
  320     133        123      11040         38        120        225         20
  321      60         43       2267       1205        120        255         20
  322      50        123        657          0        150        296         10
  323      80         93       2005         32        120        197         20
  324      90         47      14522          0          0        106         10
  325     160         23        108        270        120        203         20
  326     150        127        252        112         90        253         20
  327     121         66       7575          0        180        259         10
  328     111         70       2613       8002        120        181         20
  329     128         71       1174       2961        150        284         20
  330      14         39       9754          0        330        465         10
  331     109         94       1512       2434         60        186         20
  332      35         23        852        784        120        222         20
  333      93         84       3602          0        120        227         10
  334     129        122       2424          0         60        187         10
  335      52         46       4320       2221        120        249         20
  336     197         70       7034          0        210        296         10
  337      34        122        556          0          0        129         10
  338      28         31       1807         20         30        158         20
  339     166         88      10500          0          0        197         10
  340      95         24        380        190          0        143         20
  341      45         79       1104          0        150        227         10
  342      80         64        665         95          0         97         20
  343      65         74       1081       6938        150        218         20
  344       7         32         14          0        120        230         10
  345      19        124       6407        627        120        283         20
  346      79        119        519        759         60        165         20
  347       1         25       3149       3212         60        173         20
  348      81         81        604          0          0        135         10
  349      67         87       3590          0         90        258         10
  350     167         47       2384          0         60        205         10
  351     115         60        742          0         90        220         10
  352      95         84       3947          0        210        271         10
  353     153        146       2403       1306        390        533         20
  354     153         42        610          0          0        148         10
  355       7         97       4446       3145         90        255         20
  356      82         85      15000          0        120        227         10
  357     133         89       5152        235        120        285         20
  358     185         44         40          0         60        220         10
  359      92         84       1940       2028        420        522         20
  360      54        117         53       5147        120        235         20
  361     199         74        336          0          0        208         10
  362      44         86         37          0          0         99         10
  363     181         42        294          0         60        204         10
  364       1         17         29       1669         60        230         20
  365     116         49       3116       4606         30        172         20
  366      82         92       4707       1260        300        440         20
  367      22         77      15000          0         30        200         10
  368      41         73        120          0         30        163         10
  369      68         73       1260          0        150        261         10
  370     125        102        145          0         60        221         10
  371      37         15      15000          0          0         77         10
  372      79        131       2905       4886        120        217         20
  373      54        130         76       1859         60        165         20
  374     121         71       2620       5274          0        126         20
  375      50         85       1874          0         60        198         10
  376     150         79         92        301         60        226         20
  377      71        107       3481          0         30        188         10
  378     148         30       5837       1870         90        163         20
  379      97         84        101          0        120        278         10
  380     157         96        237          0         60        181         10
  381     168        139       3851          0        120        259         10
  382      36        146       6099        397        300        473         20
  383      83         79       1076          0        120        243         10
  384     112         20        189          0        120        281         10
  385      42         62         51          0         60        172         10
  386      32         56        683          0         30        189         10
  387     155         88        274          0        120        268         10
  388      64         54       8731          0        300        438         10
  389       8         46       1713          0        180        266         10
  390       8         81        232         34        120        191         20
  391     120         33       9977          0        390        496         10
  392      54         96         16          0        120        248         10
  393      23        118        170          0          0        141         10
  394      52         92        577          0        180        285         10
  395      67        115        280       8547         60        199         20
  396      47         96       5906          0         90        190         10
  397      44         71        164        504        150        225         20
  398      60         49       1543         90         30        166         20
  399     152         75       1838       1919        120        224         20
  400      49         43       6189          0         30        101         10
