400_160

CUSTOMER  VEHICLE
NUMBER	  NUMBER     CAPACITY    DispatchingCost
    400     500          40000       100

CUSTOMER
CUST NO.  XCOORD.   YCOORD.   DDEMAND   PDEMAND   READY TIME  DUE TIME   SERVICE TIME

    0      41         23          0          0          0        960          0
    1      36        146        280       3622         60        189         20
    2     126        106        997        107         90        173         20
    3      39        139        663        180        180        290         20
    4     105        152        367          0         30        179         10
    5     111         85       2903          0        120        279         10
    6      70        125       1563        238         90        172         20
    7     149        141        222       6827        180        297         20
    8      67         91       2857       4092         30        203         20
    9      48         54       2908          0          0         67         10
   10     183         60         96          0         60        181         10
   11      33         70        712       2199         30        183         20
   12     137        145        199      11844        120        246         20
   13      93         68        831         85        150        222         20
   14     176         52       2360          0        300        472         10
   15       6         26       3038       1970          0         96         20
   16     142        102       3349          0        450        528         10
   17     158         73        166          0          0        174         10
   18     103         96         36          0         90        165         10
   19      85         45        142          0          0         96         10
   20     110         49      13648          0          0        111         10
   21     137        103       1733          0         30        170         10
   22      83         79       1076          0        120        243         10
   23      47        133       4963          0         60        232         10
   24     167         47       2384          0         60        205         10
   25     190         58        154       2544         30        204         20
   26     115         83       7608          0         60        160         10
   27     153        122        284       3327         90        200         20
   28      59         48       8964          0        120        190         10
   29      40        149       1451       3623          0        182         20
   30      61         31         55       1184        120        253         20
   31     162        104       9484        514         60        195         20
   32      64         67       1506        393          0        131         20
   33     128         56       2475          0         90        243         10
   34     139         91       1580        714        150        260         20
   35      51        114       1974       1723        300        401         20
   36      17         89       1415          0         60        191         10
   37      24         59       3281          0        120        220         10
   38      48         46       3295       5889          0        146         20
   39      28         14       1745       1926        120        265         20
   40      22        151       8726          0          0        183         10
   41      83         25       2025         40          0        157         20
   42      49        148       1504       1889          0        167         20
   43      74         93        290          0          0        111         10
   44     153        115       1624          0          0        184         10
   45     119         33        108         80        150        220         20
   46     131        104         65          0         30        166         10
   47     155         88        274          0        120        268         10
   48      19          8       1293       1888        150        246         20
   49      48         83       2181       2064        120        233         20
   50     173         85       4842        248         60        183         20
   51     133         70        282      14718          0        151         20
   52     120        109         22       1769         60        170         20
   53     150         20       3561          0        120        197         10
   54      98         53       1297          0          0        172         10
   55      53         70        502          0         60        153         10
   56     152         91        170          0        120        197         10
   57      30         42        540          0          0         80         10
   58     101        117        637       2111         60        233         20
   59      61         30       2067       6210          0         72         20
   60     150         67        227          0          0        155         10
   61      22        149       4211          0        450        521         10
   62      25         72       2345       2128        150        294         20
   63      69         22       7888       3483          0         63         20
   64     189         85       1869       1825          0        199         20
   65     114         49        628       1895          0        131         20
   66     121         91        476          0        150        263         10
   67      62        135       1240       2938         90        228         20
   68     181         73       1888          0         30        192         10
   69     112         37       4280          0          0        140         10
   70     132         69         13        433         90        230         20
   71     144         86       6707       6109        120        228         20
   72     174         93        530       5280         90        188         20
   73     185         44         40          0         60        220         10
   74     166         88       5588          0         30        195         10
   75      90         47       2146          0        120        281         10
   76     183         79         57          0         60        220         10
   77       3         94       8935         24         30        143         20
   78      31          4       2093          0        120        275         10
   79     188         83       2334          0         90        204         10
   80     143        112       2682        236        360        469         20
   81     140         47       5638          0        330        494         10
   82      44         78       1824        841        120        244         20
   83      31         13       1210       3648        180        277         20
   84     185         59       3400       5639        120        206         20
   85      75        130        263          0         60        165         10
   86     106         96        379       2490         90        198         20
   87      53         17       4330          0          0         77         10
   88      39         33        673        169        420        497         20
   89     127        133        733          0          0        181         10
   90      35        124       6109        251          0        146         20
   91      25        155       3138          0        120        252         10
   92     112         20       8802          0        360        539         10
   93     163         99        102          0        120        257         10
   94      41         23       1777          0        120        288         10
   95      15         10       2020          0         90        184         10
   96      52         63       3542          0          0         77         10
   97     198         79       1205          0         90        203         10
   98      61         49       1523          0        150        242         10
   99     106         55       4592          0        120        293         10
  100      77         63       6727        423          0        101         20
  101      78         43       1788          0        420        504         10
  102     191        100       3104          0        150        215         10
  103      11         33       4619          0         30        108         10
  104     163         22       5394         85          0        176         20
  105     177        110       2025          0        120        261         10
  106      90         16       8545       2763        330        491         20
  107     164         90      12955       2045        300        399         20
  108     110         21       2830          0          0        110         10
  109      77        132       2764          0        120        257         10
  110      21          7       1773       4886        120        222         20
  111      67         87       3590          0         90        258         10
  112     106         65       3641       1748        150        251         20
  113      86         56       1879          0         90        194         10
  114       7         28         13          0         30        187         10
  115      28         74        178          0         30        198         10
  116     100         53      13506          0        120        254         10
  117      66         63        237        665          0        160         20
  118     101         20         13          0          0        101         10
  119     168         75       4492        515          0        183         20
  120     145         69         44          0         30        143         10
  121     167         35         91        384          0        172         20
  122     116         94        181          0        120        203         10
  123      57          0       4103        156        120        247         20
  124      50        123        657          0        150        296         10
  125     188         95       9335       2946        120        212         20
  126     200         68       2537         42          0        220         20
  127      18         37       1460        890        120        218         20
  128       8         81        232         34        120        191         20
  129     158         33        775       1136          0        160         20
  130      73         81       1936         35        150        261         20
  131      13         87       2832          0          0        124         10
  132      53         65        288        392        120        249         20
  133      78         32       3212          0          0        116         10
  134      56         64       1200          0          0         84         10
  135      21         40       3810          0          0        140         10
  136      45         86       2250          0        330        433         10
  137      13        119        606          0        210        287         10
  138     110        128        190       2028          0        168         20
  139      11         19       5746        781        300        400         20
  140     102         49       4353       1293        150        286         20
  141     114         19         67          0         30        138         10
  142     115         90        276          0        120        259         10
  143      33        137      14137          0        390        460         10
  144     117        152        102       6373        210        283         20
  145      16         62       4458          0          0        103         10
  146     176         46       2784        182         90        183         20
  147      88         87         35       5653        180        289         20
  148     130         68       1514          0          0        140         10
  149     142         91        108       4191        120        287         20
  150     131         51       1750          0         90        263         10
  151     117        146         75       4866        120        193         20
  152     197         58         60         56          0        214         20
  153      74         95       5497       2199          0        125         20
  154     149         94        165        502        180        259         20
  155     108        137        258          0         60        225         10
  156      47        129       1464         56         30        161         20
  157     183         61       6107          0        450        519         10
  158     122         83       2054          0        180        253         10
  159      74         20        127          0          0         75         10
  160      85        135        377          0        120        220         10
  161      79        119        274          0        210        284         10
  162      29         68       1074          0         60        197         10
  163     125         79       5792         22         30        167         20
  164     186         83       3419       8738         60        216         20
  165      52         46       2445       1778          0         66         20
  166      54        104        126        152        120        258         20
  167      81          6       4267          0        150        255         10
  168      40         86       6622       8378        450        525         20
  169     102         72       2790      12210        210        280         20
  170      34         74       2410          0        120        186         10
  171     197         70       7034          0        210        296         10
  172     104         91       1115        109         90        161         20
  173     176         71       2484          0        120        274         10
  174     110         92       2702          0         60        221         10
  175     108        151      15000          0        300        395         10
  176     109         94      15000          0        300        463         10
  177     111         67      14177        823        120        256         20
  178     106         81       5184         42         60        186         20
  179     100         85       1769          0         90        199         10
  180     115         60        742          0         90        220         10
  181      80         48        156          0          0        141         10
  182     121        129       1491          0         90        263         10
  183      95         24        380        190          0        143         20
  184      60         10       2247          0          0         93         10
  185     138        146       1104          0         60        195         10
  186      53         69        817         90          0        143         20
  187      56         49       1691       6109        120        260         20
  188     148         47       1068       9983          0        148         20
  189      82         99        454       5804        180        275         20
  190      30        106       3753          0        150        219         10
  191      86         67        991          0          0         96         10
  192     140         94        300          0          0        162         10
  193     146        132       4255          0         60        217         10
  194     192         62       1622        257          0        205         20
  195     173         62         44       5374        180        285         20
  196       1         19        633          0        120        225         10
  197      65        100       1629       8279        120        220         20
  198      21         12      15000          0          0        142         10
  199      27         73       2173          0          0        100         10
  200     133         37      13294       1706          0        127         20
  201     110         98        255          0         30        131         10
  202      97         24       2089          0        120        250         10
  203      52         62       1715       3401          0        108         20
  204      76         78       1637       4697         30        108         20
  205      53        120      13142       1858          0        170         20
  206      45         61       1970        147        120        198         20
  207     171         66       1122       7730         30        191         20
  208       6        114       1582          0         90        263         10
  209      63         90       1747       1114        150        223         20
  210     192         92       4479        387        360        488         20
  211      97         58      13022       1978        330        415         20
  212      68         21       3467          0        120        254         10
  213      38         73         30          0          0        110         10
  214     115         61        170          0         60        190         10
  215     198         85        594          0        120        288         10
  216     161         35       5373          0        360        441         10
  217      96         68       1183        233         30        191         20
  218      83         85       4875          0         30        133         10
  219      55         47       1590       1646         30        158         20
  220     120        117       1615       1636          0        157         20
  221     166         28       2289       1712        180        263         20
  222     119         15       4175       4102         30        159         20
  223     122         30       1750         48        120        247         20
  224     158         24       8394        614        120        284         20
  225      71        129         13        101        120        184         20
  226     142        131       1723        563        330        459         20
  227     152        104       5417       1989          0        172         20
  228     118         67       2780          0          0        168         10
  229     151        143        783         35        150        291         20
  230      87        140       5361          0        210        279         10
  231     155         24       1664       1500         30        201         20
  232      69         45       1895       8738          0        109         20
  233     138        128       2515       7408         90        256         20
  234      20        145        101          0          0        177         10
  235      28         34      13589          0          0        135         10
  236     153        148       3786          0         60        219         10
  237     176        113         45          0        120        275         10
  238     130        148       1951          0        330        432         10
  239     132         61        202       6386          0        142         20
  240     127         37       5281        270          0        138         20
  241      73         92       5409        719         60        236         20
  242     140        125       4694       8547        300        431         20
  243      95         38        433          0          0        100         10
  244      80         93        138       2224        120        205         20
  245      28         31       1807         20         30        158         20
  246     168        147       1759       3420        120        230         20
  247     157         96       1116        621         90        230         20
  248     117        100         13          0         30        160         10
  249     119         55       3884          0          0        135         10
  250     100         19        427       5297        120        227         20
  251      81          8       1604          0          0        135         10
  252      16        122       1708          0         30        145         10
  253     186         72       2562          0        450        526         10
  254      48        154       1498          0        120        205         10
  255     172         43        183          0         90        186         10
  256       7        117        610        100         60        189         20
  257      55         67       2489          0        150        227         10
  258     147         94       1976          0        120        251         10
  259      16         10       2201         31          0        130         20
  260     123         52        138          0        210        273         10
  261      37        100       2569          0        120        286         10
  262      35         23         16          0          0        114         10
  263      78          6       2902       1882        120        196         20
  264      34        106        384        417          0        148         20
  265      68         73      10273       4727          0        101         20
  266       7        114         82       2419         60        193         20
  267      62        151       5376         22          0        187         20
  268     160        131         29          0        180        290         10
  269      19        124       6407        627        120        283         20
  270      99         80       8000          0          0        164         10
  271     108         18      11093        260        330        468         20
  272     129         89         34          0         30        169         10
  273     161         87       1361          0          0        184         10
  274     104         68        144         74          0        133         20
  275     181         76        134        217        120        247         20
  276     170         36       1810         20         60        184         20
  277      84         56        147       1751          0        135         20
  278     146         88        105          0         60        223         10
  279     148         30       5837       1870         90        163         20
  280     117         79       4099        671        330        475         20
  281      97         46       1528        525          0         99         20
  282      79        131        170          0         30        158         10
  283      18         22       2684          0          0        102         10
  284      75         90       3133       1153        390        472         20
  285     198         93       5274          0         60        215         10
  286      34        136         68          0        120        204         10
  287      80         64        665         95          0         97         20
  288      20         39       2089       5003        150        253         20
  289      57         37         14          0        150        219         10
  290     179        107      12420        142        120        206         20
  291      87        113       6124          0        120        229         10
  292      95         91       1841       1378          0        166         20
  293     187         93        703          0        120        225         10
  294     102        120       1840          0         90        252         10
  295      24        100       4040          0        150        250         10
  296      85         58        441          0          0        166         10
  297      62         45       3063          0        120        200         10
  298     141         30        886          0         60        212         10
  299     120         85        615        452         90        220         20
  300      65         57       1104          0          0         75         10
  301      92         59       3425       8935        390        465         20
  302     148         23       5155          0        450        515         10
  303      85         71        857       3492         30        142         20
  304      72         39        586         23          0        140         20
  305     112        112       8742          0        420        526         10
  306     146         33        127          0         60        232         10
  307     172        108         11       7575        120        286         20
  308      79        130       3610          0         90        248         10
  309     137         93       5834          0        300        462         10
  310      84         66        450          0        180        273         10
  311      52          0        487          0        120        228         10
  312     121         66       2147          0          0        167         10
  313      30         45         17       1526        150        277         20
  314     133        100       2576          0        390        459         10
  315     155         90       2119          0        120        258         10
  316     152         87       2636          0         60        186         10
  317      25        114        338         84         60        226         20
  318     130        122       9733          0        150        257         10
  319     112         47        105         93        180        265         20
  320      27         84       1142       3496          0        125         20
  321      57         45        202        137        120        186         20
  322      72          3       2977       2254          0        163         20
  323      66        135       2116          0         90        200         10
  324      52        130       1940       1003         60        164         20
  325      48          5       1638       4183        450        526         20
  326      36        106        805       1798        120        231         20
  327     131         89         49          0        120        184         10
  328      43         16       3023        129        120        231         20
  329      35         63       1931          0          0        100         10
  330     177         47       2378        271        450        516         20
  331     132         43       7489          0          0        166         10
  332      60         79       4537       1655        300        430         20
  333      70         51        396          0         60        228         10
  334     137         37       1924          0          0        147         10
  335      56        114        226       2021         60        151         20
  336     152         56       2295          0        390        515         10
  337     154        105       2750         12        180        285         20
  338      74         92         36          0        120        249         10
  339     116         75         63       5651         30        135         20
  340      88         63       5628          0        300        404         10
  341     108         38       1775          0         30        193         10
  342      22         15         90          0         30        174         10
  343      77         20        347          0        150        286         10
  344      15         52        136       2360        150        242         20
  345      93        152        603      14397         90        182         20
  346     144         34       3247       1430          0        135         20
  347       7         97         54         17          0        171         20
  348      44         71       3765         96        150        249         20
  349      68         86        211       5088         60        201         20
  350      33         20        720          0          0        168         10
  351     140        128       1927       1818         90        188         20
  352      77        120         22          0         90        230         10
  353     139         25       1956          0          0        176         10
  354     170        137       1498      13502         90        218         20
  355      59         85        631       4636        360        488         20
  356      52         92        577          0        180        285         10
  357     106         66         82       1254         30        183         20
  358      97         37        103       2795         30        196         20
  359      82         15      13910          0        120        283         10
  360     175         62        476          0         90        181         10
  361      22         92       6293          0          0        113         10
  362      54         40         95          0        120        220         10
  363     124         96       1879          0          0        162         10
  364     116         43        480       1500          0        129         20
  365      82         92        564          0         60        228         10
  366     132        144       4836        131        300        401         20
  367      10         44       9023       1791        390        461         20
  368     143         31         67          0        210        278         10
  369      80         46       5532          0          0        136         10
  370      29        131       3180          0        180        290         10
  371      86         86        422       2620          0        133         20
  372     191         57       1758       2206         90        201         20
  373      97         36       9156       2225          0        165         20
  374      75        156        695       5746         60        199         20
  375     154         76        333       2490         60        226         20
  376      68         96         65          0        150        242         10
  377       2         17       1772          0         30        156         10
  378      87        139         60          0         90        167         10
  379      47         62        190          0        120        243         10
  380     130         90        233          0         60        204         10
  381     186         89       2076          0        120        260         10
  382     141         58       4199       2130        360        473         20
  383      39         52        100          0        120        201         10
  384      32         73       3613       1893        360        487         20
  385     120        124       1602          0         90        183         10
  386      91         12       2290          0          0        134         10
  387     193         92       2155       4270          0        207         20
  388     150         76         49          0         30        195         10
  389     110        119       4225          0        180        249         10
  390      82         56       2214          0          0         86         10
  391     135         51        172         41        120        247         20
  392     160         74         49       1329        180        288         20
  393      53         44        287          0        150        256         10
  394     120         33       1841       1896        150        222         20
  395      42        107         23       3646         90        236         20
  396     129         75        220          0        330        427         10
  397      58         79       2086       1894        360        458         20
  398     199         60        253       1149        180        248         20
  399     174         67        189         91        120        201         20
  400     152        110       6086         34        180        248         20
