400_163

CUSTOMER  VEHICLE
NUMBER	  NUMBER     CAPACITY    DispatchingCost
    400     500          40000       100

CUSTOMER
CUST NO.  XCOORD.   YCOORD.   DDEMAND   PDEMAND   READY TIME  DUE TIME   SERVICE TIME

    0      41         23          0          0          0        960          0
    1      47        137         33          0        120        298         10
    2     160        117         82        290         30        183         20
    3      70        125       1563        238         90        172         20
    4     101         20        428       1271        120        184         20
    5     161         87       2738          0        120        226         10
    6      13         26      14853        147        360        463         20
    7     118        100        337          0         60        214         10
    8      53         45         31          0         30         95         10
    9      32        112       1854          0        120        208         10
   10     120        103      13520        261        120        229         20
   11     176        111       1654          0         90        220         10
   12     177        110       2025          0        120        261         10
   13     104         68         23       1460        120        292         20
   14      37        123        451       2447        300        410         20
   15     100         23        730          0          0        133         10
   16      81          8        254         86          0         85         20
   17     122         65       7557         88        300        411         20
   18     130         68       1514          0          0        140         10
   19      32        100       2565          0        150        222         10
   20     106         66         82       1254         30        183         20
   21     194         94       2936       6345         60        217         20
   22     150         67        227          0          0        155         10
   23     172        108         11       7575        120        286         20
   24      83         79       1076          0        120        243         10
   25      56        114        226       2021         60        151         20
   26     133         89       5152        235        120        285         20
   27      38         96       3676       2220        330        499         20
   28     131         89         49          0        120        184         10
   29     116         65       2686         62          0        140         20
   30     121        142       1553          0        120        205         10
   31      43         16       3023        129        120        231         20
   32     145        134        181          0        300        401         10
   33     102         49       4353       1293        150        286         20
   34      72          3       2977       2254          0        163         20
   35     175        124         14        181        120        215         20
   36     194         65         76          0        180        284         10
   37      67        115        280       8547         60        199         20
   38      87        140       5361          0        210        279         10
   39      66         86       3604          0         90        173         10
   40     163         77       6210       1909        210        272         20
   41     101         81        196          0         60        224         10
   42      67         94        266          0         30        128         10
   43     114         77       2484          0        180        260         10
   44      48         83       2181       2064        120        233         20
   45       5        113       1464      10147         90        248         20
   46      40        155        117          0          0        176         10
   47     173         97       6144       4815        150        254         20
   48     148         47       1068       9983          0        148         20
   49      31         40      14657        343        330        433         20
   50     104         81       1122          0        150        219         10
   51     120        129        100       8516        210        289         20
   52      19          8       1293       1888        150        246         20
   53      75        156        695       5746         60        199         20
   54      36        153        203        144        390        475         20
   55      34        136       6807        100          0        156         20
   56     132         62        422          0        120        291         10
   57      99        108       6709          0          0        142         10
   58      25         47      14315          0          0        133         10
   59      31        107        326       1156         30        201         20
   60     162         96       1169       6106        210        278         20
   61     100         19       9275       4376        420        523         20
   62     152         75       1838       1919        120        224         20
   63     126        133       1838          0        330        431         10
   64      66         71        920          0        210        274         10
   65     129         75        220          0        330        427         10
   66     198         86       2360       2542         30        214         20
   67      50        123        657          0        150        296         10
   68      55         67        252         43          0        112         20
   69      20        119         90          0        180        249         10
   70      65         12       3769          0          0         80         10
   71      57         70       1258       2997        360        467         20
   72      21         40       3810          0          0        140         10
   73     160        108         90        124         30        191         20
   74      35          8        130        263        120        294         20
   75      22         91        197          0        180        281         10
   76      96         86        212        673        120        288         20
   77     100         14       1850          0        120        263         10
   78     169        111       1118       3641        120        248         20
   79      18         22       2684          0          0        102         10
   80     135        121        172        566         60        196         20
   81      49         43       6547          0          0         81         10
   82      10         44       9023       1791        390        461         20
   83      13         12       2221       2094          0         93         20
   84      69         90       3243          0        390        495         10
   85       7         97         54         17          0        171         20
   86     128         97        756       7047        330        403         20
   87     194         72       2010       1000        180        292         20
   88      40        112      13471          0        120        186         10
   89     114         49        628       1895          0        131         20
   90      48        154         21        455         90        217         20
   91      36        106        805       1798        120        231         20
   92      90         16       8545       2763        330        491         20
   93     166         83       2535        376          0        189         20
   94      12         55       1489          0        330        424         10
   95     137         38        404       1879        120        217         20
   96      29         11       2827          0        120        261         10
   97      30         45        198          0        120        233         10
   98     109         75       5146          0         60        170         10
   99     103         67       5652       1649          0        125         20
  100     117         42       1478        505          0        131         20
  101      44         48        922      14078        390        486         20
  102      73        111        437      14563        330        453         20
  103     182         66       2961        686         60        182         20
  104     121         45        684          0          0        118         10
  105     199         87       1536        511        450        538         20
  106      40         86       2078       5659        120        295         20
  107      41         74         87          0         90        169         10
  108      36        143       1200          0         60        213         10
  109      22        129       1601       1207        120        250         20
  110     163         99        102          0        120        257         10
  111      52         28       8254       2295        420        513         20
  112     175         62        476          0         90        181         10
  113      50         93        396          0        150        258         10
  114     123         62       1825          0        300        403         10
  115      82        131         14          0         60        223         10
  116     117         97        345          0         60        189         10
  117      25        117       5161       1943        330        486         20
  118     160        136       1923          0        360        466         10
  119      30        106       3753          0        150        219         10
  120     160        127        157          0        300        440         10
  121      74         63       2340       8107        120        225         20
  122      95         87         33          0         30        133         10
  123      46         46         22      11398        120        216         20
  124      73         89       1815       1071        210        282         20
  125      34        149       1526       3958         60        216         20
  126      53         44       5047       1204         60        144         20
  127      64         44       1869          0          0        133         10
  128     130         44         30          0         60        234         10
  129      60         10       1505          0          0        177         10
  130     131        104       1858          0        150        263         10
  131     151         82       1594        107         30        185         20
  132      96        118        111          0         30        172         10
  133     122         66       2433          0          0        148         10
  134      23         10        399       2968        360        432         20
  135      83         25        442       3136         30        159         20
  136     100        116       1850         13         30        194         20
  137     186         73       2487        847         90        194         20
  138     115         64       2545          0        150        292         10
  139      87        101       5050        279          0        135         20
  140       0          8       5321        105        120        223         20
  141      67         61        352          0        120        289         10
  142      27         24         52          0          0        138         10
  143     168         96       2000        101          0        192         20
  144      59         85        631       4636        360        488         20
  145      93         94       1154        595         60        127         20
  146     121         66       2282       3179        150        259         20
  147      11         33       2028          0        120        246         10
  148      57        145        202       3076          0        168         20
  149     107         85       1526       8945        120        232         20
  150      82         92        564          0         60        228         10
  151     164         76       6937       8000         30        189         20
  152     106         81       5184         42         60        186         20
  153      60        151       1891          0        210        281         10
  154     119         33       1577       2214        120        277         20
  155      82         56        213          0          0        102         10
  156      47         51       2207       5899         30        115         20
  157      90         28        374      14626        300        434         20
  158      33        113       1782         96        210        285         20
  159     140         38        155        448         90        262         20
  160     135         26       3579       2020         60        186         20
  161      78         84       1819         76         90        260         20
  162      80         11       1799          0        360        524         10
  163       3         88      15000          0        120        230         10
  164      55        116      10997        108         30        131         20
  165      45        126      13180          0         90        167         10
  166     141         68       3120          0        330        433         10
  167      53         37       5955       2429        120        290         20
  168      48         46       3295       5889          0        146         20
  169       5         14        439      14561        120        295         20
  170      37         72       6072       2024        150        287         20
  171      63        111        378          0         90        262         10
  172     150        140       3400       2503        120        215         20
  173     154        131      10211       4789        180        289         20
  174      35         26       1192         21        120        234         20
  175      56         49         44          0          0         94         10
  176     176         70       1430        164        120        192         20
  177      63         48       1520       2363        120        255         20
  178     142         31       1380          0         60        168         10
  179     130        148       1951          0        330        432         10
  180     121         71       2620       5274          0        126         20
  181     192         62         41       2702          0        202         20
  182      51        101       1613       3528        150        226         20
  183     118         94       3792          0        120        202         10
  184      49         47        679          0        120        189         10
  185      63         90       1747       1114        150        223         20
  186      43        122       6257          0         30        164         10
  187      57         37         14          0        150        219         10
  188     170        137       1498      13502         90        218         20
  189     170         82       4985          0        120        219         10
  190      54        130       4493        879        180        286         20
  191     113         48       5758          0          0        122         10
  192      95         84       3947          0        210        271         10
  193     129         89         34          0         30        169         10
  194     100         78        250       3370        120        280         20
  195     161         35       5904          0        150        244         10
  196     122         30       1332        207         30        154         20
  197      84         75         36       4537        360        525         20
  198      42        107       1530         99        120        238         20
  199      83         64        259         54          0         95         20
  200      93         50         90          0         30        199         10
  201      65         57         72       2160        120        253         20
  202      76         94         44       1776         60        198         20
  203      91        122        228          0         60        190         10
  204     119         45         22          0          0        141         10
  205     132         43       7489          0          0        166         10
  206      71        130       1104          0         90        263         10
  207      29         81         33       4814         60        189         20
  208     167         57       1475          0         60        181         10
  209      78         10        112          0        120        199         10
  210     117        100       1616       5146        150        285         20
  211     123         52        138          0        210        273         10
  212     147         38       1937         50         90        223         20
  213     108         38       1929       1123        120        204         20
  214     107        138        758       4478        120        286         20
  215      11         19       6393          0        120        230         10
  216     112        112       8742          0        420        526         10
  217      23        102        617       2432        390        464         20
  218     161         36        408          0        120        252         10
  219     180         58        107          0         90        264         10
  220      89         79        987         92         60        167         20
  221      51          1       1834       3239         30        141         20
  222      12         45       2192          0         60        133         10
  223     127        133        733          0          0        181         10
  224      21          7       7043        123          0        161         20
  225      17        119        170       2379        150        279         20
  226      86        102        531      14469        180        288         20
  227      71        129         13        101        120        184         20
  228      11         34        715       1709          0        163         20
  229     140         94        300          0          0        162         10
  230      23          9       1198          0          0        109         10
  231      27        127       6599          0        300        414         10
  232      82         72       2382        526         30        199         20
  233     105         68      10387        223        120        288         20
  234      31         76       1982          0          0        164         10
  235      28        139       2579          0         60        155         10
  236      41         73        120          0         30        163         10
  237     112         20       8802          0        360        539         10
  238     135         78      15000          0        300        404         10
  239     129         24       1772       9984        300        461         20
  240      91         55       6953          0          0        131         10
  241     107         63       3716       4355         30        185         20
  242     106         68      15000          0         30        170         10
  243     108         18      11093        260        330        468         20
  244      18         37       1460        890        120        218         20
  245     100         84       2429          0          0        123         10
  246     112         47       4377          0        120        200         10
  247      57          0       4103        156        120        247         20
  248     111         25       1110          0        120        236         10
  249     150         49      15000          0         30        198         10
  250     101        117       3956          0        330        441         10
  251      33         69       8738          0        120        271         10
  252      94         69        107          0        150        254         10
  253     127         93       3480        233        180        254         20
  254      53         65         70          0         60        199         10
  255      37        100       1221       2447        330        467         20
  256     152        104        330       2683         60        227         20
  257     190         58       1529          0          0        199         10
  258     140        109      11467        576        120        248         20
  259     177         47       2378        271        450        516         20
  260     149         34       1568       3152         90        254         20
  261      33        131       1500          0        120        250         10
  262     172         39        150       2010         60        168         20
  263      33         64       1687       1516        120        268         20
  264     122         40        307       3485        120        198         20
  265     168        109       3646          0         60        190         10
  266     119         94        388       2215         60        200         20
  267      97         24       2089          0        120        250         10
  268      74        140        108          0        150        277         10
  269      10         48         25         20        120        230         20
  270      18        126       1733          0         90        260         10
  271     121        120        603      14397         90        164         20
  272     100         85       1769          0         90        199         10
  273      86         77       1708        227        330        399         20
  274      92        120       2713          0        150        226         10
  275      95         82        699          0        120        187         10
  276      16          6       2550          0          0         86         10
  277      89         57        156         83         60        141         20
  278     102         75       3753          0         30        136         10
  279     109         64       3963          0        300        428         10
  280      45         49        112          0        120        275         10
  281     109         65      15000          0          0        118         10
  282     108        137        182       1571        180        286         20
  283     117        152        102       6373        210        283         20
  284      99        113        202          0          0        153         10
  285      74        119         60          0        120        261         10
  286      39         27       6210          0        120        192         10
  287     160         22       1246        151        390        467         20
  288       9         49       1501          0        150        257         10
  289       6         12       1818          0         30         97         10
  290     137        103       1733          0         30        170         10
  291     115        114        674          0         30        168         10
  292      81         81        604          0          0        135         10
  293     140        125       4694       8547        300        431         20
  294     166         28       2289       1712        180        263         20
  295      76         56         43       5681         30        174         20
  296     119         15       4175       4102         30        159         20
  297     158         75       1639       1839         60        206         20
  298      14          4         53       4356        120        222         20
  299     141         58       2693      10925         30        158         20
  300       8         10        216       2069        150        286         20
  301      93        152        603      14397         90        182         20
  302      81         66        124          0         60        166         10
  303     125        103        998       2362        150        279         20
  304      57         91        748          0        120        257         10
  305     136        148         58          0         90        228         10
  306     181         76       6564       2216          0        192         20
  307      32         41        255        177        150        275         20
  308       7         33        300       6210          0        137         20
  309      91         95       1257       6161         30        123         20
  310     194         60       6296        390         60        206         20
  311     150         46      10588          0         60        199         10
  312     125         79       5792         22         30        167         20
  313      73         91       7911        860        450        526         20
  314     155         55        452       9990         30        184         20
  315      61         31         55       1184        120        253         20
  316     180         65       1322          0         90        232         10
  317      61         30       2067       6210          0         72         20
  318     138         53       6618       1944        360        451         20
  319      14        122        684          0        330        435         10
  320      76         44        296        171        120        283         20
  321      65        100       1629       8279        120        220         20
  322      79        122       2645          0         60        220         10
  323      76         76        191          0         60        220         10
  324      57         94       5245        902         30        136         20
  325      17         36        524          0          0        104         10
  326      60         37         58      14448          0         65         20
  327     171         74       1026       6737        180        290         20
  328      41         23          0          0          0        960          0
  329     132         61         15          0        120        265         10
  330      78         87         56       1532        120        278         20
  331     139        144        960          0         90        210         10
  332      15         36       1121          0        210        276         10
  333      19         13        108          0         90        247         10
  334     183         89        248          0          0        193         10
  335     172         43        183          0         90        186         10
  336     120        116       7832          0          0        178         10
  337      67         91       2857       4092         30        203         20
  338      64         67       1506        393          0        131         20
  339      66        109       1110          0        180        246         10
  340     104        109       1628        251        180        294         20
  341     140        133       2253          0         60        196         10
  342     129         71       1103          0        360        501         10
  343      98         10       1801       7044        120        258         20
  344      90         47      14522          0          0        106         10
  345     152        110       1356          0         90        230         10
  346     130         52       2295          0        390        472         10
  347      71         91       5401       1945          0        140         20
  348      79        119        274          0        210        284         10
  349     186         74      10924          0        300        457         10
  350     126        111       1629       9241        150        251         20
  351     119         55         96       1895         90        199         20
  352      77         55        280       1511          0        110         20
  353      90         83       2995          0         60        163         10
  354     148        116        105          0        120        216         10
  355      58         88       1900          0        150        271         10
  356      97        113      10426         61         30        166         20
  357     112         74        347          0          0        138         10
  358      99         57        924          0        450        525         10
  359      85         58       7139          0         60        223         10
  360     103         95         75      10994         90        222         20
  361      10        116       1261          0          0        149         10
  362      62         76       9568          0        300        429         10
  363      83        141        744          0        150        228         10
  364      66         58       1700      13300        120        288         20
  365     192         92        889       1774         90        205         20
  366      51        115         15       6725         60        187         20
  367     107         77       3716          0          0        153         10
  368     144         34       2376       1927        360        436         20
  369      75         34        661          0          0         72         10
  370      36        146        280       3622         60        189         20
  371      86         76        236        288         90        231         20
  372     109         51       1301        299        300        459         20
  373      20        116        977        107        150        222         20
  374     102         47         56          0         60        229         10
  375     160        118         65       1669         60        227         20
  376     158         33        775       1136          0        160         20
  377      78         65         89          0        120        287         10
  378      30         43         37          0        120        253         10
  379     185         59      14193        807        420        517         20
  380     105        126         36          0        120        200         10
  381      55         65        330       1770        120        285         20
  382      76         16         16         49        120        234         20
  383     140         66         72        298          0        154         20
  384     195         59        736          0         60        200         10
  385      20         98       2460         49         30        206         20
  386      90         73         89          0          0        134         10
  387       6         26        103        338         30        167         20
  388      86        140       4314          0        300        416         10
  389     138        106       3816       2415         90        163         20
  390      48         74       4997          0        360        489         10
  391      10         51        613        348        120        259         20
  392      26        126        248       2684        120        237         20
  393     154         39       1879          0        300        404         10
  394      91         72        129          0         90        230         10
  395      21         23       4100       1571          0        108         20
  396      45        147         86       1572         60        228         20
  397      34        137       5356       9644         60        209         20
  398      31        106        686          0         30        169         10
  399     110         92        300          0          0        159         10
  400     173        111       5692          0        420        498         10
