400_164

CUSTOMER  VEHICLE
NUMBER	  NUMBER     CAPACITY    DispatchingCost
    400     500          40000       100

CUSTOMER
CUST NO.  XCOORD.   YCOORD.   DDEMAND   PDEMAND   READY TIME  DUE TIME   SERVICE TIME

    0      41         23          0          0          0        960          0
    1      56        114        226       2021         60        151         20
    2     192         88         85          0        180        287         10
    3     162        118       2536          0        120        284         10
    4      97         86       4135      10865          0        154         20
    5     158         74       1454       1418          0        176         20
    6      57         29       9626          0        120        190         10
    7      74        120         20          0          0        167         10
    8     114         48       4493          0        330        462         10
    9      57         94       5245        902         30        136         20
   10     186        107       1747          0          0        221         10
   11     132        121       1538       2076         90        185         20
   12     126         89       1026         57         60        218         20
   13     177         48         15          0          0        183         10
   14     187         54       3502          0          0        189         10
   15     135         23        213       3093        360        519         20
   16      25        114       1651          0        150        221         10
   17     168         49       2697       2025          0        168         20
   18      79         16        548          0        120        259         10
   19       5         36       1095          0          0        143         10
   20      17        126         84          0         30        150         10
   21      48        138        563          0        180        260         10
   22      29         38         22          0         90        162         10
   23     176        112         90       6575         90        255         20
   24     115         96       2703          0        120        281         10
   25      74         92       1473       3547        120        246         20
   26     149        141         90          0         60        199         10
   27      94        118       1771          0         60        192         10
   28      48         46       1206          0        330        504         10
   29      95         82        699          0        120        187         10
   30      90         74       1490          0          0        111         10
   31      52         46       2445       1778          0         66         20
   32     146        112       3512          0         90        178         10
   33      70        126        143          0         60        170         10
   34      60         49       5316          0          0         81         10
   35     127         93       3480        233        180        254         20
   36     141        103       2428          0          0        171         10
   37     150        140       3400       2503        120        215         20
   38     125        103        101       1261         90        233         20
   39      52         63       3542          0          0         77         10
   40       9         49       1501          0        150        257         10
   41      93         68        831         85        150        222         20
   42     133        102         73          0        120        285         10
   43     133        123      11040         38        120        225         20
   44      79          7       2256          0        120        196         10
   45      27         24         52          0          0        138         10
   46     149        136       1418       5946        120        280         20
   47      15         52        136       2360        150        242         20
   48      11         34        715       1709          0        163         20
   49     164         90      12955       2045        300        399         20
   50      21         23       4100       1571          0        108         20
   51     113         38         34          0        390        525         10
   52      45        147         86       1572         60        228         20
   53      91         55       6953          0          0        131         10
   54      87        113       1519          0         90        169         10
   55      93         65        975          0        120        188         10
   56      82         85       2110          0         90        197         10
   57      73         55      14262          0        120        289         10
   58     121         91        476          0        150        263         10
   59     112        136      14399        334        390        523         20
   60      94         62       3090          0        150        231         10
   61      29         31        135          0          0         88         10
   62     132         93       2419          0         90        231         10
   63      17         36        298        746        150        250         20
   64      19        124       5553        619          0        135         20
   65      57        145       2633          0         60        215         10
   66     121         73         21          0        300        459         10
   67     108         38       1929       1123        120        204         20
   68     120        117       2765          0         30        158         10
   69     176         70        576          0        360        443         10
   70      80        139        255          0         90        196         10
   71     170         82       1975       9336         90        250         20
   72     111         70       5395       2706         90        173         20
   73     109        146       4850       6304         60        190         20
   74      94         94       1502          0          0        139         10
   75      21        101       3626       2067        360        423         20
   76      24        114        503          0        300        405         10
   77      37         72       6072       2024        150        287         20
   78      50         64       2911          0          0        109         10
   79      61         49       1523          0        150        242         10
   80     183         89         24          0        180        297         10
   81      44         71       3765         96        150        249         20
   82     144        128        172        300        300        396         20
   83      26        126       9670       1506        330        457         20
   84     175         51       9905        298        300        435         20
   85     151        120       2582          0        300        443         10
   86      71         81       9982         59         60        128         20
   87      42         23       1844       1205        120        218         20
   88      45         49        112          0        120        275         10
   89      78         35        821       1711          0        108         20
   90     153        148         43      14957         60        217         20
   91      29         81         33       4814         60        189         20
   92      78         74        443          0         60        140         10
   93      45         86       3936       3369         30        202         20
   94      82         56        213          0          0        102         10
   95      36        143       1200          0         60        213         10
   96      92        120        250          0         30        162         10
   97      62         45       3063          0        120        200         10
   98     198         86       2360       2542         30        214         20
   99      28        120       8107          0         60        174         10
  100     137        103       1733          0         30        170         10
  101     150         53       3160       1628        120        251         20
  102     111         35       4771       2527        360        476         20
  103     199         74        336          0          0        208         10
  104      57          0       4103        156        120        247         20
  105     174         67        189         91        120        201         20
  106      39        107       3078       1042          0        129         20
  107     150         70       3899        511        300        469         20
  108      82         74        556          0         90        164         10
  109      51        150       1346       4497         90        249         20
  110      51         80         62          0        150        227         10
  111      36        146        280       3622         60        189         20
  112      56        103       1715          0         60        191         10
  113      34        124       9338          0        120        284         10
  114      32         56        182       1771        120        271         20
  115      28         74        178          0         30        198         10
  116      52          0       1860          0          0         98         10
  117     122         83       2054          0        180        253         10
  118      71         91       5401       1945          0        140         20
  119     109         29       6576       2690          0        161         20
  120       0         21        474         54          0        167         20
  121     123         34        106         87          0        132         20
  122      28         10        181        583        120        276         20
  123      83         64        104         25        120        287         20
  124     116         43        480       1500          0        129         20
  125      68         73         36          0        150        251         10
  126      74         20       5221       6408        120        229         20
  127     152        146       3114       1844        120        205         20
  128      21         80       1559        450        420        514         20
  129     142        126       1391       1528         60        227         20
  130     171        104        123          0         60        225         10
  131      99        144       1870        142         60        171         20
  132     178        117       2568          0          0        209         10
  133      67        115        280       8547         60        199         20
  134      23        141        982          0          0        156         10
  135      83         86         89          0         90        182         10
  136      52         92        577          0        180        285         10
  137     121         66       2282       3179        150        259         20
  138      64         90         81          0        360        493         10
  139      90        102       3642          0        390        518         10
  140     126        106        997        107         90        173         20
  141      77         44       4579       3422        120        285         20
  142     111        131       1290          0          0        180         10
  143     200         68       2480          0        120        293         10
  144     111         67      14177        823        120        256         20
  145     148        116        105          0        120        216         10
  146      13        119        606          0        210        287         10
  147       6         49        350       2338          0         84         20
  148     174         54       1034          0        180        264         10
  149      30        106       3753          0        150        219         10
  150      22         99       2276          0         60        134         10
  151     140        104         98          0         90        171         10
  152     120        129       2763          0        180        256         10
  153     168        139         35        643        120        278         20
  154      97         84        101          0        120        278         10
  155      30         42      11298          0        150        212         10
  156       7         28         13          0         30        187         10
  157     158         24       8394        614        120        284         20
  158      96         82         90       3809         90        189         20
  159      87        130       3686          0         60        158         10
  160     131         18      11000        112        120        193         20
  161      34         98        474         23         60        133         20
  162     105         41       2559          0        120        277         10
  163     107         77       3716          0          0        153         10
  164      87         69         16          0        120        230         10
  165      41         23          0          0          0        960          0
  166     129         89         81         14         30        162         20
  167     138         37      14957         43        120        277         20
  168     127         53       1804          0        120        225         10
  169     153        134        116       1745         90        221         20
  170     185         59       3400       5639        120        206         20
  171     175         62        476          0         90        181         10
  172     101         97         17         91          0        133         20
  173     198         79       1205          0         90        203         10
  174      80         48        156          0          0        141         10
  175      44         49       7334          0        360        431         10
  176      89         56       1257          0         30        139         10
  177      82         99        454       5804        180        275         20
  178      84         85         81          0        120        253         10
  179      59        134       2995          0        300        470         10
  180      69          1        665       4247          0        134         20
  181      66        152       1090          0         60        227         10
  182     174         93        530       5280         90        188         20
  183      35         26         19          0        120        224         10
  184      82         12        151          0          0         97         10
  185     126         73       5113          0         30        168         10
  186     131        104         65          0         30        166         10
  187     153         27       4494       1051          0        153         20
  188      39        139        147         13          0        163         20
  189      53         37       5955       2429        120        290         20
  190      15          3        401         98        120        222         20
  191      89         80        448       1710        120        230         20
  192     158        142        156        107          0        211         20
  193      42        125       1889          0        120        194         10
  194      59         81         90       3021        120        228         20
  195      44         78       1873       4411        420        519         20
  196      49        131       1598          0        120        186         10
  197      91        122        228          0         60        190         10
  198      35          8        130        263        120        294         20
  199     139        107        481          0        120        230         10
  200      96         68       1630          0          0        108         10
  201      21          7       1038          0         90        189         10
  202     155         55        178          0        150        248         10
  203     121        129       1491          0         90        263         10
  204      37         15       3805        746        420        522         20
  205      89         57        156         83         60        141         20
  206      34         68        320          0        120        232         10
  207     121         71       4982          0        360        530         10
  208      98         99       3156          0          0        148         10
  209       7          4       1847        908        120        253         20
  210     120         33       1841       1896        150        222         20
  211     180         95         29          0        300        423         10
  212      16          6       2550          0          0         86         10
  213       1         19        633          0        120        225         10
  214      20        116        977        107        150        222         20
  215     106         59       4453          0         90        161         10
  216      75        130        340          0         90        163         10
  217      28         72       6093        365        120        196         20
  218      48          5        806       2334          0        142         20
  219     133        142       3803          0         60        185         10
  220     188         95        130        385          0        214         20
  221      15         10       2020          0         90        184         10
  222      86         56       7609       7391          0        132         20
  223      76         78       7643          0         90        229         10
  224     118        100        337          0         60        214         10
  225      73         56         10          0          0        134         10
  226      77        120         22          0         90        230         10
  227     111         54       3504          0          0        113         10
  228      73         91       7911        860        450        526         20
  229       7        116        147       1749        120        281         20
  230     162        146       2028          0        120        228         10
  231     184         71       5419       1364         60        201         20
  232     145        114       8961          0        420        494         10
  233      11         47       5680          0         30        205         10
  234      61          1        456        424        120        278         20
  235      69         92       2542          0        120        291         10
  236     101        117       2024         28          0        151         20
  237      68         94       4472       1951        120        198         20
  238      27        100       2133       1839        390        531         20
  239      66        117      10176        845          0        175         20
  240      66        135       2116          0         90        200         10
  241      69         51       7005       1959        120        239         20
  242     121        142       1553          0        120        205         10
  243     151        109       2331        785        120        188         20
  244     135        121       2524      12476        210        294         20
  245      35        124       2695          0        120        189         10
  246     136         72       1133       4854        150        260         20
  247     123         59       1081          0        390        528         10
  248      50        123        657          0        150        296         10
  249     131         83        315       1751         90        220         20
  250     137        145        199      11844        120        246         20
  251     179         48        908        433          0        183         20
  252     188         83      14970         30         30        210         20
  253     160        118       6111       1029         90        224         20
  254      53         69        817         90          0        143         20
  255     164         73        887        104        150        229         20
  256      21         40       3810          0          0        140         10
  257     142         31       1380          0         60        168         10
  258      71        129      12904         84          0        154         20
  259      61         30         40          0        120        292         10
  260      24        148        579       9316        180        268         20
  261     148         47       1068       9983          0        148         20
  262     120         97         25          0         60        171         10
  263     126        132       1472        222         60        196         20
  264     171         66        210       5151         30        180         20
  265      95         24         60       2219          0        153         20
  266      30         45         17       1526        150        277         20
  267      97         24        618        175          0        144         20
  268      45         79       1104          0        150        227         10
  269     164         76       6937       8000         30        189         20
  270      37         14        894          0        120        259         10
  271      84         66       3127          0        300        434         10
  272     148         94      12593       2407        150        227         20
  273      32         23       2963       2419        300        425         20
  274     119         98       5888       7915        180        281         20
  275     104         91         86          0         60        220         10
  276     126         72       2306       4765         90        190         20
  277     146         92         82         74        180        250         20
  278     106         68       3813          0        360        514         10
  279     114         80       1772       2472         60        224         20
  280     169         35       1862        106          0        162         20
  281     194         97        122          0          0        214         10
  282      38         96        576        433        180        244         20
  283      66         63        237        665          0        160         20
  284      31         76       1011        179        330        426         20
  285      80         93       2005         32        120        197         20
  286     155         24         30          0        120        262         10
  287     146         56       1613          0         60        174         10
  288     131         44       2513        428        150        226         20
  289     128         71       1174       2961        150        284         20
  290      89         79        987         92         60        167         20
  291     108        105       5644          0         60        163         10
  292     127         52        301          0         30        156         10
  293     125        102         61          0          0        167         10
  294     118         67       2780          0          0        168         10
  295      19         98       5993          0        330        470         10
  296     182         66       2961        686         60        182         20
  297     107         63       3716       4355         30        185         20
  298     185        103       2736       5906        210        287         20
  299      23         35       3072       5533         30        151         20
  300     103         96        112       9040        150        289         20
  301      83         25       2025         40          0        157         20
  302      48         54       2908          0          0         67         10
  303     190         58        120          0          0        204         10
  304      13         38         27       1613         30         98         20
  305      80         64        414          0          0         99         10
  306      34         74       1589          0        150        274         10
  307      78         32       7967       2036          0         81         20
  308      67         96       1792         81          0        128         20
  309      85         76      13438          0        300        434         10
  310     100         67       6851         56         30        135         20
  311      18         22        690        281        150        232         20
  312      74         93        290          0          0        111         10
  313     110         92       2702          0         60        221         10
  314      55         91        348       2453        180        289         20
  315     108         42       1538       3504        120        271         20
  316     103        127        110        439         60        169         20
  317     181         68       1149          0         90        185         10
  318      83         85       4875          0         30        133         10
  319      47         96        920          0        210        283         10
  320     169         49       4252          0        300        436         10
  321     118         94        325       1706         60        162         20
  322      13         12       2221       2094          0         93         20
  323     192         62         41       2702          0        202         20
  324     161         95        238         61        120        215         20
  325     108         18        373       1719          0        141         20
  326     162        117       2284          0         60        219         10
  327     181         73       1888          0         30        192         10
  328     158        128         27       1673         60        235         20
  329     181         42       4565       2636          0        180         20
  330      88         16        204          0          0        101         10
  331      51         47       3775       1544          0        159         20
  332      81          8       1000        363        300        394         20
  333      95         66         82        101          0        108         20
  334     104         70        279       2024        120        183         20
  335       4         16       2745      12255        150        230         20
  336      57        117       7204          0         60        140         10
  337     131         51       2121          0        120        236         10
  338     180         65       1322          0         90        232         10
  339      57        153       7500        437        120        231         20
  340     108        137        182       1571        180        286         20
  341      63         48         62      13911         30        155         20
  342     148         32      10754       1881         30        164         20
  343      31          4       4408         12        330        490         20
  344      58         79       2086       1894        360        458         20
  345     176         52       2360          0        300        472         10
  346     160         74       8312          0         60        171         10
  347      72          3       5874       5907        120        259         20
  348     154         31        879        338        120        246         20
  349     100         14        396          0        120        255         10
  350      99         54       2078          0          0        135         10
  351      83         99         78          0         30        137         10
  352      74         85       1824       1068        360        443         20
  353      59         85        631       4636        360        488         20
  354      73         81       3084          0         30        141         10
  355     154        131       5120          0          0        201         10
  356       8         81        232         34        120        191         20
  357      36        106       1722       6296        360        463         20
  358     150         46      10588          0         60        199         10
  359      76        127       4385          0        330        405         10
  360      97         46         56       6099        120        244         20
  361      53         57        538         68          0         75         20
  362     102         67       1641         27         60        152         20
  363     172         43        183          0         90        186         10
  364     175        124       9326          0          0        214         10
  365     163        111       2219       7051        210        277         20
  366      76         87       6305          0        450        525         10
  367     102         49       4353       1293        150        286         20
  368     194         60       6296        390         60        206         20
  369     116         83        550       1777         30        197         20
  370     140         38        393       2089          0        150         20
  371      28        139         28          0         60        168         10
  372      24        109       1096        166        390        459         20
  373     118         45       1597        289         30        129         20
  374      41         79        367        539        120        283         20
  375     133         52       4356          0         60        130         10
  376     156        115       1299        588        120        296         20
  377      46        125        253         17         60        155         20
  378      52         10       3033          0        300        425         10
  379      76          4       9807       2333        330        431         20
  380      63        111       1269       2888          0        123         20
  381     129         71       1103          0        360        501         10
  382      46         18       1403          0          0        159         10
  383     109         64      14768        232         30        131         20
  384     153         75       6006          0         30        178         10
  385      74         95       5497       2199          0        125         20
  386     119         15       2659          0        420        480         10
  387     115         31       1754          0        120        245         10
  388     148         30       1881       2382         90        218         20
  389     130         59        339       1307        180        294         20
  390     130         46         72          0        120        263         10
  391      85         77        259       1035          0        175         20
  392      38         32       1886          0        420        520         10
  393     112        112       8742          0        420        526         10
  394     137         30        589         90          0        140         20
  395     193         91       1440       5669        150        225         20
  396     102         87       2047        179        120        259         20
  397     119         45       1008        697          0        129         20
  398      72         92       2616        234          0        161         20
  399     102         72       2790      12210        210        280         20
  400     120        103      13520        261        120        229         20
