400_176

CUSTOMER  VEHICLE
NUMBER	  NUMBER     CAPACITY    DispatchingCost
    400     500          40000       100

CUSTOMER
CUST NO.  XCOORD.   YCOORD.   DDEMAND   PDEMAND   READY TIME  DUE TIME   SERVICE TIME

    0      41         23          0          0          0        960          0
    1     157         96        237          0         60        181         10
    2      69        134       1305          0        180        259         10
    3     140         94        300          0          0        162         10
    4     142         29      10671        395        300        403         20
    5       7         33        300       6210          0        137         20
    6      16         62       4458          0          0        103         10
    7      82         15        133          0        120        254         10
    8     199         60        253       1149        180        248         20
    9     127        105       2583          0         90        247         10
   10     101         77        314          0        300        398         10
   11     155         24         30          0        120        262         10
   12     109        122        320          0         30        205         10
   13      51          1       1834       3239         30        141         20
   14      92         65        223          0         30        202         10
   15      13         12       2221       2094          0         93         20
   16     147         39       2024       2295         90        195         20
   17      41         73         30          0        300        443         10
   18     105        152        367          0         30        179         10
   19       5        113         74          0         60        130         10
   20      28         14        537          0        120        194         10
   21     147         38       1937         50         90        223         20
   22      41         79        367        539        120        283         20
   23      39         52         90          0          0        107         10
   24      72         99         83       1750        120        274         20
   25      88         73       2290       7406          0        142         20
   26     192         92       1307          0        120        217         10
   27     121        120       1864          0          0        166         10
   28      99        144       1870        142         60        171         20
   29      97         46       1528        525          0         99         20
   30     132         27        922          0          0        140         10
   31     111         65       3524       6652        360        492         20
   32      57        153        299         30        360        455         20
   33     193         91       2004          0          0        211         10
   34      96         66       7052          0        150        258         10
   35      13         26        384        211        120        187         20
   36      73        123         13       8002         60        151         20
   37     158         75       1639       1839         60        206         20
   38      65         74       2221        200        180        272         20
   39     154         31        879        338        120        246         20
   40     103         96       1321        433         90        195         20
   41      52         28       8254       2295        420        513         20
   42     169         49       4252          0        300        436         10
   43      16         35       5990          0          0        168         10
   44      89         57        445          0        120        277         10
   45      86         56       1879          0         90        194         10
   46     108         42      11329          0          0        109         10
   47     155        145        238          0         60        233         10
   48      42        107         23       3646         90        236         20
   49     133        102       3993          0         30        171         10
   50      84         56        147       1751          0        135         20
   51      25         52       2409          0        120        276         10
   52      92        120       2713          0        150        226         10
   53     171         74       1026       6737        180        290         20
   54     132         48        526         24          0        134         20
   55     151        107      12718         82        330        454         20
   56      61         49       1523          0        150        242         10
   57     115         83       1898          0         60        185         10
   58     120         78       4018       3401        330        482         20
   59      56         51         13        699        150        280         20
   60     100         84        150          0        180        254         10
   61     145        134        181          0        300        401         10
   62      55         67        252         43          0        112         20
   63     160         77       1715          0          0        183         10
   64       0          8       9866          0        120        278         10
   65      81         56        315          0        120        199         10
   66     101        111       4531       2816        120        277         20
   67     137        103       2176       7889        150        249         20
   68      90         83       2995          0         60        163         10
   69     179        114       2024        197         60        211         20
   70      55        116      10997        108         30        131         20
   71     177         47       2378        271        450        516         20
   72      30        117       1507          0         60        160         10
   73     108         29       6317          0        420        527         10
   74      35        124       2695          0        120        189         10
   75      97         84       3915       6296         90        249         20
   76      11         19       6393          0        120        230         10
   77      68          2         26        174          0        145         20
   78     159        127       2388       2516         60        201         20
   79     120         97         25          0         60        171         10
   80     170         82       4985          0        120        219         10
   81     111         54       3504          0          0        113         10
   82      97         24        618        175          0        144         20
   83      35        109       2377          0        120        202         10
   84      34        136       6807        100          0        156         20
   85      66        135       2116          0         90        200         10
   86     140        133       2253          0         60        196         10
   87      71        130        142          0        120        235         10
   88      29        131       3180          0        180        290         10
   89     108        137        258          0         60        225         10
   90     168         96       2000        101          0        192         20
   91     101        117        637       2111         60        233         20
   92      10        117       1817          0          0        149         10
   93      38        141        250       1250         60        199         20
   94       8         46        910        960          0         93         20
   95      38         31       1285       1542        120        279         20
   96      32        112        584          0         30        174         10
   97     179         72         30         54         60        190         20
   98     103         55         62          0          0        142         10
   99      49         43       6189          0         30        101         10
  100     106         55        309          0          0        165         10
  101     160         66        364        237        300        393         20
  102     198         79       3403          0         60        222         10
  103      53         21       1800          0          0        105         10
  104     191         57       1758       2206         90        201         20
  105      53         37       5955       2429        120        290         20
  106      50         80        673       1629        300        404         20
  107     177        112        280        193          0        200         20
  108     119         33        108         80        150        220         20
  109     121         66       2147          0          0        167         10
  110     100         29       3137        668          0        114         20
  111     102        120       1840          0         90        252         10
  112     133         70        282      14718          0        151         20
  113      85         71        338          0          0        149         10
  114      88        103       3713          0        180        260         10
  115     131         83        315       1751         90        220         20
  116      87        101       5050        279          0        135         20
  117      49         47        679          0        120        189         10
  118      50         64       2911          0          0        109         10
  119      48         60       1005          0        390        500         10
  120     131         17        190          0          0        154         10
  121     131        123        786       5873         30        190         20
  122      81         11       1613          0        120        234         10
  123       2         17       1772          0         30        156         10
  124      83         85        300       4834         90        174         20
  125      36         20       2287        292        120        282         20
  126     172         43        183          0         90        186         10
  127     119         55       3884          0          0        135         10
  128      31        107        326       1156         30        201         20
  129      34         49         84         22          0         96         20
  130     173         43       2819          0         90        172         10
  131      52        130      15000          0         60        222         10
  132      20        145        101          0          0        177         10
  133     149         80        984          0         90        235         10
  134     151        120       2582          0        300        443         10
  135     104         91       1115        109         90        161         20
  136      28         31       1807         20         30        158         20
  137      54         40         95          0        120        220         10
  138      86         99         17        389         30        138         20
  139     134         34        299        201          0        142         20
  140      10        116       1261          0          0        149         10
  141      50         93        396          0        150        258         10
  142     132         44        200         62        120        196         20
  143      19         90       1074          0        120        287         10
  144      59         14       5199       2975        120        282         20
  145     111         41        306       2191        120        230         20
  146      79        101        403        306        120        259         20
  147       7         97         54         17          0        171         20
  148      53         69        817         90          0        143         20
  149      13         38         27       1613         30         98         20
  150      60         13        324          0          0        103         10
  151     120        129       2763          0        180        256         10
  152      23        141       2280          0        150        231         10
  153      62         56         21          0          0        155         10
  154      12         15         29          0          0         97         10
  155     122         34       2224          0        120        223         10
  156     163         99        102          0        120        257         10
  157     164        107         48          0        180        280         10
  158     162        118       2536          0        120        284         10
  159      90         29         45          0         90        186         10
  160      55         47       1285        100        390        490         20
  161      97         36       9156       2225          0        165         20
  162       1         25       3149       3212         60        173         20
  163      91         84       2130       1307        330        440         20
  164     108         38       1929       1123        120        204         20
  165     187         93        703          0        120        225         10
  166     126         36         51        569        120        254         20
  167       7        117        610        100         60        189         20
  168      21         98       3613       6345        120        220         20
  169      76         94         44       1776         60        198         20
  170     188         83      14970         30         30        210         20
  171      13         87       2832          0          0        124         10
  172      27         73        330         57        120        289         20
  173     112         37       2469          0        150        290         10
  174     135         78       1444       5113        120        224         20
  175      88         67       3417        697        390        526         20
  176      99         64       1879          0         90        176         10
  177      16          6       2550          0          0         86         10
  178      30         43         37          0        120        253         10
  179      63         90       7354       1614        120        204         20
  180      66         71       7810       7190          0        103         20
  181     159         75       5376       3804          0        175         20
  182      77        120         22          0         90        230         10
  183     158         30         30          0        330        494         10
  184     141         45       1895          0        120        261         10
  185     131         51       1750          0         90        263         10
  186     113         71       5854       3098        300        427         20
  187     143        102       8871       6129        120        259         20
  188      85        128       1184         82         60        168         20
  189     146        141         94       2659         60        199         20
  190      79        131       2905       4886        120        217         20
  191     173         62         44       5374        180        285         20
  192      95         84       3079          0         90        213         10
  193     149        136       1418       5946        120        280         20
  194     160         23        108        270        120        203         20
  195      56        103        362         37          0        132         20
  196     102         93       2636       9336        180        295         20
  197      50          1        768        190        120        235         20
  198      49        148       1504       1889          0        167         20
  199      57         94       1829          0         90        233         10
  200     164         70       1545          0        120        195         10
  201      96        112         35          0         60        150         10
  202     107         70        222          0         60        140         10
  203      85         76        465          0        150        278         10
  204      33        113        106       7832        120        190         20
  205      93         84       3602          0        120        227         10
  206     100         53      13506          0        120        254         10
  207      25         47        260          0        120        197         10
  208     148         94      12593       2407        150        227         20
  209     104         81       4870        938         90        260         20
  210      22        149       4211          0        450        521         10
  211      45        116        336       7032         90        264         20
  212     106         68      15000          0         30        170         10
  213     176         71       2581         20         60        184         20
  214     123        124       6744          0        330        442         10
  215      68         95       1511          0          0        119         10
  216      60         43       2267       1205        120        255         20
  217      81         81        604          0          0        135         10
  218      81         66        124          0         60        166         10
  219      15         54         12        107        180        278         20
  220     107         77       3438       2076        150        220         20
  221      22        129       4578          0        210        292         10
  222      42         16       2135          0        120        252         10
  223     194         72       2010       1000        180        292         20
  224     103         56       4371       2547        300        475         20
  225     105         62         42          0         90        172         10
  226      56         10        887      14113        120        216         20
  227       7         28       1609          0        180        298         10
  228     123         53        438       5972         30        192         20
  229     132        121       1538       2076         90        185         20
  230     174         99       2160        447          0        203         20
  231      73         92       5409        719         60        236         20
  232      55         16        739          0        360        507         10
  233     139        104       1682          0        300        407         10
  234      27         76        563       7334          0        108         20
  235      36        146       6099        397        300        473         20
  236      32         74        960       1273        120        220         20
  237     122        139        175          0        150        254         10
  238     126         73       3303        487         60        234         20
  239     148         92      15000          0        120        186         10
  240     121         45       2293       7629         90        167         20
  241      42         73        305          0        120        233         10
  242     114         56       1924          0        150        277         10
  243      77         63         68       4814         60        167         20
  244     139         18         43       2453        120        190         20
  245     190         58        120          0          0        204         10
  246      37        100       1221       2447        330        467         20
  247      57         29        170          0          0        129         10
  248     106         81         47          0        150        218         10
  249       3         94       4474          0        330        402         10
  250     185        103       2776          0         60        231         10
  251      58         88       1900          0        150        271         10
  252     112         74        347          0          0        138         10
  253      16         10      11938        630        120        207         20
  254      59         81        835          0        120        188         10
  255      59         48       8964          0        120        190         10
  256      27        100       2133       1839        390        531         20
  257      27         24         52          0          0        138         10
  258     161         63       1848          0         90        223         10
  259      10         48        395       6125        120        186         20
  260       7          4       1847        908        120        253         20
  261     135         26       3579       2020         60        186         20
  262      61         76      13149          0        300        400         10
  263      65         82       2552          0         90        170         10
  264      94        103       1518        686        120        260         20
  265     142         59        291          0         30        172         10
  266     154         39       2164          0          0        164         10
  267      31         40      14776        224        120        187         20
  268     148        116        105          0        120        216         10
  269      60         10       1505          0          0        177         10
  270      88         87       9970          0        180        279         10
  271     163        118       2063       4998         60        186         20
  272     112        112       8742          0        420        526         10
  273     120        116        786          0         90        184         10
  274      11         48       8280       1094         90        192         20
  275     153        115       1624          0          0        184         10
  276     160        118       6111       1029         90        224         20
  277      86        102        615       2112        150        285         20
  278       6        114       1582          0         90        263         10
  279      94         62       3090          0        150        231         10
  280      34         74       1589          0        150        274         10
  281     176         70        576          0        360        443         10
  282      47        129       1464         56         30        161         20
  283     123         63       1669       1523         30        186         20
  284     114         19         67          0         30        138         10
  285     148         47       1068       9983          0        148         20
  286     105        126        525          0         60        171         10
  287      79        119        519        759         60        165         20
  288      48        129       2461          0          0        177         10
  289      93        152        603      14397         90        182         20
  290      80         46         81          0          0        102         10
  291      88         71         70       1644        420        487         20
  292     143         31       4301          0        120        231         10
  293      23         35       3072       5533         30        151         20
  294     128         89       1706       1109        150        245         20
  295      43         16       3023        129        120        231         20
  296      58         86         21       9756        150        289         20
  297     149         94        165        502        180        259         20
  298      52         46       4320       2221        120        249         20
  299      29         11       2827          0        120        261         10
  300     194         82       2787       2387         30        203         20
  301      69         22        101          0          0        143         10
  302     194         65         76          0        180        284         10
  303     146         40       1068       5200        120        237         20
  304     102         27       6474       2134          0         95         20
  305      90         47      14522          0          0        106         10
  306     121         91        476          0        150        263         10
  307      86         80        437        941         90        230         20
  308     167        103      14692        308        150        214         20
  309     150         20        176        388         90        174         20
  310      74         85       1824       1068        360        443         20
  311      44         51        349          0          0         72         10
  312     101         55       4728          0        420        528         10
  313     152        146       1043          0         90        200         10
  314     125         51       2157          0        120        281         10
  315      18         37       1460        890        120        218         20
  316      18         11        335          0          0        109         10
  317      69         45       1895       8738          0        109         20
  318     130         68       1514          0          0        140         10
  319      44         78       1824        841        120        244         20
  320     142         19       5356          0        330        423         10
  321     106         84       3643          0        150        289         10
  322     123         59       6700       4619         30        204         20
  323      17        119        170       2379        150        279         20
  324      63        111        378          0         90        262         10
  325      45        126         61          0          0        154         10
  326     112         78        108       1511        120        216         20
  327      47         51       2207       5899         30        115         20
  328      67         39        178      13912        120        188         20
  329      12         30       6037       8963          0        103         20
  330     120         62      15000          0          0        143         10
  331     112         36         58          0          0        143         10
  332      78         98       1310       2948         60        153         20
  333     150         79      12923          0        210        287         10
  334      42        127       2066      12934        120        248         20
  335     115         31       1754          0        120        245         10
  336      92         88       2076         67         90        250         20
  337      20        116        977        107        150        222         20
  338     114         80       1772       2472         60        224         20
  339      79        122       3671          0        180        260         10
  340     137         49       5760          0        450        529         10
  341      67         91       2857       4092         30        203         20
  342      63         52        656          0        150        284         10
  343     161         95        238         61        120        215         20
  344      81         23      15000          0        330        401         10
  345     181         42       4565       2636          0        180         20
  346      34        124       9338          0        120        284         10
  347     188         66         98       2542        210        288         20
  348      48          5        806       2334          0        142         20
  349     115        114       2497       2138        150        280         20
  350     173         97       6144       4815        150        254         20
  351     177         74       2400      11095        120        187         20
  352      73         81       3084          0         30        141         10
  353     153        122      15000          0        210        288         10
  354     117        152        102       6373        210        283         20
  355     152        104        330       2683         60        227         20
  356      74         92       1473       3547        120        246         20
  357      93         65        975          0        120        188         10
  358     174         54       2139          0          0        172         10
  359     120         85        615        452         90        220         20
  360      25        117       5161       1943        330        486         20
  361      27         22       1614       1875        330        400         20
  362      33        137       1169          9        150        263         20
  363      26        126        346        593         60        190         20
  364     144         54       5306          0          0        146         10
  365     188         70       1509        857          0        195         20
  366     112        136      14399        334        390        523         20
  367      65        100       1999       2382         60        161         20
  368     140        104        856        542        150        230         20
  369     128         56       2475          0         90        243         10
  370     101         85        431       3769        420        521         20
  371      44         49       2711          0        120        291         10
  372      62         45       3063          0        120        200         10
  373     125        102        145          0         60        221         10
  374      85         46      13520          0          0        164         10
  375     181         68       1149          0         90        185         10
  376      40         86       2078       5659        120        295         20
  377      76         44        296        171        120        283         20
  378     147         94       1976          0        120        251         10
  379     142         28      14988         12        150        244         20
  380      29        114      11268          0          0        149         10
  381      24        114        503          0        300        405         10
  382      60        134         15          0        120        190         10
  383      58          2        324          0         30        200         10
  384     107        138        472       3161         60        208         20
  385      36        106         73          0         60        140         10
  386      27         84         33      14967         30        165         20
  387     163        111       1648       5955        120        258         20
  388      64         71        840       3155        300        416         20
  389     168         75       4492        515          0        183         20
  390      65         57         72       2160        120        253         20
  391      25        155       3138          0        120        252         10
  392     148         32      10754       1881         30        164         20
  393      42         62         51          0         60        172         10
  394      42         23       1844       1205        120        218         20
  395     109         65      15000          0          0        118         10
  396     136        148         64          0        210        279         10
  397     110        135       7052       7572        300        400         20
  398     105         81         58          0        120        290         10
  399     109         94        292          0         30        172         10
  400      53         57        538         68          0         75         20
