400_183

CUSTOMER  VEHICLE
NUMBER	  NUMBER     CAPACITY    DispatchingCost
    400     500          40000       100

CUSTOMER
CUST NO.  XCOORD.   YCOORD.   DDEMAND   PDEMAND   READY TIME  DUE TIME   SERVICE TIME

    0      41         23          0          0          0        960          0
    1      45         79       1104          0        150        227         10
    2      40        149       1451       3623          0        182         20
    3     120        103      13520        261        120        229         20
    4      95         66        237        525         30        185         20
    5      46        113        442          0          0        171         10
    6      54        130         76       1859         60        165         20
    7      85         58        441          0          0        166         10
    8      87          8        240          0        120        260         10
    9      11         47       5680          0         30        205         10
   10     147         94       1976          0        120        251         10
   11     194         60      12139          0         60        228         10
   12      16         62       4458          0          0        103         10
   13      59        134       2995          0        300        470         10
   14      27         46        210         59        120        204         20
   15      40         29        124          0          0        175         10
   16      78         35        821       1711          0        108         20
   17     170        137       1498      13502         90        218         20
   18     148         32      10754       1881         30        164         20
   19      91        122        228          0         60        190         10
   20      97        113      10426         61         30        166         20
   21     150        127        252        112         90        253         20
   22     128         89       1706       1109        150        245         20
   23      70         55       4856        199        120        229         20
   24      67         96       1792         81          0        128         20
   25     134         89        282        197        360        437         20
   26      74        140        108          0        150        277         10
   27      82         72       8065          0        120        265         10
   28     102        100      13923          0         60        133         10
   29      56         49       1691       6109        120        260         20
   30     192         92       1307          0        120        217         10
   31     125        103        101       1261         90        233         20
   32     101         81        196          0         60        224         10
   33      85         76       5364       1506        120        233         20
   34     102         49       4353       1293        150        286         20
   35     106         68      15000          0         30        170         10
   36     123         63       1669       1523         30        186         20
   37      76          4       9807       2333        330        431         20
   38     115         31      12292         35        120        289         20
   39     146         33        127          0         60        232         10
   40      57         94        752          0         90        164         10
   41      55        102       1082          0         30        173         10
   42     145        124        149          0          0        191         10
   43      83         74       2364          0        120        260         10
   44      26        126        248       2684        120        237         20
   45     148         33       4248          0        450        511         10
   46      28         81       4605          0          0        105         10
   47      61        103       2360       8296        180        274         20
   48     177         74         50        113         60        200         20
   49     106         84        841       1474         60        133         20
   50      48        154         21        455         90        217         20
   51      41         79       1984       2822         90        197         20
   52     167        147       1644       1841        150        216         20
   53     107        138        472       3161         60        208         20
   54     197         87         32        127         60        203         20
   55      72         92       1613          0        150        298         10
   56      27         22       1614       1875        330        400         20
   57     142         28       3591          0        420        531         10
   58     132        151         46          0         30        204         10
   59       7         28       1609          0        180        298         10
   60      86         81       2386       1256        120        232         20
   61     137         38        404       1879        120        217         20
   62      76         78       1637       4697         30        108         20
   63      22         99       2276          0         60        134         10
   64     168        139       3851          0        120        259         10
   65      44         48        922      14078        390        486         20
   66     110         69       7646         29        300        400         20
   67      45         54       3180       6006         30        108         20
   68      62         17        162       2237        300        435         20
   69      29        131       3180          0        180        290         10
   70      44         47        202       1940          0         74         20
   71      80         46        735        107          0        168         20
   72     166         28      11551        984         30        194         20
   73      28         75        589          0        390        496         10
   74      41         70        684          0          0        172         10
   75     136        148         64          0        210        279         10
   76     106         81         47          0        150        218         10
   77      85         77        259       1035          0        175         20
   78      39         33        673        169        420        497         20
   79      19         13        108          0         90        247         10
   80      86        135      15000          0          0        164         10
   81     160        108         90        124         30        191         20
   82       0         90       7975       4343        360        506         20
   83      55        116       3785          0        150        257         10
   84      74         20       5221       6408        120        229         20
   85      87        101         84        149         60        127         20
   86      78         74        443          0         60        140         10
   87      99         56       8544          0          0        109         10
   88      50         93        396          0        150        258         10
   89      81         11       1613          0        120        234         10
   90     110         92       2702          0         60        221         10
   91      37         14        894          0        120        259         10
   92     108        151      15000          0        300        395         10
   93      16         10      10906       4094         30        169         20
   94       0         21        474         54          0        167         20
   95      86        140        100       4343          0        176         20
   96     132         61         15          0        120        265         10
   97      88         67       3417        697        390        526         20
   98      77         55        280       1511          0        110         20
   99      93         50        710      14290          0         98         20
  100     108         29       6317          0        420        527         10
  101      75        156        323         11         90        235         20
  102       8         46       1713          0        180        266         10
  103     104         81       1122          0        150        219         10
  104      90         74       1490          0          0        111         10
  105      83        141         70         23        120        233         20
  106     179        114       2024        197         60        211         20
  107     161         35       5373          0        360        441         10
  108      33         70        712       2199         30        183         20
  109     115        114       1889          0        120        206         10
  110     133         37         13       1030          0        146         20
  111     107         85       1526       8945        120        232         20
  112      75        130        340          0         90        163         10
  113      11         48       8280       1094         90        192         20
  114     162        118       1709          0          0        199         10
  115      96         68       2354          0          0        127         10
  116      82          8        280          0          0        133         10
  117      47         51       1248          0        120        202         10
  118      29        130       1851       2076         30        160         20
  119     139        107        481          0        120        230         10
  120     100         73         28          0         60        138         10
  121       3         90       6679       2977          0        141         20
  122     120         78       4018       3401        330        482         20
  123     130         52       2295          0        390        472         10
  124      81         81       6248       2011          0        134         20
  125     187         54       3502          0          0        189         10
  126     174         66         54       2020         90        226         20
  127     170        118       1758          0        390        454         10
  128     131        104       1858          0        150        263         10
  129     143         31         67          0        210        278         10
  130      18         37       1460        890        120        218         20
  131      80         64        665         95          0         97         20
  132     111         67       3489        829        120        236         20
  133      69         21         28          0        150        280         10
  134       8         81        232         34        120        191         20
  135     147         61       1269          0        420        495         10
  136      89         57        156         83         60        141         20
  137      79        122       3671          0        180        260         10
  138      66         63        237        665          0        160         20
  139      48         46       3295       5889          0        146         20
  140      57        145         64          0         60        221         10
  141      34        136       1030          0          0        146         10
  142      98         10       1801       7044        120        258         20
  143     171         74       1026       6737        180        290         20
  144      29         38       2338        449          0        138         20
  145      88         73      14285        715          0        119         20
  146     122        139        424         47         90        186         20
  147      86         67        120          0          0        159         10
  148     152        104        330       2683         60        227         20
  149     192         65       1092          0        120        237         10
  150      73        123         13       8002         60        151         20
  151      68         73         36          0        150        251         10
  152      10         51        613        348        120        259         20
  153      34        149       2036          0         60        235         10
  154     176         70       1430        164        120        192         20
  155     137         49        173          0          0        158         10
  156     134         34        299        201          0        142         20
  157      11         34        715       1709          0        163         20
  158      37         15       3805        746        420        522         20
  159     126         73       5113          0         30        168         10
  160      73         83         28          0          0        139         10
  161     123         66       1816          0        330        410         10
  162     191        100        149        279        120        285         20
  163     137         70        260       5735          0        151         20
  164     151         77         87          0          0        160         10
  165     123        124       6744          0        330        442         10
  166      27         24         52          0          0        138         10
  167      20        145         87          0         90        241         10
  168     121        143       4376          0        330        471         10
  169     130        122       4586       1802        360        521         20
  170      82         85       2110          0         90        197         10
  171     148         92       1711          0          0        173         10
  172     123         54      12556          0        150        238         10
  173      86         80        437        941         90        230         20
  174      88         87       9970          0        180        279         10
  175     137        103       2176       7889        150        249         20
  176     101         85        106        287         60        232         20
  177      12         45       1481       6546          0         80         20
  178     167         94        888       5693          0        185         20
  179     121         66         27       1505         30        129         20
  180     180         95         29          0        300        423         10
  181      38         96        576        433        180        244         20
  182      73         81        256          0          0        157         10
  183     106         54         12          0        120        243         10
  184      95         24         60       2219          0        153         20
  185     194         82       2787       2387         30        203         20
  186     135         51        172         41        120        247         20
  187      60         13        324          0          0        103         10
  188      82         15      13910          0        120        283         10
  189     178        117       2568          0          0        209         10
  190      36        106        805       1798        120        231         20
  191     151        143        783         35        150        291         20
  192      90         47       2146          0        120        281         10
  193      32         73       3613       1893        360        487         20
  194      80         70       1403          0        120        221         10
  195     119         98       5888       7915        180        281         20
  196     175         62        476          0         90        181         10
  197      55         91        348       2453        180        289         20
  198      58          2        272        167        120        198         20
  199     139         91       1580        714        150        260         20
  200     173         95       4225       6623         90        201         20
  201     139        104        363       3213        120        213         20
  202     159         83        515        152        120        299         20
  203     169         49       4252          0        300        436         10
  204      76         76        191          0         60        220         10
  205     188         70       1509        857          0        195         20
  206     152        146       1043          0         90        200         10
  207     138         56       1926          0        180        273         10
  208     132         62       4261          0          0        136         10
  209     100         67       6851         56         30        135         20
  210     104         70        513       4698         60        165         20
  211     153        122        284       3327         90        200         20
  212     153         48        280          0         90        171         10
  213     101         77        314          0        300        398         10
  214      85         45        667          0        120        203         10
  215      87         69         16          0        120        230         10
  216      68          2        198        181          0        115         20
  217      46         46        105          0        150        275         10
  218      34         65       3800          0        420        522         10
  219     107         63       3716       4355         30        185         20
  220     176         71       2484          0        120        274         10
  221     102         72       2790      12210        210        280         20
  222      95         87         33          0         30        133         10
  223      34         33         57          0         30        165         10
  224      28         74        252          0         90        172         10
  225      33        137      14137          0        390        460         10
  226     113         37         38       1293          0        132         20
  227      53        120        132        741         60        159         20
  228     122        109       1098       3238        180        286         20
  229     105         41       2559          0        120        277         10
  230     114         77         11        615         30        170         20
  231      73        157       5588        126         90        171         20
  232      42         23       4798          0         30        113         10
  233      71         19       3406        567          0         66         20
  234      51         98       5190       6318        180        266         20
  235     160         37         33       2088        120        246         20
  236      81          6       4267          0        150        255         10
  237     109         94       1274       1998        120        200         20
  238      90        102       3642          0        390        518         10
  239     150         79         92        301         60        226         20
  240      48         56       1950          0          0        162         10
  241     111         85       3239         34        120        268         20
  242      79        119        274          0        210        284         10
  243     103         55       7407        148        120        197         20
  244     126        111       9991       3234        180        256         20
  245     120        129        108          0        150        252         10
  246      15         37       1254       5746        120        257         20
  247     197         70       7034          0        210        296         10
  248      26        121       3377          0          0        143         10
  249     146        130       1611          0        180        278         10
  250     176         77       5595          0        120        189         10
  251     192         62         41       2702          0        202         20
  252     106         59        129        287        150        220         20
  253     149         34       1568       3152         90        254         20
  254      84         66        450          0        180        273         10
  255      70         51       7914         34        300        437         20
  256      17         21        194       1014         30        154         20
  257     115         83       7608          0         60        160         10
  258      30         45      12886          0        420        492         10
  259     164         73        887        104        150        229         20
  260     105        152        367          0         30        179         10
  261     105         68      10387        223        120        288         20
  262     142         35       6869          0        150        294         10
  263      99        144       1870        142         60        171         20
  264     132         44        200         62        120        196         20
  265     160         78        606       1253        180        250         20
  266     135        121        169          0         30        182         10
  267      39         52         90          0          0        107         10
  268      71        107        655          0          0        133         10
  269     121         81       1570          0         90        223         10
  270     104         91       5658          0         90        225         10
  271      99        113        134          0         60        156         10
  272     111         35       3046        350        300        441         20
  273      91         35        111          0          0        115         10
  274      82         56       2214          0          0         86         10
  275      19         90        912          0        180        252         10
  276     150         76         49          0         30        195         10
  277      53         78        416       1636        420        493         20
  278      90         73        264        575         30        147         20
  279      63         52        656          0        150        284         10
  280      73         56         10          0          0        134         10
  281      44         71       3765         96        150        249         20
  282      39        139        147         13          0        163         20
  283     108        105       5644          0         60        163         10
  284      89         79        987         92         60        167         20
  285      27         73       2173          0          0        100         10
  286     103        128       4840       1094        120        294         20
  287      20         21       2489       2006        210        291         20
  288     118         94       3792          0        120        202         10
  289     151        123       9812       5188        360        535         20
  290      98        116       1524      11435        120        224         20
  291       6         49       4040          0        120        231         10
  292     119         15       2659          0        420        480         10
  293     135         29       4413       2159         30        143         20
  294      26          9        681          0        120        261         10
  295      24        148         40       1123        180        277         20
  296     109        146       4850       6304         60        190         20
  297      76         68        612        406        210        281         20
  298      25         47      14315          0          0        133         10
  299      78         87         56       1532        120        278         20
  300     172         77        358          0         60        193         10
  301     158         73       3051          0        360        466         10
  302      22         44       4416          0        360        458         10
  303      94        118       1771          0         60        192         10
  304     133         70        282      14718          0        151         20
  305     142        124        720         23        120        254         20
  306     134         55       3496          0        120        276         10
  307      86         99         17        389         30        138         20
  308     160         77         26       3784          0        164         20
  309      85        102       2066        249         60        202         20
  310     185         98       3330       1980         60        203         20
  311     196         74       3743          0        210        292         10
  312      28         14        537          0        120        194         10
  313      52        152       1744          0        120        206         10
  314      75         55         74          0        120        232         10
  315     109        122         23       6880        120        190         20
  316      53         17         58          0        120        222         10
  317      56        114        226       2021         60        151         20
  318      78         32       7967       2036          0         81         20
  319      66        150        152       3714        450        521         20
  320      74        119        540          0        150        227         10
  321     188         83      14970         30         30        210         20
  322     158         74        345       1149        150        275         20
  323      51        150       1346       4497         90        249         20
  324     141        142       8313          0          0        206         10
  325       5        116       2632          0         60        225         10
  326      12         16        690          0        150        288         10
  327      85         71        338          0          0        149         10
  328      87        130       3686          0         60        158         10
  329      93         68       2493          0         30        147         10
  330      21         40         48          0        120        196         10
  331      31         76       1982          0          0        164         10
  332      39         96        594          0        390        498         10
  333     125         79       5792         22         30        167         20
  334     112         37       2469          0        150        290         10
  335      10        117       1817          0          0        149         10
  336     103         96         36          0         90        165         10
  337     148         23       5155          0        450        515         10
  338     104         55       4342          0        300        417         10
  339     186        107       2703       5379         90        246         20
  340      29         31       1680          0        120        284         10
  341      23         10        612          0        120        194         10
  342      29         81       1158          0         30        160         10
  343      63         62        200          0        300        405         10
  344      14         34        456          0        120        280         10
  345       7          4       1847        908        120        253         20
  346     120         33       9977          0        390        496         10
  347      67         39        178      13912        120        188         20
  348     103         67       5652       1649          0        125         20
  349     106        125       3447          0         60        153         10
  350      82         74        556          0         90        164         10
  351      94         62       3090          0        150        231         10
  352     102         27         33       2085          0         98         20
  353      79        131        170          0         30        158         10
  354      52         28        291       1842          0        103         20
  355      36         20       2287        292        120        282         20
  356      98         53       4924      10076         60        133         20
  357      37        100       1221       2447        330        467         20
  358     142         29      10671        395        300        403         20
  359     129         75        220          0        330        427         10
  360      79         16        706       6211        360        441         20
  361     115         64         92          0        150        252         10
  362     176         47       5280          0         90        196         10
  363     145         38         40          0         30        156         10
  364     195         84       2484          0         60        218         10
  365      80         93       2005         32        120        197         20
  366      38         32       1886          0        420        520         10
  367      32         74        960       1273        120        220         20
  368     119         64      13401          0        360        459         10
  369     123         52        720          0        180        240         10
  370     173         85       2160          0        120        229         10
  371      14          4         53       4356        120        222         20
  372     102         47       4076          0        120        199         10
  373     103        127       4593       2410         60        157         20
  374     140        104        856        542        150        230         20
  375      45        116       4319        893          0        140         20
  376      86         52       1157          0         90        251         10
  377      52         63       3542          0          0         77         10
  378      66        135       2116          0         90        200         10
  379     100        101        290          0         90        253         10
  380      67         94        266          0         30        128         10
  381      51        114       1974       1723        300        401         20
  382      22        151       8726          0          0        183         10
  383     101        117         30        643         60        155         20
  384     122         77        442        345        120        188         20
  385     194         65         76          0        180        284         10
  386      86         86         86          0        180        250         10
  387      90         87       2773       3791        390        530         20
  388      74         66       2529          0          0         94         10
  389      52         62       1715       3401          0        108         20
  390      97         36       9156       2225          0        165         20
  391      22         91        197          0        180        281         10
  392      58         21        451          0          0        174         10
  393     110        135       7052       7572        300        400         20
  394     158         75       1639       1839         60        206         20
  395      95         90       1636          0        150        272         10
  396     122         83        129        346         30        144         20
  397      61         31         55       1184        120        253         20
  398      15          3        401         98        120        222         20
  399      65         82       2587        500        120        188         20
  400     132         27        922          0          0        140         10
