400_184

CUSTOMER  VEHICLE
NUMBER	  NUMBER     CAPACITY    DispatchingCost
    400     500          40000       100

CUSTOMER
CUST NO.  XCOORD.   YCOORD.   DDEMAND   PDEMAND   READY TIME  DUE TIME   SERVICE TIME

    0      41         23          0          0          0        960          0
    1       1         25       3149       3212         60        173         20
    2      40         67       1644          0        450        523         10
    3     186        107       1747          0          0        221         10
    4     154        105       2024       1850        420        494         20
    5      90         47       2146          0        120        281         10
    6     192         88         85          0        180        287         10
    7      15         10       2020          0         90        184         10
    8      98         63       5465        451        330        494         20
    9      60         79       4537       1655        300        430         20
   10      10        117       1817          0          0        149         10
   11      72         39         16          0        120        231         10
   12      89         79        987         92         60        167         20
   13      65        148       4849          0        300        405         10
   14     131         18      11000        112        120        193         20
   15      98         53       1297          0          0        172         10
   16     103        124        181          0        180        286         10
   17     100         14       1850          0        120        263         10
   18     156         67       9316       1976         60        164         20
   19      43         16       3023        129        120        231         20
   20     133         70        282      14718          0        151         20
   21      46         52        105          0          0        172         10
   22     119         33        108         80        150        220         20
   23      80         48        173       3613        120        194         20
   24      48        138        563          0        180        260         10
   25     113        121        221         44        180        251         20
   26     103        128       4840       1094        120        294         20
   27     121         81       1570          0         90        223         10
   28     183         61       6107          0        450        519         10
   29      59         48       8964          0        120        190         10
   30      25         50       7260       2850        120        236         20
   31      81        134       4190        363          0        165         20
   32      71        107        655          0          0        133         10
   33      69         22       7888       3483          0         63         20
   34     197         58       2012          0          0        192         10
   35     110         92       2702          0         60        221         10
   36      24        148         40       1123        180        277         20
   37      56         49       1691       6109        120        260         20
   38     139         33      12751          0        330        491         10
   39     135         78      15000          0        300        404         10
   40     121         71       4982          0        360        530         10
   41      70        119       1500          0          0        165         10
   42     162         96         16          0         90        220         10
   43      53         61       7335        178          0         76         20
   44      60         43       2267       1205        120        255         20
   45     100         73         96          0        150        256         10
   46      55        102       1082          0         30        173         10
   47     151         22       3910          0          0        168         10
   48      95         91       1841       1378          0        166         20
   49     122         40        307       3485        120        198         20
   50     121         66       2147          0          0        167         10
   51      22        146       1463       3399        120        285         20
   52     111         54       3504          0          0        113         10
   53     173         85       2160          0        120        229         10
   54      66        117       1096          0        150        231         10
   55      77         63         68       4814         60        167         20
   56      22        151       8726          0          0        183         10
   57       7          4       1847        908        120        253         20
   58     122         34       1862         70         30        115         20
   59      64         71        840       3155        300        416         20
   60      55         11        984          0        360        470         10
   61      79        119        519        759         60        165         20
   62      52         63       2572          0         90        232         10
   63     140         94        300          0          0        162         10
   64      65        100       1629       8279        120        220         20
   65     118        100        337          0         60        214         10
   66      57         45        202        137        120        186         20
   67     136        148         58          0         90        228         10
   68     121        120       1864          0          0        166         10
   69     145        124       2437          0        150        252         10
   70      59         64        610         25        120        289         20
   71      12         98      14989         11        330        433         20
   72      46         50        234       4176        120        284         20
   73      48         83       2181       2064        120        233         20
   74     109         29       6576       2690          0        161         20
   75      20         21        920       1159        120        285         20
   76     118         94        325       1706         60        162         20
   77     150         81         97        351        180        289         20
   78      73         81        256          0          0        157         10
   79     153        148       3786          0         60        219         10
   80     134        130      15000          0         90        191         10
   81      42         14       1514          0          0        159         10
   82      49         47         31        747          0        101         20
   83      64         12       2020          0          0         84         10
   84      11         34       5652       3785          0         79         20
   85      40         29        860          0        120        283         10
   86      86         86         86          0        180        250         10
   87      35         97        196          0         90        170         10
   88      78         65         89          0        120        287         10
   89     104         68         23       1460        120        292         20
   90      41        145        831          0        120        245         10
   91     102         47         56          0         60        229         10
   92     112         47        105         93        180        265         20
   93     173         95       4225       6623         90        201         20
   94      21         80       1559        450        420        514         20
   95      55         65        330       1770        120        285         20
   96      33        137      14137          0        390        460         10
   97     182        107         65        399          0        206         20
   98      99         57        146         58          0        141         20
   99     148         47       1068       9983          0        148         20
  100     107         21        876          0        120        285         10
  101      15        118      14294          0        210        277         10
  102      28         72       6093        365        120        196         20
  103      88         41       2209          0        120        216         10
  104      71        100       5973          0         30        121         10
  105     133        100       3751       1524        390        527         20
  106     169         49       5959          0        180        287         10
  107     103         55         62          0          0        142         10
  108     181         73      15000          0        120        257         10
  109      85        128       6740       2399        120        299         20
  110     112        112       8742          0        420        526         10
  111     161         36      14657        343        390        502         20
  112      19        124       6407        627        120        283         20
  113     186         72       2562          0        450        526         10
  114      57        145        202       3076          0        168         20
  115      95         82        699          0        120        187         10
  116     117         97        345          0         60        189         10
  117     112         78        108       1511        120        216         20
  118      69         90       1998          0         30        196         10
  119     154        131      10211       4789        180        289         20
  120     103         96       1321        433         90        195         20
  121      35        150        232          0         90        206         10
  122      82        107       2525        182         60        195         20
  123      57         29        170          0          0        129         10
  124     127        105       2583          0         90        247         10
  125      78         35        821       1711          0        108         20
  126      78          6       2902       1882        120        196         20
  127     149         29       8095          0          0        151         10
  128     108        151      15000          0        300        395         10
  129     101        117         30        643         60        155         20
  130      84         56        147       1751          0        135         20
  131      58         88        422       1246        150        294         20
  132      31         13       1844        847        120        221         20
  133     159        127       2388       2516         60        201         20
  134      61         63        183          0         30        140         10
  135      30         73       1538      13462        300        427         20
  136      72         86       1687       1497        180        254         20
  137      42        127       2066      12934        120        248         20
  138      74        120       4007          0        420        502         10
  139      60         49       5316          0          0         81         10
  140     133         89       1772       7207        390        457         20
  141      59         14       2558         67        120        248         20
  142     114         77       2484          0        180        260         10
  143     120        129       2763          0        180        256         10
  144     194         65         76          0        180        284         10
  145     150         76        910         20         30        187         20
  146      89         84         46       1461         60        169         20
  147     152        110       1356          0         90        230         10
  148      60        118       7904       5162         60        141         20
  149     110        119       1017          0        210        288         10
  150      90        119       1869       9807        360        431         20
  151      65         74       2221        200        180        272         20
  152       8         43       2143          0        120        262         10
  153     109         75       5146          0         60        170         10
  154     154         27        443          0        300        426         10
  155     180         58        107          0         90        264         10
  156      16        118       3419        191        120        232         20
  157     109         65       1160       1863         90        253         20
  158      20         39         60        108          0        106         20
  159      82         85      15000          0        120        227         10
  160     149         34       1568       3152         90        254         20
  161      97         46         56       6099        120        244         20
  162     125         88         46       2162        300        441         20
  163      82          9      11160        222          0        127         20
  164      34         33         57          0         30        165         10
  165      46         18        392          0          0        105         10
  166     168         49       2697       2025          0        168         20
  167     181         76       6564       2216          0        192         20
  168     162        118       1841          0        180        255         10
  169      78         43       1788          0        420        504         10
  170     100         23        584          0        120        222         10
  171     150         27         93          0        150        227         10
  172     200         68       2537         42          0        220         20
  173     142        124        720         23        120        254         20
  174       0          8       2947         34        180        294         20
  175      51          1       1367          0          0        130         10
  176      78         74        999          0          0        124         10
  177      59        134       2995          0        300        470         10
  178      65         57         72       2160        120        253         20
  179     130         90        233          0         60        204         10
  180     146        112       3512          0         90        178         10
  181     115         64       2545          0        150        292         10
  182      38         73         30          0          0        110         10
  183      90         74       1490          0          0        111         10
  184     181         68       1149          0         90        185         10
  185      73         92       5409        719         60        236         20
  186      11         17        198       1008         30        133         20
  187     186         74      10924          0        300        457         10
  188      90         92         15          0        120        228         10
  189     140        104        856        542        150        230         20
  190     141         58       4199       2130        360        473         20
  191      66        152       3277         72          0        161         20
  192     146        129        181       1118         30        189         20
  193     152         56       1331       1863        150        267         20
  194     151         77      13526       1474        120        190         20
  195     106         68        277       1874          0        123         20
  196      29         24       6196       8804          0         66         20
  197      29        130        127          0        120        295         10
  198      42        107       1530         99        120        238         20
  199     170        137       1498      13502         90        218         20
  200     131         83        299          0         60        155         10
  201     155         27       3282          0         30        205         10
  202     131        104       1308       1932         60        165         20
  203      75         90       3133       1153        390        472         20
  204      65         12        287          0          0         72         10
  205     120        124       6209          0         60        223         10
  206      94         94       1502          0          0        139         10
  207     128         56       2475          0         90        243         10
  208      31         76       1011        179        330        426         20
  209     176        111       1654          0         90        220         10
  210      22         92       6293          0          0        113         10
  211       2         22       6503          0          0        136         10
  212      42        125       1889          0        120        194         10
  213      93         94       1154        595         60        127         20
  214     150         49      15000          0         30        198         10
  215     111         83        937          0        420        533         10
  216      20        116       2331      12669        120        252         20
  217     142         35       6869          0        150        294         10
  218      13         26        384        211        120        187         20
  219     100         19       9275       4376        420        523         20
  220     139        144        960          0         90        210         10
  221     163        118       2063       4998         60        186         20
  222      51        114       3536       5974         60        194         20
  223      87        140       5361          0        210        279         10
  224      75        156        323         11         90        235         20
  225       8         46       1713          0        180        266         10
  226      14         39       9754          0        330        465         10
  227      47         96       5906          0         90        190         10
  228     111         67       3489        829        120        236         20
  229      56        103       3792          0          0        159         10
  230      68         96         65          0        150        242         10
  231      41         74         87          0         90        169         10
  232     104         91         86          0         60        220         10
  233      31        101       1764         43        390        459         20
  234     163         22       5394         85          0        176         20
  235      63         52        656          0        150        284         10
  236      15         54         12        107        180        278         20
  237      32         43        822       2524        120        255         20
  238     164         70       2361       1816        300        428         20
  239      15         37         90       6257        180        253         20
  240      91         55       6953          0          0        131         10
  241      62         46       1630       2155        300        397         20
  242     181         42        294          0         60        204         10
  243     191         51         74       3792          0        205         20
  244     148        116       3610          0        300        445         10
  245     116         43       3860          0        120        198         10
  246      49        131       3327          0          0        159         10
  247     132         36       1052          0        120        198         10
  248      83        141       1653          0        150        252         10
  249      18         22       2684          0          0        102         10
  250      10         48        395       6125        120        186         20
  251      15         42       5014       1889        330        436         20
  252      74        140        108          0        150        277         10
  253      30        106       3753          0        150        219         10
  254      69         92        351        290        390        492         20
  255      73         91       7911        860        450        526         20
  256      54        117         53       5147        120        235         20
  257      91         73       4176        207         60        131         20
  258     148         30       1881       2382         90        218         20
  259      85         46      13520          0          0        164         10
  260     176         70        576          0        360        443         10
  261      95         87         33          0         30        133         10
  262      85         52         67          0        120        248         10
  263     142        102       4128       3302         60        184         20
  264      68         73       1260          0        150        261         10
  265     105        126         36          0        120        200         10
  266      13        119        606          0        210        287         10
  267     145        134        181          0        300        401         10
  268     108         35       1516        169        120        214         20
  269     160         92        750       2077         60        218         20
  270     143         66         95       1872         60        148         20
  271     173         56        817       2138        120        258         20
  272     161         35       5373          0        360        441         10
  273      76         31        206      14794          0        166         20
  274      62         17        162       2237        300        435         20
  275     172         77      11057       1016        300        402         20
  276      17        119        170       2379        150        279         20
  277      17         49       1940         15        120        213         20
  278     123         34        106         87          0        132         20
  279     153        115       1744         97        120        275         20
  280     132         93       5072          0         90        212         10
  281      55         91       4855          0        120        235         10
  282      16         35         87      10255         30        115         20
  283       4         23        236        920        120        223         20
  284      95         68        202          0          0        164         10
  285       7         33        300       6210          0        137         20
  286      27         46        210         59        120        204         20
  287     133        102       3993          0         30        171         10
  288     167         94         86          0        120        186         10
  289     119         45       1008        697          0        129         20
  290      91         84       3872          0         60        158         10
  291     179         48        908        433          0        183         20
  292     140        133       2982      10695         60        203         20
  293      32        112       1555       1924        120        220         20
  294     106         84       3643          0        150        289         10
  295     132        121        147          0        150        259         10
  296     122         77        442        345        120        188         20
  297     161         95       5649          0         90        199         10
  298      56         19       4992       2542          0        140         20
  299     151         92        543       7575          0        168         20
  300      55         16        739          0        360        507         10
  301      66        136       1576        686         60        191         20
  302      53         78       5064         22          0        101         20
  303      48         46       3295       5889          0        146         20
  304     114         80        646          0        150        224         10
  305      38         96        576        433        180        244         20
  306     120        116       7832          0          0        178         10
  307      64        137       1077       1708        360        530         20
  308      53        120      13142       1858          0        170         20
  309      42         62         51        253         30         98         20
  310     116         65       2686         62          0        140         20
  311      18         11       4858       2220        300        412         20
  312      27        100       2133       1839        390        531         20
  313      20        119         90          0        180        249         10
  314      13         84        171       3282        360        473         20
  315      44         51        349          0          0         72         10
  316     188         79        566        126          0        216         20
  317      64         44        384       2694         30        124         20
  318     119         94        388       2215         60        200         20
  319     140        128       1927       1818         90        188         20
  320      86         52       1157          0         90        251         10
  321     121        143       4376          0        330        471         10
  322     169        147         10          0         60        217         10
  323       9        114        525          0         30        190         10
  324      92         52       2272         40        120        236         20
  325      77         20       1976       8108          0        167         20
  326      46        113       3136          0         60        219         10
  327     122         83       1952          0        180        277         10
  328      47        129        171          0         60        154         10
  329     151         49        118       1291        180        247         20
  330      44         49       2711          0        120        291         10
  331     159         43       5669       1990        360        466         20
  332      59         85        631       4636        360        488         20
  333      28         45       7004          0         30        130         10
  334     177         48         15          0          0        183         10
  335      83         64        104         25        120        287         20
  336     161         87       1361          0          0        184         10
  337      57        117       7204          0         60        140         10
  338      63        111        378          0         90        262         10
  339      93         68        831         85        150        222         20
  340     130         52       2295          0        390        472         10
  341     147         22       3151       5907         60        181         20
  342       5        113       1464      10147         90        248         20
  343     102         27         33       2085          0         98         20
  344      80          5         37          0        120        287         10
  345     140        125       4694       8547        300        431         20
  346      34        136       6807        100          0        156         20
  347      29         81         33       4814         60        189         20
  348      52          0         76          0          0         73         10
  349     139        104       1682          0        300        407         10
  350     197         87         32        127         60        203         20
  351     164         76       6937       8000         30        189         20
  352      30        117       1507          0         60        160         10
  353      19         98       5993          0        330        470         10
  354      46        125        253         17         60        155         20
  355      39          4       6177        873        330        456         20
  356     149         94        165        502        180        259         20
  357       3         94       4474          0        330        402         10
  358     188         95       9335       2946        120        212         20
  359     120         78         82         76         60        144         20
  360      78         84       2387          0          0        148         10
  361      90         83       2995          0         60        163         10
  362      98        122       2150          0        330        463         10
  363      35         63       1931          0          0        100         10
  364     152         87        973         97         90        170         20
  365     174        119       1642          0        120        243         10
  366      88         67        619          0         90        216         10
  367      45         54       1677          0        120        294         10
  368      16          6        552       5947        120        219         20
  369      69         24        108        117          0        144         20
  370     185         59       3400       5639        120        206         20
  371     175        124         14        181        120        215         20
  372     138        106       3816       2415         90        163         20
  373     132         61         15          0        120        265         10
  374     174         93        530       5280         90        188         20
  375     112         75       5947          0        390        471         10
  376      33         64       1687       1516        120        268         20
  377      34        137       5356       9644         60        209         20
  378      22         99       2276          0         60        134         10
  379      54         96         16          0        120        248         10
  380      78         98        462       2331         90        237         20
  381     160         78        606       1253        180        250         20
  382      69         51       4815       3808          0        119         20
  383      25         55       1492          0        120        282         10
  384     121         45        684          0          0        118         10
  385      53         70        502          0         60        153         10
  386     185         98       2153          0         30        214         10
  387      29        135        888          0        210        287         10
  388     142         91        108       4191        120        287         20
  389      84         78       6367        925          0        160         20
  390      10        116       1261          0          0        149         10
  391     136         72       1133       4854        150        260         20
  392     115        114        674          0         30        168         10
  393      92        120       2713          0        150        226         10
  394      86         76        670          0          0        120         10
  395     111         70       5395       2706         90        173         20
  396      79         16        706       6211        360        441         20
  397      48         54       2908          0          0         67         10
  398     119         55         96       1895         90        199         20
  399     107         98         82       5359         60        193         20
  400     164         90      12955       2045        300        399         20
