400_186

CUSTOMER  VEHICLE
NUMBER	  NUMBER     CAPACITY    DispatchingCost
    400     500          40000       100

CUSTOMER
CUST NO.  XCOORD.   YCOORD.   DDEMAND   PDEMAND   READY TIME  DUE TIME   SERVICE TIME

    0      41         23          0          0          0        960          0
    1     163        118       1518        345        150        220         20
    2      64         44       1799       6800        120        218         20
    3      66        136       1576        686         60        191         20
    4      29        130        127          0        120        295         10
    5      96         82         90       3809         90        189         20
    6     102        114         11          0        330        432         10
    7      48         74       3945          0          0        110         10
    8     139        144        960          0         90        210         10
    9     183         79       2944         36        120        287         20
   10      30        155       1745       2364        120        269         20
   11      30        106       5649       9351         30        124         20
   12     158         75       5351       9649        390        455         20
   13      74        120         20          0          0        167         10
   14      85         77       7409          0         60        220         10
   15      40         67       1644          0        450        523         10
   16     150         76        910         20         30        187         20
   17     192         62         41       2702          0        202         20
   18     119         33        108         80        150        220         20
   19     179         61       1605       5657         90        180         20
   20      79        130       3610          0         90        248         10
   21      89         56        625       1959          0        116         20
   22      87        101         84        149         60        127         20
   23      83         74       2364          0        120        260         10
   24     104         39        228          0          0        130         10
   25     133         89       1772       7207        390        457         20
   26      61         30         40          0        120        292         10
   27      12         98      14989         11        330        433         20
   28      87         93         77          0        120        281         10
   29     101        117       3956          0        330        441         10
   30     119         55        124       5274          0        136         20
   31      61         49       1613       5466        120        195         20
   32     127         93       3266          0         30        163         10
   33      45         54       1677          0        120        294         10
   34     114         49       2303          0        150        228         10
   35      57         91        197       3956        390        532         20
   36      52         10       3033          0        300        425         10
   37      82         15      13910          0        120        283         10
   38     123         59       6700       4619         30        204         20
   39     137         93       5834          0        300        462         10
   40     173         97       6144       4815        150        254         20
   41     112        112       8742          0        420        526         10
   42     111         54         13        436          0        168         20
   43      42         62         51          0         60        172         10
   44     164         85       1673          0         90        219         10
   45      65         82       2552          0         90        170         10
   46     113         71       2990          0        180        265         10
   47     161         95        238         61        120        215         20
   48     180         58       3535         63          0        196         20
   49     197         70         83          0         60        208         10
   50      44        101       1242          0         30        183         10
   51      29        131       1225       2550        300        396         20
   52      95         66        237        525         30        185         20
   53     133        102         73          0        120        285         10
   54     111         25        700       1224          0        120         20
   55      87        130         12          0         30        164         10
   56     105         62         42          0         90        172         10
   57     116         43        480       1500          0        129         20
   58      96         79       3055          0         30        208         10
   59      82         74        556          0         90        164         10
   60      36         20       2287        292        120        282         20
   61     125         88         46       2162        300        441         20
   62      28         81       4605          0          0        105         10
   63     146         40       1068       5200        120        237         20
   64      90         73         89          0          0        134         10
   65      39        107       3078       1042          0        129         20
   66      31        101       5872          0        120        217         10
   67      87        139         60          0         90        167         10
   68       5        116       2632          0         60        225         10
   69       7         21        633          0          0        121         10
   70     141        142       2973        620         60        236         20
   71      77        153       1501          0         30        174         10
   72     168         96       2000        101          0        192         20
   73      73         96        423          0        120        197         10
   74       7        114         82       2419         60        193         20
   75     123         52        720          0        180        240         10
   76      92         88         12          0        150        254         10
   77     115         31      12292         35        120        289         20
   78      76         87       6305          0        450        525         10
   79       6         26        103        338         30        167         20
   80      21         40         48          0        120        196         10
   81     153         75       6006          0         30        178         10
   82      52         28        291       1842          0        103         20
   83      51        114       1974       1723        300        401         20
   84      59         48       8964          0        120        190         10
   85      66        109       4511          0        420        525         10
   86      71        130       1104          0         90        263         10
   87     150         81       1824       1361          0        156         20
   88     150         49      15000          0         30        198         10
   89     153         27        132       1985        120        191         20
   90     110        128        480          0         30        173         10
   91     105         81       1985        894        180        249         20
   92      13         38       2296          0        150        274         10
   93     161         35       5373          0        360        441         10
   94      87         63       4966       2305        300        432         20
   95      11         48       9418        749          0        125         20
   96     155         88         83        748         90        186         20
   97     150         53         54          0         90        230         10
   98     102        120       1840          0         90        252         10
   99      95        146       1531        690         60        175         20
  100     139         70       9240       2162         30        201         20
  101      15         42       5014       1889        330        436         20
  102     185         56        943       2538        300        477         20
  103      47        129        171          0         60        154         10
  104     123         63       1669       1523         30        186         20
  105     178        101        248          0         60        190         10
  106      42         52       1613       2243          0        127         20
  107      22         92       6293          0          0        113         10
  108      53         65        288        392        120        249         20
  109      96         36        517       1205         90        264         20
  110      69         24       3234        160        120        282         20
  111     152         91       3809       2159          0        175         20
  112      33        137      14137          0        390        460         10
  113      30         38         14       9754        120        254         20
  114      26        126       1513          0        360        522         10
  115      66         63        237        665          0        160         20
  116     132         44        200         62        120        196         20
  117     178         62       2706          0         30        195         10
  118     164         90      12955       2045        300        399         20
  119     143         31        112          0        300        434         10
  120     155        145        238          0         60        233         10
  121     185         44        233        984        150        256         20
  122     188         95       2958          0        120        232         10
  123      96         68       1183        233         30        191         20
  124      26        142       2377       1745        180        252         20
  125      24        100       4040          0        150        250         10
  126     119         15       4175       4102         30        159         20
  127      35        124       6109        251          0        146         20
  128      90        102       3642          0        390        518         10
  129     114         19         67          0         30        138         10
  130      95         84       3947          0        210        271         10
  131     162        146       2028          0        120        228         10
  132      25         47       1602       3877        180        258         20
  133     160         37       2511          0         60        153         10
  134     136        148         64          0        210        279         10
  135     134         73       1174       5745         30        143         20
  136      76         59       1014          0         60        225         10
  137      78         84       1819         76         90        260         20
  138      98        122       2566          0        120        290         10
  139      29         31        135          0          0         88         10
  140      14          4         53       4356        120        222         20
  141      75         55       2917        363        120        281         20
  142      45        116        336       7032         90        264         20
  143      52         63       2572          0         90        232         10
  144     169        146       7197          0        360        435         10
  145      40        155        128         35        180        254         20
  146     115         81       2084          0          0        142         10
  147      21         80       1559        450        420        514         20
  148     133        142       3803          0         60        185         10
  149     104         91       1115        109         90        161         20
  150     115        114       2497       2138        150        280         20
  151      36        106         73          0         60        140         10
  152     111         35       2054       2821          0        141         20
  153     179        114       2024        197         60        211         20
  154      64         90         81          0        360        493         10
  155     123         47       8172          0        360        470         10
  156     133         52       4356          0         60        130         10
  157      67         39        178      13912        120        188         20
  158      55         47       1285        100        390        490         20
  159      52         62       1715       3401          0        108         20
  160      34         67      10530        127        120        294         20
  161     121         45       2293       7629         90        167         20
  162       6        114       1582          0         90        263         10
  163     133         70        282      14718          0        151         20
  164      22        129       4578          0        210        292         10
  165      28         31       1807         20         30        158         20
  166      95         24         60       2219          0        153         20
  167      69          1       3049          0        120        237         10
  168      41        145        831          0        120        245         10
  169      30         73       1538      13462        300        427         20
  170      86         76        236        288         90        231         20
  171      86         56       7609       7391          0        132         20
  172      76         78         13       5049        180        287         20
  173     174         93        530       5280         90        188         20
  174       9         44        287          0        390        467         10
  175      20         21       2489       2006        210        291         20
  176     120         33       1841       1896        150        222         20
  177     144         54       1416       1838          0        147         20
  178     117        100       1616       5146        150        285         20
  179     105         68        177        145         30        143         20
  180     148         32        768       1958        150        278         20
  181     192         92       5136          0        120        296         10
  182     173        111       5692          0        420        498         10
  183      46        128       1153       1000        360        522         20
  184      86         81       2386       1256        120        232         20
  185      54        117       2175      12825        150        292         20
  186      63         20        614          0        120        226         10
  187      10        116         86       1521         60        226         20
  188      73        157        383          0        300        456         10
  189      45         49       5376       2860          0        133         20
  190      91         70        147        589          0        143         20
  191     198         85       1522        586        120        259         20
  192     158         73       3051          0        360        466         10
  193      88         41       1275          0        120        221         10
  194      34        124         90         22         30        146         20
  195      60         49       5316          0          0         81         10
  196     172         43        620        280         30        178         20
  197     120        117       6626       6368        420        525         20
  198     108        137        258          0         60        225         10
  199      37        100       1221       2447        330        467         20
  200     132         93       5072          0         90        212         10
  201     177         48         15          0          0        183         10
  202     104        109       3716          0         60        233         10
  203     142        126       1391       1528         60        227         20
  204      29        108        466         91         30        135         20
  205     132         56       3585          0        120        215         10
  206     129         71       1103          0        360        501         10
  207      53        120      13142       1858          0        170         20
  208       6         12       1818          0         30         97         10
  209     108         35       1516        169        120        214         20
  210      93         84       3602          0        120        227         10
  211     198         93       5274          0         60        215         10
  212     142         19       5356          0        330        423         10
  213     195         84       2484          0         60        218         10
  214     101         20         13          0          0        101         10
  215      70        119       3059          0          0        148         10
  216     148        128       2169          0          0        198         10
  217      86        140       4314          0        300        416         10
  218      55         67       2489          0        150        227         10
  219      76         16       1247          0        120        222         10
  220      45        126         61          0          0        154         10
  221      57         29        170          0          0        129         10
  222      86        102        531      14469        180        288         20
  223      57         45       1460          0        330        503         10
  224     121         81         92          0         60        173         10
  225     119         98         19          0        120        243         10
  226     169         49       5959          0        180        287         10
  227      56        103        152       9040          0        124         20
  228      60         43       2267       1205        120        255         20
  229      17        119      13931       1069         90        263         20
  230     187         93        703          0        120        225         10
  231     154         76       5420          0        180        283         10
  232      89         80       6860          0         30        142         10
  233      99         45        936      14064        120        198         20
  234      14         39       9754          0        330        465         10
  235      85        102      11109          0          0        122         10
  236      17         18         15        664          0        102         20
  237      18         11       4858       2220        300        412         20
  238     147         22       3684          0        300        434         10
  239     103         96         36          0         90        165         10
  240     160        136       1923          0        360        466         10
  241     147        113       1183        841        300        440         20
  242      73         81        256          0          0        157         10
  243      92         61       1511          0        120        257         10
  244      19        124       6407        627        120        283         20
  245      35        109       2377          0        120        202         10
  246      48         83       2181       2064        120        233         20
  247      56         80        470          0         90        225         10
  248     117        145       1686          0        180        294         10
  249     137         49       5760          0        450        529         10
  250      68         21       1661          0        150        229         10
  251     176         46       2784        182         90        183         20
  252     100         85       1769          0         90        199         10
  253      65         32       1190        196          0         74         20
  254      34         98        474         23         60        133         20
  255      55        102         15          0          0        129         10
  256     158        142        156        107          0        211         20
  257      66        152       1090          0         60        227         10
  258     155         55        452       9990         30        184         20
  259      57        145       2633          0         60        215         10
  260      76          4       4633       8065          0         76         20
  261     133        100       2576          0        390        459         10
  262      29        101       2168         29         30        159         20
  263      18         22       2684          0          0        102         10
  264      74         92         36          0        120        249         10
  265      82          7        160       5421        360        526         20
  266      85        128       6740       2399        120        299         20
  267      23        118       6397          0         60        201         10
  268      57         37         14          0        150        219         10
  269      12         55       1489          0        330        424         10
  270     176         77       5595          0        120        189         10
  271      74         85       1824       1068        360        443         20
  272      95         68        202          0          0        164         10
  273      25        117      14638        287          0        134         20
  274      33         70         85          0          0        121         10
  275      35         23      11040        503        120        281         20
  276     148         23        926          0          0        141         10
  277      32         23       2963       2419        300        425         20
  278      76         44        296        171        120        283         20
  279     186         72         91       2136         60        206         20
  280       0          8       9866          0        120        278         10
  281      27         76       2700          0         60        142         10
  282     149         34       3794          0        360        424         10
  283     142        102       4128       3302         60        184         20
  284      33         64       4213        333        300        410         20
  285      21         12        104          0          0        146         10
  286      81         11       1613          0        120        234         10
  287     110         21        806          0        330        464         10
  288      46         52       4362        227          0         80         20
  289      51         47       3775       1544          0        159         20
  290     130         44        237          0        120        229         10
  291      95         91       1841       1378          0        166         20
  292     190         58       1529          0          0        199         10
  293      88         73       2290       7406          0        142         20
  294     154        105       2024       1850        420        494         20
  295      31          4       4408         12        330        490         20
  296      54        104        194      14806        120        186         20
  297      51        101       1613       3528        150        226         20
  298     107         70       6738          0        360        463         10
  299     186        107       1747          0          0        221         10
  300      70         55        181          0          0        147         10
  301      99        108       6709          0          0        142         10
  302     104         68        144         74          0        133         20
  303     151         77         15          0         60        226         10
  304       3         90       6679       2977          0        141         20
  305      41         73        120          0         30        163         10
  306      27         46        210         59        120        204         20
  307     105        152        367          0         30        179         10
  308      50         64       2911          0          0        109         10
  309     142         91        108       4191        120        287         20
  310      60         13       2205          0        120        205         10
  311     153        148       3786          0         60        219         10
  312     155         35         78          0         30        161         10
  313      28         75        589          0        390        496         10
  314      90         83       2995          0         60        163         10
  315      34         49         84         22          0         96         20
  316     161        117        282          0        120        219         10
  317      77        120       1854       2136          0        144         20
  318     120         85        615        452         90        220         20
  319     118         94        325       1706         60        162         20
  320     163         29       4002          0        150        229         10
  321     122         66       7045        313         90        224         20
  322     112         78        108       1511        120        216         20
  323      52         61         60          0          0        111         10
  324      59        106       1712          0          0        136         10
  325      71        131        146        655         90        198         20
  326     181         76        134        217        120        247         20
  327      61         31         55       1184        120        253         20
  328     101         85        237       1403        120        254         20
  329     132        121        147          0        150        259         10
  330      85         74       3146        252        150        233         20
  331      92        120       2713          0        150        226         10
  332     131         18      11000        112        120        193         20
  333     111         65       1020       1968         90        265         20
  334      47        141        257          0        300        408         10
  335      59         54       4886       3022          0        163         20
  336      41         74        113         41         30         99         20
  337      85         75        110          0          0        115         10
  338      10         51        613        348        120        259         20
  339     122         30       1750         48        120        247         20
  340      15         36       1121          0        210        276         10
  341      39          4       6177        873        330        456         20
  342      37         15      15000          0          0         77         10
  343     148         30       5837       1870         90        163         20
  344      55         16        739          0        360        507         10
  345     198         79       3403          0         60        222         10
  346      29         38       2338        449          0        138         20
  347       5         14       4792          0         30        102         10
  348      25         50       7260       2850        120        236         20
  349     127         37         54         92         30        159         20
  350      86         67        120          0          0        159         10
  351     160         78        606       1253        180        250         20
  352     173         95       4225       6623         90        201         20
  353     104         70        513       4698         60        165         20
  354      52          0       1860          0          0         98         10
  355       7          4       1847        908        120        253         20
  356      34        149       1526       3958         60        216         20
  357     100         14       1850          0        120        263         10
  358      83        141         70         23        120        233         20
  359      36         72       2498        527        300        437         20
  360      85        135        377          0        120        220         10
  361     157         96       1116        621         90        230         20
  362     106         82       1920       3037          0        161         20
  363     130         46         72          0        120        263         10
  364     107         21        876          0        120        285         10
  365     123         53        438       5972         30        192         20
  366     176         47       5280          0         90        196         10
  367     153         48        280          0         90        171         10
  368      12         30        303          0        150        227         10
  369     111         87         10       1976        180        263         20
  370      69         92        351        290        390        492         20
  371     166         28       2289       1712        180        263         20
  372      73         65       1739       4416        120        231         20
  373      76         94         44       1776         60        198         20
  374     109         64       2869         98         90        217         20
  375      28        120       8107          0         60        174         10
  376     139         33      12128       2872        120        282         20
  377     188         83      14970         30         30        210         20
  378     131         44       2513        428        150        226         20
  379     152        146       1043          0         90        200         10
  380     109         51       1301        299        300        459         20
  381      47        133       4963          0         60        232         10
  382      35         49         56        259        300        410         20
  383      66         58       1700      13300        120        288         20
  384      76         31        206      14794          0        166         20
  385      19         90        912          0        180        252         10
  386     137        143       3153       5087        180        292         20
  387      74         63       2340       8107        120        225         20
  388      35          8       1992       2702        120        286         20
  389      30         43         37          0        120        253         10
  390     100         78        250       3370        120        280         20
  391      80         48        156          0          0        141         10
  392     182        107         65        399          0        206         20
  393      28         72       6093        365        120        196         20
  394     159         43       5669       1990        360        466         20
  395      98         10       1801       7044        120        258         20
  396      94        118       2191          0        180        250         10
  397     109         29        608       3418        120        223         20
  398     123         54        288         45         60        232         20
  399      78         87         56       1532        120        278         20
  400      86         99       2432          0          0        165         10
