400_191

CUSTOMER  VEHICLE
NUMBER	  NUMBER     CAPACITY    DispatchingCost
    400     500          40000       100

CUSTOMER
CUST NO.  XCOORD.   YCOORD.   DDEMAND   PDEMAND   READY TIME  DUE TIME   SERVICE TIME

    0      41         23          0          0          0        960          0
    1      86         81       2386       1256        120        232         20
    2      88         87       9970          0        180        279         10
    3      46         52       4362        227          0         80         20
    4      34         33         57          0         30        165         10
    5     139         66       1790          0        150        219         10
    6      15         37         90       6257        180        253         20
    7      50          1        768        190        120        235         20
    8      51         47       3775       1544          0        159         20
    9     146        129       4764       1829         90        203         20
   10     125         51       2157          0        120        281         10
   11     186         73         74          0         60        190         10
   12     122         83       4009          0         60        228         10
   13      50         85       1874          0         60        198         10
   14      45        116       4319        893          0        140         20
   15     155         35         78          0         30        161         10
   16     110         21       2830          0          0        110         10
   17      92        120       2713          0        150        226         10
   18     158         74        345       1149        150        275         20
   19      89         57        156         83         60        141         20
   20      73         55         20      11550        120        292         20
   21      68         21       3467          0        120        254         10
   22     117         79       4099        671        330        475         20
   23     150        140       3400       2503        120        215         20
   24      49         43       6547          0          0         81         10
   25      93         94        631       7181         60        138         20
   26     181         76       6564       2216          0        192         20
   27     132         43       7489          0          0        166         10
   28      56         51       3668         21        150        258         20
   29      76         44        234       1582        120        250         20
   30     155         88         83        748         90        186         20
   31      34        124       9338          0        120        284         10
   32      19         52       1360          0          0        166         10
   33     115        114       1889          0        120        206         10
   34     186         83       3419       8738         60        216         20
   35     106         81       5184         42         60        186         20
   36     141        142       8313          0          0        206         10
   37      99         56       4284          0         60        165         10
   38      56        114        226       2021         60        151         20
   39     140        109      11467        576        120        248         20
   40      51         80         35          0         90        216         10
   41     185         98       2153          0         30        214         10
   42     122         30       1332        207         30        154         20
   43      21          7       1038          0         90        189         10
   44      44         49       2711          0        120        291         10
   45      56         10        115       1992          0        135         20
   46     107         85       1526       8945        120        232         20
   47     131         51       1750          0         90        263         10
   48      20         98       1926          0         60        237         10
   49      57         70       3068          0        120        217         10
   50     160         74         49       1329        180        288         20
   51     189         85       1869       1825          0        199         20
   52      16         35       5990          0          0        168         10
   53      80         11      15000          0          0         73         10
   54      50         80        673       1629        300        404         20
   55     115         83       7608          0         60        160         10
   56      78         87         56       1532        120        278         20
   57     170         82       1975       9336         90        250         20
   58       7          4       1847        908        120        253         20
   59     150         76         49          0         30        195         10
   60      34         65       3800          0        420        522         10
   61     144         34       2376       1927        360        436         20
   62      97         37       1253         95         30        153         20
   63      94        103       1518        686        120        260         20
   64     101        117       3956          0        330        441         10
   65      62         56         40        248        120        258         20
   66       8         10        216       2069        150        286         20
   67      31        107        326       1156         30        201         20
   68     137         49        173          0          0        158         10
   69     122        139        424         47         90        186         20
   70     150         20       3561          0        120        197         10
   71      51        115         15       6725         60        187         20
   72     158         30         30          0        330        494         10
   73     135        130       4812          0        120        230         10
   74      66         71        920          0        210        274         10
   75      88        106       5334          0        420        526         10
   76      28         31       1807         20         30        158         20
   77     197         70         83          0         60        208         10
   78     170        118       1758          0        390        454         10
   79      69         24       3371          0          0        172         10
   80      47        141        257          0        300        408         10
   81     158         75       5351       9649        390        455         20
   82     142         28       3591          0        420        531         10
   83      40         29        860          0        120        283         10
   84      97         84        101          0        120        278         10
   85     120         97         25          0         60        171         10
   86     180         95         29          0        300        423         10
   87     173         97        683          0        180        293         10
   88     120         33       9977          0        390        496         10
   89      83         85        300       4834         90        174         20
   90     123         52        720          0        180        240         10
   91     162        118       1841          0        180        255         10
   92     131         44        310          0        120        188         10
   93     171         66        210       5151         30        180         20
   94       7        114       1255          0         60        173         10
   95     172         39       6060          0          0        177         10
   96     178        117       2568          0          0        209         10
   97      64        137       1077       1708        360        530         20
   98     152         56       2295          0        390        515         10
   99      52          0         76          0          0         73         10
  100      92         52       2272         40        120        236         20
  101      60         60       2066          0        120        196         10
  102      97        112       2654       1890        120        225         20
  103     112         75       5947          0        390        471         10
  104     150         53       3160       1628        120        251         20
  105     173         43       2819          0         90        172         10
  106      54          2        181         31          0        110         20
  107     161         35       5373          0        360        441         10
  108     133         37         13       1030          0        146         20
  109     160         37         33       2088        120        246         20
  110      76          4       4633       8065          0         76         20
  111      46         18        392          0          0        105         10
  112      53         69        817         90          0        143         20
  113      27         24         52          0          0        138         10
  114     121         81         92          0         60        173         10
  115     194         94       1959          0        360        456         10
  116      47        137         33          0        120        298         10
  117     169         76       4559         30        150        249         20
  118     162        117       2284          0         60        219         10
  119     161         63       1848          0         90        223         10
  120      80         64        665         95          0         97         20
  121     109        122        320          0         30        205         10
  122     120         62      15000          0          0        143         10
  123     130         52       2295          0        390        472         10
  124     106         55        309          0          0        165         10
  125      20        116       2331      12669        120        252         20
  126      33         20        720          0          0        168         10
  127      86        140        100       4343          0        176         20
  128     105        126        525          0         60        171         10
  129     193         91       1440       5669        150        225         20
  130     163        118       2063       4998         60        186         20
  131     142        126       1391       1528         60        227         20
  132     108         18      11093        260        330        468         20
  133     139         70       9240       2162         30        201         20
  134      26        126        346        593         60        190         20
  135     146         33        127          0         60        232         10
  136     162        146       2028          0        120        228         10
  137     144         18        498        686        120        218         20
  138      49         47        679          0        120        189         10
  139     197         58         60         56          0        214         20
  140      48         46       3295       5889          0        146         20
  141      46         46         22      11398        120        216         20
  142     132         44         36          0          0        139         10
  143     140         47       5638          0        330        494         10
  144     145        114       8961          0        420        494         10
  145     153         27        132       1985        120        191         20
  146     173         62         44       5374        180        285         20
  147      53         21       1800          0          0        105         10
  148      17         49       1940         15        120        213         20
  149     160         66        364        237        300        393         20
  150      18         22        690        281        150        232         20
  151      99         58       3995        140        300        401         20
  152      87         93        784          0        150        294         10
  153      88         41       1275          0        120        221         10
  154     122        109       1098       3238        180        286         20
  155     141         30        886          0         60        212         10
  156     191         57       1758       2206         90        201         20
  157     117        146         75       4866        120        193         20
  158      51         98       5190       6318        180        266         20
  159      66        135       2024          0        120        225         10
  160      88         13         60       1333          0        126         20
  161     121         71       4982          0        360        530         10
  162     179         61       8000          0         60        197         10
  163     148        126       1719          0          0        199         10
  164     118         86         13          0        360        498         10
  165     105         62       2193          0        150        234         10
  166      64         12       1443          0          0        143         10
  167      28        122        563          0          0        135         10
  168      79        122       3671          0        180        260         10
  169     124         96        178       1901          0        175         20
  170     126        132       1749       1716         60        228         20
  171     154         76        274          0         60        234         10
  172     104         91         86          0         60        220         10
  173      73        111        437      14563        330        453         20
  174      30        154        476        309        360        461         20
  175      69         22        101          0          0        143         10
  176     131         17        190          0          0        154         10
  177     148         92       1711          0          0        173         10
  178     151        143        783         35        150        291         20
  179     135         29       2789       1610         30        155         20
  180      33        131       1500          0        120        250         10
  181      60        122        249       3793         60        219         20
  182     174         66         14        228          0        181         20
  183     117         63       4027       1999        120        279         20
  184     139        107       4140        182         60        172         20
  185     192         88         85          0        180        287         10
  186     146        141       2236        972        210        296         20
  187      30        106       3753          0        150        219         10
  188      57         72        155          0        300        408         10
  189      42         23       4798          0         30        113         10
  190      42         62         51        253         30         98         20
  191     155        145        238          0         60        233         10
  192     140        128       1927       1818         90        188         20
  193     123         66       1816          0        330        410         10
  194      48         83       1995      13005          0         99         20
  195      22        149       4211          0        450        521         10
  196      70         51        396          0         60        228         10
  197      18         29       2139        442        120        258         20
  198     135         59       1010          0          0        151         10
  199     107         61        197          0         90        251         10
  200      38         32       1886          0        420        520         10
  201      77          6       2198          0          0        100         10
  202      25         52       2409          0        120        276         10
  203     194         82       4993         99         60        206         20
  204     137        103       1733          0         30        170         10
  205     102         75       3753          0         30        136         10
  206     166         83         90       2569          0        183         20
  207      96         81         56         17        120        204         20
  208     130         68        149          0         30        156         10
  209      63        150         15       1030        330        403         20
  210     112        136      14399        334        390        523         20
  211      35         26         19          0        120        224         10
  212      83        141        744          0        150        228         10
  213     137         38       5135          0        210        280         10
  214     176         70       1430        164        120        192         20
  215     174         93       1500         15        150        250         20
  216      29         81         33       4814         60        189         20
  217     127        133        733          0          0        181         10
  218     139         18         43       2453        120        190         20
  219      91         72        129          0         90        230         10
  220     151         77         87          0          0        160         10
  221     100         53      13506          0        120        254         10
  222      53         44       5047       1204         60        144         20
  223     135         26       3579       2020         60        186         20
  224      40        155        117          0          0        176         10
  225     115         90        276          0        120        259         10
  226      32         56        683          0         30        189         10
  227      82         12        151          0          0         97         10
  228     110        134         18          0        120        254         10
  229     111         54         13        436          0        168         20
  230      80        139        255          0         90        196         10
  231     111         70       5395       2706         90        173         20
  232      58         88       1900          0        150        271         10
  233      90         47      14522          0          0        106         10
  234     103        127       4593       2410         60        157         20
  235      60        151       1891          0        210        281         10
  236      84         66        450          0        180        273         10
  237       1         25       3149       3212         60        173         20
  238      53         61       7335        178          0         76         20
  239      58          2        324          0         30        200         10
  240      73        113        524       3301        180        286         20
  241     119         55        124       5274          0        136         20
  242     174         99        805        140        180        246         20
  243      16          6       2550          0          0         86         10
  244      17         89       1415          0         60        191         10
  245      58         86       1700         43        120        201         20
  246     181         42       4565       2636          0        180         20
  247     134         73        233        192          0        162         20
  248     102        120       3112          0        210        291         10
  249     143         87        250          0         90        252         10
  250      48         56       1950          0          0        162         10
  251      61         30       2067       6210          0         72         20
  252      67         94        266          0         30        128         10
  253     117         97        345          0         60        189         10
  254      73         81         86        312        150        293         20
  255      80          5         37          0        120        287         10
  256      17        119      13931       1069         90        263         20
  257     155         24       1664       1500         30        201         20
  258      27        110       4283       4190        390        472         20
  259      53         45         31          0         30         95         10
  260      52         61         60          0          0        111         10
  261      57        145       2633          0         60        215         10
  262      92         70       2000       2991        330        401         20
  263     174         67       3596          0         30        195         10
  264      95         90       1636          0        150        272         10
  265     149        141        222       6827        180        297         20
  266     151         22       3910          0          0        168         10
  267      20         39       2089       5003        150        253         20
  268      63         48       1520       2363        120        255         20
  269      44         47      13065          0        150        280         10
  270     142        124        720         23        120        254         20
  271     120         86         94          0        330        491         10
  272      28        139       2579          0         60        155         10
  273      34        136         68          0        120        204         10
  274     128         71         92          0        120        292         10
  275     119         33        108         80        150        220         20
  276     183         61       6107          0        450        519         10
  277      59         64        610         25        120        289         20
  278      93         65        975          0        120        188         10
  279      42        107         23       3646         90        236         20
  280      22         77      15000          0         30        200         10
  281      76         31        364          0        330        409         10
  282       5         36       1095          0          0        143         10
  283      27        100       2133       1839        390        531         20
  284      10        116         86       1521         60        226         20
  285     180         58       3535         63          0        196         20
  286     106         82       1920       3037          0        161         20
  287     121        142       1557      13443        120        242         20
  288     173        111       1961          0        120        216         10
  289      53         78       5064         22          0        101         20
  290     139         91       2344       1685        150        245         20
  291       6         49       4040          0        120        231         10
  292      73         92      15000          0        300        413         10
  293      11         33       2028          0        120        246         10
  294       5        116       2632          0         60        225         10
  295     132         56        254      14746        360        501         20
  296      23        141        982          0          0        156         10
  297     118        100        337          0         60        214         10
  298      77        132       2764          0        120        257         10
  299      48        129       2502        151          0        169         20
  300      17         36        524          0          0        104         10
  301      38         24       4771       7888          0        169         20
  302     102         93       2636       9336        180        295         20
  303     100         73         28          0         60        138         10
  304      48         60       1005          0        390        500         10
  305      34         49         84         22          0         96         20
  306     178         62       2706          0         30        195         10
  307     109        146       4850       6304         60        190         20
  308     137        145        199      11844        120        246         20
  309      32         83         84        564          0        134         20
  310     104         68         23       1460        120        292         20
  311      45        147         86       1572         60        228         20
  312      53         70        502          0         60        153         10
  313     129        122       2424          0         60        187         10
  314      52         63       2572          0         90        232         10
  315      40         67       9378          0          0         95         10
  316     112         74        347          0          0        138         10
  317     100         84        150          0        180        254         10
  318      82         99        454       5804        180        275         20
  319      82         72       8065          0        120        265         10
  320      38        113       2703         77          0        154         20
  321      58         21       1892          0          0        135         10
  322     133        100       2576          0        390        459         10
  323      62         17        162       2237        300        435         20
  324     183         79         57          0         60        220         10
  325      38         31       2308      12692        300        399         20
  326     110         92       2702          0         60        221         10
  327     103        128       4840       1094        120        294         20
  328     137         17        493       2819        300        460         20
  329      95         38        433          0          0        100         10
  330      38         96       3676       2220        330        499         20
  331      97         46         56       6099        120        244         20
  332     114         48       4493          0        330        462         10
  333      32         74        960       1273        120        220         20
  334      68         86        211       5088         60        201         20
  335      83         99         78          0         30        137         10
  336      42        127       6038       8962        360        528         20
  337     148        128       1544       1286         30        200         20
  338      30         42       1110          0        120        220         10
  339     151        109       2331        785        120        188         20
  340     125        103        998       2362        150        279         20
  341      19         13        108          0         90        247         10
  342      71        129         13        101        120        184         20
  343      12         16        690          0        150        288         10
  344      36        106        805       1798        120        231         20
  345     116         49       3116       4606         30        172         20
  346      25        117      14638        287          0        134         20
  347      85        102       2066        249         60        202         20
  348      24        109       1096        166        390        459         20
  349     122         77        442        345        120        188         20
  350      44         48        566          0         30        160         10
  351     138         56       1926          0        180        273         10
  352      32        112       1854          0        120        208         10
  353     101        120       1250          0        360        469         10
  354     187         93      13543       1457        300        436         20
  355     135         78       1444       5113        120        224         20
  356      57         37       1885      13115          0        114         20
  357      44         78       1873       4411        420        519         20
  358      28         45       7004          0         30        130         10
  359     111         65       1020       1968         90        265         20
  360      53        103       1890          0          0        159         10
  361     154         38        139          0         90        257         10
  362      82         92        564          0         60        228         10
  363      78         74        999          0          0        124         10
  364      99         74       3110       1521        120        197         20
  365     180         65        672         19        150        279         20
  366     119         11       1680          0          0        131         10
  367     147         94       1976          0        120        251         10
  368      82          9      11160        222          0        127         20
  369      75        156        323         11         90        235         20
  370      39        107        542       9983          0        161         20
  371     186        106         84          0        120        211         10
  372     195         99       3484       2738        120        232         20
  373      67         80        420          0        150        258         10
  374      62         67       2332          0        360        441         10
  375     154         39       1879          0        300        404         10
  376      34        122        556          0          0        129         10
  377     127         37       5281        270          0        138         20
  378     120        116        786          0         90        184         10
  379      93         68        831         85        150        222         20
  380     131         18      11000        112        120        193         20
  381      20        145         87          0         90        241         10
  382     142        102       3349          0        450        528         10
  383     160         22       1246        151        390        467         20
  384     142         19       5356          0        330        423         10
  385       7         18         66         20        150        265         20
  386       4         23        236        920        120        223         20
  387     152        104       5417       1989          0        172         20
  388     106         65       3641       1748        150        251         20
  389     126         66        123          0         90        222         10
  390      55        102       1082          0         30        173         10
  391       8         81        232         34        120        191         20
  392     177         48        264          0        120        283         10
  393     123         59       1081          0        390        528         10
  394      29         24       3492        215        300        427         20
  395      67         96       9040          0        120        249         10
  396     114         77         11        615         30        170         20
  397      57         94        752          0         90        164         10
  398     182         66       2961        686         60        182         20
  399     192         92       5136          0        120        296         10
  400     169         49       5959          0        180        287         10
