400_205

CUSTOMER  VEHICLE
NUMBER	  NUMBER     CAPACITY    DispatchingCost
    400     500          40000       100

CUSTOMER
CUST NO.  XCOORD.   YCOORD.   DDEMAND   PDEMAND   READY TIME  DUE TIME   SERVICE TIME

    0      41         23          0          0          0        960          0
    1     151        143        783         35        150        291         20
    2      81         11       1613          0        120        234         10
    3     150         53       3160       1628        120        251         20
    4      81         18        225         22          0         89         20
    5     157         96        237          0         60        181         10
    6      17         36        277          0         30        157         10
    7     123         63       1669       1523         30        186         20
    8     187         54       3502          0          0        189         10
    9      57         94       1829          0         90        233         10
   10      61         76       6572          0         30        164         10
   11      78         84       2387          0          0        148         10
   12     140         38        155        448         90        262         20
   13     132        144       2415       2478        120        266         20
   14      80         11      15000          0          0         73         10
   15      32         56        683          0         30        189         10
   16       3         94       4474          0        330        402         10
   17      83         64        259         54          0         95         20
   18      42        107         23       3646         90        236         20
   19     118         94        325       1706         60        162         20
   20      28        120       8107          0         60        174         10
   21      70        119       3059          0          0        148         10
   22     134         33        760          0        360        429         10
   23      27         84       1142       3496          0        125         20
   24      46         52       4362        227          0         80         20
   25     152         91       3809       2159          0        175         20
   26      39         52        100          0        120        201         10
   27     197         70       7034          0        210        296         10
   28      38        141        250       1250         60        199         20
   29     111         65       3524       6652        360        492         20
   30     143         87       1059          0        120        296         10
   31      92         88         12          0        150        254         10
   32     194         60       6296        390         60        206         20
   33     166         28      11551        984         30        194         20
   34      26         73       6403         37        300        478         20
   35      41        145       7246       3055        120        258         20
   36     183        102       1149         22        120        248         20
   37     117         56       7730       2583          0        135         20
   38     113         38         34          0        390        525         10
   39      96        112        291          0         60        234         10
   40     108         18        373       1719          0        141         20
   41      49        131       1598          0        120        186         10
   42      15        118      14294          0        210        277         10
   43     106         55       1939          0          0        108         10
   44      28        139         28          0         60        168         10
   45     184         71       5419       1364         60        201         20
   46      67         91       2857       4092         30        203         20
   47      60         60        208        908        120        192         20
   48      21         40       3810          0          0        140         10
   49      65         86         98          0        150        229         10
   50     164         90        344      14656        120        186         20
   51     133         89       1772       7207        390        457         20
   52      96         81       1570          0          0        130         10
   53      25        114       1651          0        150        221         10
   54     102         93       2636       9336        180        295         20
   55     138        146       1104          0         60        195         10
   56     186        107       2703       5379         90        246         20
   57      27         73       2314          0        300        469         10
   58      21          7        812          0         90        164         10
   59      31          4       4408         12        330        490         20
   60      95         66        237        525         30        185         20
   61      10        116       1261          0          0        149         10
   62       0          8       2947         34        180        294         20
   63     130         59       1572        688        120        212         20
   64      86         80        127        211         30        172         20
   65     121        129       1491          0         90        263         10
   66      52         63       2572          0         90        232         10
   67      76         44        234       1582        120        250         20
   68     152        104       5417       1989          0        172         20
   69     103         96        112       9040        150        289         20
   70      86         76        670          0          0        120         10
   71     111         85       2903          0        120        279         10
   72     126         89       1838        339         30        207         20
   73     174         99       2160        447          0        203         20
   74      97        113       1510       3134         60        192         20
   75      25         47       1602       3877        180        258         20
   76     122         34       2224          0        120        223         10
   77       6        114       1582          0         90        263         10
   78      32        100        150       6079        150        220         20
   79      30         73       2255        840        150        287         20
   80      83         85       4875          0         30        133         10
   81     115         83       1898          0         60        185         10
   82     131        104       1308       1932         60        165         20
   83      45        147         86       1572         60        228         20
   84      61        103       2360       8296        180        274         20
   85      17         21        194       1014         30        154         20
   86      86         67       6081          0        420        528         10
   87     108         38       1775          0         30        193         10
   88     179         61        227      14773         30        185         20
   89      35         49         56        259        300        410         20
   90     117        100       1616       5146        150        285         20
   91      36         87       9982         43         30        165         20
   92     101         20         13          0          0        101         10
   93      21         23        210          0          0        167         10
   94      75        156        695       5746         60        199         20
   95      85        102       2066        249         60        202         20
   96      69          1        665       4247          0        134         20
   97     106         54        218        169        180        243         20
   98     142        124       3269          0        120        281         10
   99      77         63       6727        423          0        101         20
  100     129         71       7335          0        180        265         10
  101      87         93         35          0          0        128         10
  102     173         95       3140       2399          0        199         20
  103     137         38        404       1879        120        217         20
  104      73         43       1570          0        120        199         10
  105      79        130       1720          0        120        191         10
  106     138        128       2515       7408         90        256         20
  107      77         44       4410          0          0        128         10
  108     119         55        124       5274          0        136         20
  109     130        122       4586       1802        360        521         20
  110      17         89       1542         38        120        289         20
  111     151         22       3910          0          0        168         10
  112      38         73         30          0          0        110         10
  113     105        152        367          0         30        179         10
  114     151         77      13526       1474        120        190         20
  115      68         94       2410        333         60        164         20
  116      28         74        252          0         90        172         10
  117     192         62       1622        257          0        205         20
  118     163         65       2020          0          0        177         10
  119     146        129        181       1118         30        189         20
  120     115         90        276          0        120        259         10
  121      72          3       2977       2254          0        163         20
  122      33         64       1687       1516        120        268         20
  123     116         49       3116       4606         30        172         20
  124       5        116       2268          0        360        520         10
  125     161         95        238         61        120        215         20
  126     167         47       2384          0         60        205         10
  127     188         95       9335       2946        120        212         20
  128      94         69       1537       6086         30        107         20
  129     158         73       3051          0        360        466         10
  130      73        157       1944          0        180        263         10
  131      30        106       5649       9351         30        124         20
  132      23        141        982          0          0        156         10
  133      69         21       2988         37        120        196         20
  134      65         32        147         49        120        201         20
  135      48         54       2908          0          0         67         10
  136     122        128       3545       1686        300        399         20
  137      26          9         90        686        120        243         20
  138      16         10      10906       4094         30        169         20
  139     152         56       2295          0        390        515         10
  140     150        127       3450         58         90        181         20
  141      31         13       1844        847        120        221         20
  142      39         48       1791       1043          0        125         20
  143     164         70       2361       1816        300        428         20
  144      37         14        894          0        120        259         10
  145      72         92       2616        234          0        161         20
  146     153        146       2403       1306        390        533         20
  147      21         78      12793       2207        120        225         20
  148     110         98         56       7374         90        178         20
  149     138         56       1926          0        180        273         10
  150      10         48        395       6125        120        186         20
  151      23        118       6397          0         60        201         10
  152      45         54       1677          0        120        294         10
  153      85         77        259       1035          0        175         20
  154      97        112       2654       1890        120        225         20
  155     106         66         82       1254         30        183         20
  156     163        118       2063       4998         60        186         20
  157      12         55       1489          0        330        424         10
  158      85         45        142          0          0         96         10
  159     132         62        422          0        120        291         10
  160     103         55       7407        148        120        197         20
  161       8         10        216       2069        150        286         20
  162      57         29        170          0          0        129         10
  163     133        142      15000          0        330        473         10
  164      58         86         21       9756        150        289         20
  165       2         17        257          0        120        250         10
  166     195         84         17          0          0        215         10
  167       1         25         21       2013         30        188         20
  168     127        105       2583          0         90        247         10
  169     153        122        284       3327         90        200         20
  170     173         43       2819          0         90        172         10
  171      69         92        351        290        390        492         20
  172     122         40         14          0        150        289         10
  173     150         76         49          0         30        195         10
  174      32        112       1555       1924        120        220         20
  175       5        113         74          0         60        130         10
  176      87        130         12          0         30        164         10
  177     106         59       4453          0         90        161         10
  178      57        153       7500        437        120        231         20
  179      89         56       1257          0         30        139         10
  180     113        121        221         44        180        251         20
  181      22         91        197          0        180        281         10
  182      20         21       2489       2006        210        291         20
  183      85         61       3805        210         60        151         20
  184      28         45       4270          0          0        110         10
  185      74        121        458          0         60        167         10
  186      54        130       4493        879        180        286         20
  187      34        124       9338          0        120        284         10
  188     101         77        314          0        300        398         10
  189      67         96       1792         81          0        128         20
  190      49         47         31        747          0        101         20
  191     146         33       2113          0        150        246         10
  192     141        142       8313          0          0        206         10
  193      83         99         78          0         30        137         10
  194     139         66       7243       6474        300        410         20
  195      91         65        268          0         90        204         10
  196      26        113        236       4829          0        128         20
  197     163        111       2219       7051        210        277         20
  198     137        103       2176       7889        150        249         20
  199      56         64       1200          0          0         84         10
  200     132        151         46          0         30        204         10
  201     150         20       3561          0        120        197         10
  202      52          0       1860          0          0         98         10
  203      55         47       1285        100        390        490         20
  204      21         12      15000          0          0        142         10
  205      95         84       3079          0         90        213         10
  206     100         23        584          0        120        222         10
  207     147         22       3684          0        300        434         10
  208     136         69       1344        232        330        472         20
  209     147         61       1269          0        420        495         10
  210      71         19       3406        567          0         66         20
  211      51         47       3775       1544          0        159         20
  212      81          8       1604          0          0        135         10
  213     116         85        152          0         60        141         10
  214     158        142        156        107          0        211         20
  215       7        116         82       2516        150        227         20
  216      48         83       2181       2064        120        233         20
  217      60        122       4717          0          0        139         10
  218      42        125       1889          0        120        194         10
  219     121         45        684          0          0        118         10
  220     148         32      10754       1881         30        164         20
  221     179         67        382       1583         60        193         20
  222     131         83        299          0         60        155         10
  223     122        109         11          0         30        166         10
  224      32         43       3449          0        120        261         10
  225     102        120       3112          0        210        291         10
  226      37         72       1536          0         30        201         10
  227     135         29       2789       1610         30        155         20
  228      64         44        384       2694         30        124         20
  229     160         22       1246        151        390        467         20
  230       0         21        474         54          0        167         20
  231     154         39       2164          0          0        164         10
  232     135        130       4812          0        120        230         10
  233     188         79        566        126          0        216         20
  234     112        138      14049        878         90        173         20
  235      88         54      11096          0         30        109         10
  236     105         62       2193          0        150        234         10
  237      34         79       1777       1839        300        412         20
  238     170         65        288          0         60        226         10
  239      86         99       2432          0          0        165         10
  240     100         19        427       5297        120        227         20
  241      48          5       1638       4183        450        526         20
  242     141         30         31        277        120        232         20
  243      78         98       1310       2948         60        153         20
  244     153        115       1744         97        120        275         20
  245      59         81        835          0        120        188         10
  246      33        137      14137          0        390        460         10
  247     140        128         30         17         30        195         20
  248     135         59       1010          0          0        151         10
  249      91        122        228          0         60        190         10
  250      41         70         30       1036        120        248         20
  251      78          6       2902       1882        120        196         20
  252     179         48        908        433          0        183         20
  253     155         55        178          0        150        248         10
  254      28         10        181        583        120        276         20
  255     112         78        108       1511        120        216         20
  256      30         54       1318          0          0        134         10
  257     101        111        110          0          0        143         10
  258      76         59       2958          0          0         97         10
  259     120         62      15000          0          0        143         10
  260     123         72        941       1885         60        196         20
  261      99         58       3995        140        300        401         20
  262     137         37       2291          0          0        132         10
  263     131         51       1750          0         90        263         10
  264      42         62         51        253         30         98         20
  265     127         53       1804          0        120        225         10
  266     113         64       5953          0          0        142         10
  267      69         51       7005       1959        120        239         20
  268      73        111        437      14563        330        453         20
  269     155         24         30          0        120        262         10
  270     144         18        498        686        120        218         20
  271      69         90       1998          0         30        196         10
  272      50         80        673       1629        300        404         20
  273      85         75       4920        383        120        220         20
  274      45         86       3936       3369         30        202         20
  275     153        134        116       1745         90        221         20
  276      38        113        470       2221         60        207         20
  277     111         70       2613       8002        120        181         20
  278     100        101        290          0         90        253         10
  279     120        124       1602          0         90        183         10
  280      65        148       4849          0        300        405         10
  281     150        140       3400       2503        120        215         20
  282     148         23       5155          0        450        515         10
  283      97         24       2089          0        120        250         10
  284      51         80         62          0        150        227         10
  285      41         23       1777          0        120        288         10
  286     154         31        178       7866        180        251         20
  287      69         24       3234        160        120        282         20
  288     186         72       2562          0        450        526         10
  289     101        117         30        643         60        155         20
  290     139         70         46          0         30        200         10
  291      81          4      15000          0          0        139         10
  292      93         65        975          0        120        188         10
  293       6         12         30        210          0         73         20
  294      57         91        197       3956        390        532         20
  295      47        133      11397          0        120        249         10
  296     152         75       1838       1919        120        224         20
  297     153         75       6006          0         30        178         10
  298      64         12       2020          0          0         84         10
  299     111         25       1110          0        120        236         10
  300     160        136       1923          0        360        466         10
  301      51        150         20        746          0        173         20
  302      45         79       1104          0        150        227         10
  303     144         86       6707       6109        120        228         20
  304      40         67       1644          0        450        523         10
  305      68         96         65          0        150        242         10
  306     160         92        750       2077         60        218         20
  307      49         43       6547          0          0         81         10
  308     172         77        358          0         60        193         10
  309      32         74        960       1273        120        220         20
  310      73         83         28          0          0        139         10
  311     105         68      10387        223        120        288         20
  312      44         86         37          0          0         99         10
  313      92         65        223          0         30        202         10
  314     129         89         34          0         30        169         10
  315     140         47       5638          0        330        494         10
  316      77        120         22          0         90        230         10
  317      53         61       7335        178          0         76         20
  318      59         48         38         80          0         95         20
  319      70         51       7914         34        300        437         20
  320     104         81       4870        938         90        260         20
  321      90        124         22          0        120        291         10
  322     135        136        303          0          0        197         10
  323      16        122        679          0        150        261         10
  324      65         82       2552          0         90        170         10
  325     147         94       1976          0        120        251         10
  326     112         75         74          0        300        435         10
  327      88         72      14867        133        150        244         20
  328      27        110        745       1298        120        193         20
  329     159         83        515        152        120        299         20
  330     164         73        887        104        150        229         20
  331      57          0         86          0          0         67         10
  332      96         79       3055          0         30        208         10
  333      63         20         81          0         30        101         10
  334      35        124       6109        251          0        146         20
  335      59         54      11876          0        390        459         10
  336      42         23       1844       1205        120        218         20
  337      84         56        147       1751          0        135         20
  338      44         47        202       1940          0         74         20
  339     101         85        237       1403        120        254         20
  340     103         95       5044       8107          0        150         20
  341      41         73       1594          0          0         97         10
  342      55         91       4855          0        120        235         10
  343      50         93        804       2139          0        105         20
  344     176         52       2360          0        300        472         10
  345      35         26       1192         21        120        234         20
  346      84         66       3127          0        300        434         10
  347      75        130        263          0         60        165         10
  348      81        134       1348         82         60        155         20
  349     182         66       2961        686         60        182         20
  350     109         64       2257       7680         60        153         20
  351      25         72       2345       2128        150        294         20
  352     138         37       3221       1807        330        431         20
  353     115         64       2545          0        150        292         10
  354       8         81        232         34        120        191         20
  355     158         24       8394        614        120        284         20
  356     164        107       3396       1706        120        187         20
  357      40        155        117          0          0        176         10
  358     122        101       1641          0         30        166         10
  359      44        101       1242          0         30        183         10
  360      29        130        127          0        120        295         10
  361      65         57         72       2160        120        253         20
  362     150        108       1173       3114        330        470         20
  363     121         71       2620       5274          0        126         20
  364      62         45       3063          0        120        200         10
  365      46         50        234       4176        120        284         20
  366     102         75       2796          0        210        287         10
  367      70        126        143          0         60        170         10
  368      89         80       6860          0         30        142         10
  369     120        103      13520        261        120        229         20
  370      40        133       1587       5873         60        158         20
  371      79          7       4270       2827        120        280         20
  372     176        113         45          0        120        275         10
  373      41         74         87          0         90        169         10
  374     121         85        191        147        360        438         20
  375      91         12       2290          0          0        134         10
  376     173         97       6144       4815        150        254         20
  377     132         61        202       6386          0        142         20
  378      96         68       1183        233         30        191         20
  379     130         46         72          0        120        263         10
  380      60         13        324          0          0        103         10
  381      12         45       1481       6546          0         80         20
  382     145        114       8961          0        420        494         10
  383     123        124       6744          0        330        442         10
  384      30         43       2209          0        120        293         10
  385      64        137       1077       1708        360        530         20
  386     117         42      12636          0        120        188         10
  387     185         98       3330       1980         60        203         20
  388      27         76       2700          0         60        142         10
  389     162        118       1709          0          0        199         10
  390      46         18       1403          0          0        159         10
  391     129        122       2424          0         60        187         10
  392      20         98       2460         49         30        206         20
  393     166         88       5588          0         30        195         10
  394      22        151       8726          0          0        183         10
  395     173         87       5332          0        300        410         10
  396      55         11        984          0        360        470         10
  397      80         64        414          0          0         99         10
  398      83        141        744          0        150        228         10
  399     116         83        365          0        120        227         10
  400     126         36       2136        234        120        259         20
