400_211

CUSTOMER  VEHICLE
NUMBER	  NUMBER     CAPACITY    DispatchingCost
    400     500          40000       100

CUSTOMER
CUST NO.  XCOORD.   YCOORD.   DDEMAND   PDEMAND   READY TIME  DUE TIME   SERVICE TIME

    0      41         23          0          0          0        960          0
    1     123         72      10147          0        300        412         10
    2     100         84        150          0        180        254         10
    3      57         37         14          0        150        219         10
    4     163         65       2020          0          0        177         10
    5     166         83         90       2569          0        183         20
    6      46         46        105          0        150        275         10
    7     150         79         92        301         60        226         20
    8     149        136       1418       5946        120        280         20
    9      95         90        390       1647        120        235         20
   10      99         37       1069          0          0        100         10
   11     121         81       1570          0         90        223         10
   12      30         45         17       1526        150        277         20
   13     154         76        333       2490         60        226         20
   14     186        106       9756          0        120        221         10
   15     100         65       3415          0          0        128         10
   16      21          7       7043        123          0        161         20
   17      15         10        239          0         30        168         10
   18     131         18      11000        112        120        193         20
   19      87         93       2024          0        150        216         10
   20      96         68       2354          0          0        127         10
   21     169         49       4252          0        300        436         10
   22     106        125       3447          0         60        153         10
   23     106         10       1623          0         30        165         10
   24     107         21        876          0        120        285         10
   25     159         75       7375          0        330        468         10
   26     168        147       1759       3420        120        230         20
   27     186         83       3419       8738         60        216         20
   28      31        101       1764         43        390        459         20
   29     139        104        363       3213        120        213         20
   30      50          1        768        190        120        235         20
   31     103        124        181          0        180        286         10
   32     106         81       5184         42         60        186         20
   33     140         38        155        448         90        262         20
   34     160         74       8312          0         60        171         10
   35     174         54       1034          0        180        264         10
   36     150        140       3400       2503        120        215         20
   37      87          8        240          0        120        260         10
   38      99         45        936      14064        120        198         20
   39     110         21       2830          0          0        110         10
   40      20        145         87          0         90        241         10
   41     193         91       1440       5669        150        225         20
   42      14         34        456          0        120        280         10
   43      33         70         85          0          0        121         10
   44      10         48        395       6125        120        186         20
   45     135         51         64       4551          0        135         20
   46     128         56        200       1556        150        241         20
   47     176         47        333          0         60        190         10
   48     117        100       1616       5146        150        285         20
   49     105        126         36          0        120        200         10
   50     161         95       5649          0         90        199         10
   51      53         65        434         10          0        103         20
   52     164         90      12955       2045        300        399         20
   53      75        126      13578       1422        360        428         20
   54     171         66       1122       7730         30        191         20
   55      37        100       2569          0        120        286         10
   56     164         76       6937       8000         30        189         20
   57      29         24       3492        215        300        427         20
   58     179         72         30         54         60        190         20
   59     131         51       1750          0         90        263         10
   60      76          4       9807       2333        330        431         20
   61      24        100       4040          0        150        250         10
   62       2         17       1772          0         30        156         10
   63      65         82       2552          0         90        170         10
   64     164         45        514          0         30        193         10
   65      53        153         46          0         90        175         10
   66      89         36         11        504          0         79         20
   67     170         65      14449          0         30        177         10
   68      55        104        169       1793         30        190         20
   69     130         44        237          0        120        229         10
   70     122         83        129        346         30        144         20
   71      44        101       1242          0         30        183         10
   72      74        142       2500          0         30        161         10
   73      51         80         62          0        150        227         10
   74      87        139         60          0         90        167         10
   75     162        117       3616          0        210        281         10
   76     145         71       8935       1819        330        466         20
   77      75        130        263          0         60        165         10
   78     118         94        325       1706         60        162         20
   79      32         83       1242       5845        120        219         20
   80      16        118       3419        191        120        232         20
   81     109         75       1710        193         30        155         20
   82      86        140        100       4343          0        176         20
   83      77        153       1501          0         30        174         10
   84     133         37         13       1030          0        146         20
   85      20         21       2489       2006        210        291         20
   86      67         96       1792         81          0        128         20
   87      44         48       1146        110        390        471         20
   88      88        103       3713          0        180        260         10
   89      31         76       1011        179        330        426         20
   90      75         34        661          0          0         72         10
   91     146         40       1068       5200        120        237         20
   92     106         54        218        169        180        243         20
   93      34         63       2827          0        300        400         10
   94     116         75         63       5651         30        135         20
   95      32        100        150       6079        150        220         20
   96     147         22       3151       5907         60        181         20
   97      82        107       2525        182         60        195         20
   98      66         63        418          0        150        221         10
   99      16          6       2550          0          0         86         10
  100     194         94       1959          0        360        456         10
  101      57         94       1829          0         90        233         10
  102     137         37       1924          0          0        147         10
  103     123         59       6700       4619         30        204         20
  104     179         67         70       3422        180        263         20
  105     142        126       1391       1528         60        227         20
  106      81         23      15000          0        330        401         10
  107      56         19       4992       2542          0        140         20
  108      46         18       1403          0          0        159         10
  109      65         12       3769          0          0         80         10
  110     178        101        248          0         60        190         10
  111     169        147         10          0         60        217         10
  112     105         41       2559          0        120        277         10
  113     100         53      13506          0        120        254         10
  114      97        113       1510       3134         60        192         20
  115      66        109       1110          0        180        246         10
  116     103         67       5652       1649          0        125         20
  117     179         61       8000          0         60        197         10
  118      10        116         86       1521         60        226         20
  119      99         64       1879          0         90        176         10
  120     101        117         30        643         60        155         20
  121     140        133       2982      10695         60        203         20
  122      13         38         27       1613         30         98         20
  123     104         91         86          0         60        220         10
  124      85         77        259       1035          0        175         20
  125     151        123       1225          0        120        221         10
  126       3         88      15000          0        120        230         10
  127     157         59         52          0         90        166         10
  128     121         66       7575          0        180        259         10
  129     101         85        237       1403        120        254         20
  130     133         89       1772       7207        390        457         20
  131     139         33      12128       2872        120        282         20
  132     160         66        364        237        300        393         20
  133     116         49       3116       4606         30        172         20
  134     137         49       8190       1015          0        145         20
  135      67        115        280       8547         60        199         20
  136     128        111       2939          0          0        162         10
  137      88         73       2290       7406          0        142         20
  138     134         73       1174       5745         30        143         20
  139      26          9         90        686        120        243         20
  140      77         55        280       1511          0        110         20
  141      36        153        203        144        390        475         20
  142     181         76       6564       2216          0        192         20
  143      34        136         68          0        120        204         10
  144      73         83         28          0          0        139         10
  145     153        148         43      14957         60        217         20
  146      74         85       1824       1068        360        443         20
  147     132         43       7489          0          0        166         10
  148      59         54      11876          0        390        459         10
  149      97         46       1528        525          0         99         20
  150      34        124       9338          0        120        284         10
  151     115         64       2545          0        150        292         10
  152      76         59       1014          0         60        225         10
  153      17         36        298        746        150        250         20
  154     117        145       1686          0        180        294         10
  155     101         20        428       1271        120        184         20
  156     108         29       6317          0        420        527         10
  157     135         29       4413       2159         30        143         20
  158     117         97        345          0         60        189         10
  159       3         94       4474          0        330        402         10
  160     179        114       1724          0         30        220         10
  161      39        156        179       3625          0        176         20
  162      17         89       1542         38        120        289         20
  163      57         70       3068          0        120        217         10
  164      48        129       2502        151          0        169         20
  165     105        152         77       1742        180        292         20
  166      71         19       3406        567          0         66         20
  167      70         72       2362        180          0        108         20
  168     102         67       1641         27         60        152         20
  169      89         56        625       1959          0        116         20
  170      52         10       3033          0        300        425         10
  171      92         70       2000       2991        330        401         20
  172      29         31       1680          0        120        284         10
  173     111         35       2054       2821          0        141         20
  174      34        149       1526       3958         60        216         20
  175      22         15         90          0         30        174         10
  176     120        103      13520        261        120        229         20
  177      23         10        399       2968        360        432         20
  178      60         49       5316          0          0         81         10
  179     104         68         23       1460        120        292         20
  180      74         20        127          0          0         75         10
  181       7         33        300       6210          0        137         20
  182      22        129       4578          0        210        292         10
  183      32         56        182       1771        120        271         20
  184      85         83       6623          0          0        111         10
  185      71        107       3481          0         30        188         10
  186      32         23       2963       2419        300        425         20
  187      76         16         16         49        120        234         20
  188     150         53       3160       1628        120        251         20
  189     113         37         38       1293          0        132         20
  190      41        145        831          0        120        245         10
  191     117         56       7730       2583          0        135         20
  192     108         38       1929       1123        120        204         20
  193      51        114       3536       5974         60        194         20
  194       7        116        147       1749        120        281         20
  195      36        106         73          0         60        140         10
  196      88         41       2209          0        120        216         10
  197      99         74       3110       1521        120        197         20
  198      53        120        132        741         60        159         20
  199     161         63       1848          0         90        223         10
  200      68         73       1260          0        150        261         10
  201     103         95       5044       8107          0        150         20
  202     187         93        703          0        120        225         10
  203     103         56       4371       2547        300        475         20
  204     129        122       2424          0         60        187         10
  205      39         52         90          0          0        107         10
  206      48         54       2908          0          0         67         10
  207      27        127       6599          0        300        414         10
  208      86         86         86          0        180        250         10
  209      62         46       1630       2155        300        397         20
  210      69         24        108        117          0        144         20
  211     160         77       1715          0          0        183         10
  212     150         20       3561          0        120        197         10
  213     110        134         18          0        120        254         10
  214      26        127       4093          0         90        224         10
  215      55         91        348       2453        180        289         20
  216      34         33       6923          0          0         76         10
  217       7         28         13          0         30        187         10
  218     100         85       1769          0         90        199         10
  219      70         46       3340          0        300        461         10
  220      82        131         14          0         60        223         10
  221      29        114      11268          0          0        149         10
  222      29        130       1851       2076         30        160         20
  223     100         73         96          0        150        256         10
  224     170        139       2300          0        180        263         10
  225      20         98       2460         49         30        206         20
  226     160        118       6111       1029         90        224         20
  227      54         96         16          0        120        248         10
  228     146         33       2113          0        150        246         10
  229      74         63        354          0        210        277         10
  230      49         47         31        747          0        101         20
  231     152         87       2636          0         60        186         10
  232      85        102       2066        249         60        202         20
  233      35         23      11040        503        120        281         20
  234      25         72       2345       2128        150        294         20
  235     150        131       1010          0        180        250         10
  236     110         98         56       7374         90        178         20
  237     137        145        199      11844        120        246         20
  238      86         80        437        941         90        230         20
  239      83         99        222          0         30        190         10
  240     120         85       3926          0         30        157         10
  241     126        132       1472        222         60        196         20
  242     170        140       1895       5680        150        222         20
  243      59         48         38         80          0         95         20
  244     122         77        442        345        120        188         20
  245      34        142        432        389          0        171         20
  246      88         72      14867        133        150        244         20
  247      79          7       4270       2827        120        280         20
  248      81          6       4267          0        150        255         10
  249     163        111       1648       5955        120        258         20
  250     135         78      15000          0        300        404         10
  251      78         35       6575          0        120        185         10
  252     143        102       8871       6129        120        259         20
  253      70         55       4856        199        120        229         20
  254      80         64        414          0          0         99         10
  255     152        110       1356          0         90        230         10
  256     132         48        526         24          0        134         20
  257      76         94        866          0         30        131         10
  258      95         38      10533          0        300        398         10
  259      17         18         15        664          0        102         20
  260      41         74         87          0         90        169         10
  261      62         17        162       2237        300        435         20
  262     150         81       1824       1361          0        156         20
  263     121         73         21          0        300        459         10
  264     135         59       1010          0          0        151         10
  265     151         82       1594        107         30        185         20
  266      29        135        888          0        210        287         10
  267     132         93       2419          0         90        231         10
  268     137        103       2176       7889        150        249         20
  269     106         83       5186          0        300        442         10
  270      33        113        106       7832        120        190         20
  271     115        114       1889          0        120        206         10
  272      49        148       1504       1889          0        167         20
  273     192         88       4583       1308        120        231         20
  274     132         69        268        345         30        186         20
  275     109         94      15000          0        300        463         10
  276     167        147       1644       1841        150        216         20
  277      58          2        324          0         30        200         10
  278      64        119        381        180          0        148         20
  279      27        110       4283       4190        390        472         20
  280     163         99        102          0        120        257         10
  281      77        132       1221          0         30        200         10
  282     112         20        189          0        120        281         10
  283      13         26      14853        147        360        463         20
  284      51        101       1613       3528        150        226         20
  285       9        114        525          0         30        190         10
  286     194         97        122          0          0        214         10
  287      21         40         48          0        120        196         10
  288     176         71       2581         20         60        184         20
  289     152        146       1043          0         90        200         10
  290     134        130      15000          0         90        191         10
  291      88         87       9970          0        180        279         10
  292     149         94        165        502        180        259         20
  293     160        117         82        290         30        183         20
  294     158        128         27       1673         60        235         20
  295      83         85        300       4834         90        174         20
  296     103         55       7407        148        120        197         20
  297      45         54       1677          0        120        294         10
  298      80         48        156          0          0        141         10
  299       7        114         82       2419         60        193         20
  300      23        110        406          0        300        412         10
  301     105         68      10387        223        120        288         20
  302      40         67       9378          0          0         95         10
  303     198         93       5805          0        360        531         10
  304      19        124       5553        619          0        135         20
  305     127         53       1804          0        120        225         10
  306     120         33       9977          0        390        496         10
  307      54          2       7666          0         30        110         10
  308     139         66       7243       6474        300        410         20
  309      36         87       9982         43         30        165         20
  310      69         22       7888       3483          0         63         20
  311      85         76       2490       5313        120        185         20
  312      73         89         54          0         90        258         10
  313      93         68       2220          0        120        273         10
  314      41         73         30          0        300        443         10
  315      67         95       1760        192        120        213         20
  316       7         97       4446       3145         90        255         20
  317      81         81       6248       2011          0        134         20
  318      48          5        806       2334          0        142         20
  319     135        136         22        397        120        289         20
  320      16         35       5990          0          0        168         10
  321      40        112      13471          0        120        186         10
  322     118         67       2780          0          0        168         10
  323     121         91        476          0        150        263         10
  324      15         36       1121          0        210        276         10
  325      78          6       6345       6106        120        248         20
  326     194         82       2787       2387         30        203         20
  327      51        115         15       6725         60        187         20
  328      63         90        106         72        150        283         20
  329      37         14        902          0          0         76         10
  330     114         77       2484          0        180        260         10
  331      45         78        146          0         90        165         10
  332      22         91        197          0        180        281         10
  333      83         74       2364          0        120        260         10
  334     135         26       3579       2020         60        186         20
  335      84         85         81          0        120        253         10
  336      55        102         15          0          0        129         10
  337      56        114        226       2021         60        151         20
  338     117         42      12636          0        120        188         10
  339      51         47        233          0          0        102         10
  340      70         51       7914         34        300        437         20
  341     138        128       1884          0         30        182         10
  342      23        118        170          0          0        141         10
  343      91         35       4009         41          0        172         20
  344     113        121        221         44        180        251         20
  345      81        134       1348         82         60        155         20
  346     106         55        309          0          0        165         10
  347      39         48       2016        286        300        401         20
  348      79         16        706       6211        360        441         20
  349     150         67        227          0          0        155         10
  350     100         19       9275       4376        420        523         20
  351      58         86         21       9756        150        289         20
  352      67         61         30          0          0        127         10
  353      64         12       2020          0          0         84         10
  354      31        107        326       1156         30        201         20
  355     134         33        760          0        360        429         10
  356      33         64       1687       1516        120        268         20
  357     132        144       4836        131        300        401         20
  358      25        117       5161       1943        330        486         20
  359      89         60       1136          0        420        513         10
  360       2         22       6503          0          0        136         10
  361     160        108         90        124         30        191         20
  362      87         69        696       8189        150        256         20
  363      75         90       5745          0        150        217         10
  364      37         15      15000          0          0         77         10
  365      86         81       2042          0        300        442         10
  366     141         45       1895          0        120        261         10
  367      57        145      13910          0         60        190         10
  368     162        118       2536          0        120        284         10
  369     113         64        311          0        150        291         10
  370     122         66       7045        313         90        224         20
  371     156         67       9316       1976         60        164         20
  372     143         66         95       1872         60        148         20
  373      83        141        744          0        150        228         10
  374     126         73       5113          0         30        168         10
  375      51        150       1346       4497         90        249         20
  376     133        142       3803          0         60        185         10
  377     116         85        152          0         60        141         10
  378      62         56         40        248        120        258         20
  379       5        113       1464      10147         90        248         20
  380      33        131       2198        336        150        232         20
  381     149         34       3794          0        360        424         10
  382     170         82       4985          0        120        219         10
  383      82         92        564          0         60        228         10
  384     174         93        530       5280         90        188         20
  385      90         16       8545       2763        330        491         20
  386     146         56        260          0         30        161         10
  387     186         73         74          0         60        190         10
  388     147        113       1183        841        300        440         20
  389     101         55       4728          0        420        528         10
  390      21         98       3613       6345        120        220         20
  391      28        120       8107          0         60        174         10
  392     197         70       7034          0        210        296         10
  393      61         30         40          0        120        292         10
  394     185         56        943       2538        300        477         20
  395     120        109         22       1769         60        170         20
  396      10         44       9023       1791        390        461         20
  397      27         46        210         59        120        204         20
  398     111         67      14177        823        120        256         20
  399      52         92        577          0        180        285         10
  400     173         97        683          0        180        293         10
