400_219

CUSTOMER  VEHICLE
NUMBER	  NUMBER     CAPACITY    DispatchingCost
    400     500          40000       100

CUSTOMER
CUST NO.  XCOORD.   YCOORD.   DDEMAND   PDEMAND   READY TIME  DUE TIME   SERVICE TIME

    0      41         23          0          0          0        960          0
    1      92         61       1511          0        120        257         10
    2     177         48        264          0        120        283         10
    3     121         91      14100        900        180        286         20
    4      57         91        197       3956        390        532         20
    5       6         49       4040          0        120        231         10
    6     198         67       1886          0         30        195         10
    7     117         79       4099        671        330        475         20
    8     187         54       3502          0          0        189         10
    9     182        107         65        399          0        206         20
   10      70        126        143          0         60        170         10
   11     155         27       3282          0         30        205         10
   12     108         46         98          0        120        202         10
   13     148         94      12593       2407        150        227         20
   14      90        102       3642          0        390        518         10
   15      78         84       1819         76         90        260         20
   16     100         53        137       1460          0        110         20
   17     130        148       1672          0        150        233         10
   18     116         65       2686         62          0        140         20
   19      47        129       1464         56         30        161         20
   20     135         26       3579       2020         60        186         20
   21      49        131       1598          0        120        186         10
   22      51         98       5190       6318        180        266         20
   23     168        139       3851          0        120        259         10
   24      33         20       2257       6831          0         69         20
   25     111         85       2903          0        120        279         10
   26      81         56        315          0        120        199         10
   27     197         58       2012          0          0        192         10
   28      77          6        503          0        120        228         10
   29      28         45       7004          0         30        130         10
   30      28         14        537          0        120        194         10
   31      20         78       3380      11620         90        171         20
   32      54         40         95          0        120        220         10
   33      30         54       1177        525        120        290         20
   34      86         77        357        986        180        260         20
   35     126        132       1749       1716         60        228         20
   36      80         64        665         95          0         97         20
   37      23        118        170          0          0        141         10
   38     141         58       2693      10925         30        158         20
   39     100        101        290          0         90        253         10
   40     131        123        786       5873         30        190         20
   41     193         92       2155       4270          0        207         20
   42     122        109       1098       3238        180        286         20
   43      76         16         16         49        120        234         20
   44      17        119        170       2379        150        279         20
   45      99         45        936      14064        120        198         20
   46      40        155        128         35        180        254         20
   47     178        101         14          0        180        250         10
   48     162        118       1841          0        180        255         10
   49      39         96        594          0        390        498         10
   50     120        129       2763          0        180        256         10
   51      13         84        171       3282        360        473         20
   52      45         49        112          0        120        275         10
   53       0          8       2947         34        180        294         20
   54      35          8       1992       2702        120        286         20
   55     137         37       2291          0          0        132         10
   56      49         88       1526       1790         90        228         20
   57      70         72       2975          0        120        253         10
   58     127         93       3480        233        180        254         20
   59      62         76       3624        766        150        236         20
   60      79        122       2645          0         60        220         10
   61     131         18       2262          0         30        158         10
   62      35        150        232          0         90        206         10
   63     160        131         29          0        180        290         10
   64      29         24       3492        215        300        427         20
   65     101         55       4728          0        420        528         10
   66      57         70       1258       2997        360        467         20
   67      93         50        710      14290          0         98         20
   68     131         44        310          0        120        188         10
   69      90         74       1490          0          0        111         10
   70      91         35        111          0          0        115         10
   71      21         78       3399          0         60        163         10
   72      10         15       1552          0          0        100         10
   73      28         10        181        583        120        276         20
   74      32         56        182       1771        120        271         20
   75      95         84       3947          0        210        271         10
   76     100         67       6851         56         30        135         20
   77     113        121       2180       2542         30        172         20
   78     105         68        177        145         30        143         20
   79     192         88         85          0        180        287         10
   80     198         86        192          0         60        212         10
   81     181         68       1149          0         90        185         10
   82     132         43       7489          0          0        166         10
   83       7        117        610        100         60        189         20
   84     121         71       2620       5274          0        126         20
   85     123         52        138          0        210        273         10
   86     163         77       6210       1909        210        272         20
   87      69         22       7888       3483          0         63         20
   88     192         92       5136          0        120        296         10
   89     164         70       1545          0        120        195         10
   90      47         96        920          0        210        283         10
   91      13         12       2221       2094          0         93         20
   92      88         67       3417        697        390        526         20
   93     119         64      13401          0        360        459         10
   94     144         34       2376       1927        360        436         20
   95      63         62        200          0        300        405         10
   96      52         61       1464       1944          0        101         20
   97     158         75       5351       9649        390        455         20
   98      22        149       4211          0        450        521         10
   99      54        130       4493        879        180        286         20
  100     148         32      10754       1881         30        164         20
  101     127         37         54         92         30        159         20
  102     102         27       6474       2134          0         95         20
  103      85        128       6740       2399        120        299         20
  104     132         27        922          0          0        140         10
  105      42        107         23       3646         90        236         20
  106     149         34       3794          0        360        424         10
  107     112         37       4280          0          0        140         10
  108     169         49       5959          0        180        287         10
  109      86        140       9337         12        150        278         20
  110      68          2         26        174          0        145         20
  111     177        112        280        193          0        200         20
  112      28         75        589          0        390        496         10
  113     149        136       1418       5946        120        280         20
  114      53         78        416       1636        420        493         20
  115     146         56        260          0         30        161         10
  116      77         63         68       4814         60        167         20
  117      36        106        805       1798        120        231         20
  118      31        128        343          0        150        251         10
  119      27         73       2173          0          0        100         10
  120      82         85       2110          0         90        197         10
  121     176        126       5559          0          0        216         10
  122      68         73       4524       5873        120        191         20
  123      80         46        735        107          0        168         20
  124      95         38        433          0          0        100         10
  125     131         89         49          0        120        184         10
  126      61         30         40          0        120        292         10
  127     155         74       1604       7172        180        274         20
  128     176        111       1654          0         90        220         10
  129     106         68       1741       8171        150        275         20
  130      34         79       1777       1839        300        412         20
  131      66        109       4511          0        420        525         10
  132     143         87       1059          0        120        296         10
  133     116         43       3860          0        120        198         10
  134      52        130       1940       1003         60        164         20
  135      87        130         12          0         30        164         10
  136     109         51       1301        299        300        459         20
  137      86         86         86          0        180        250         10
  138      19         90        912          0        180        252         10
  139     105         81       1985        894        180        249         20
  140      70         51       7914         34        300        437         20
  141       3         94       8935         24         30        143         20
  142      26        126        248       2684        120        237         20
  143      41         79        367        539        120        283         20
  144      46         50        234       4176        120        284         20
  145      29        130        127          0        120        295         10
  146      60        148       1697       5044         30        189         20
  147      67         61        352          0        120        289         10
  148      64         54       8731          0        300        438         10
  149     186         72       2562          0        450        526         10
  150     100         85       1769          0         90        199         10
  151     169        111       1118       3641        120        248         20
  152      43         16        992       1009        120        292         20
  153      92         35       2586       1748        120        229         20
  154      59         14       5199       2975        120        282         20
  155      97         46       1528        525          0         99         20
  156     146        129       4764       1829         90        203         20
  157     106         54        218        169        180        243         20
  158       0         90       7975       4343        360        506         20
  159     155         35         90         20         60        165         20
  160      92         88         12          0        150        254         10
  161     143        112       2682        236        360        469         20
  162      45         86       3936       3369         30        202         20
  163      49         47         31        747          0        101         20
  164     106        143       1942          0         60        181         10
  165     140        125       4694       8547        300        431         20
  166      39        139        147         13          0        163         20
  167      17         36        298        746        150        250         20
  168      11         17        198       1008         30        133         20
  169      16         62         77       8312        120        241         20
  170     122        128       3545       1686        300        399         20
  171      93         94        631       7181         60        138         20
  172      75         55       2917        363        120        281         20
  173      35        109       2377          0        120        202         10
  174     123         59       6700       4619         30        204         20
  175     151        143        783         35        150        291         20
  176     102         87         11        383        150        245         20
  177      85        135        377          0        120        220         10
  178      85         77        259       1035          0        175         20
  179     139        104       1682          0        300        407         10
  180      84         66        450          0        180        273         10
  181     162        117       2284          0         60        219         10
  182     131         32       5051        306          0        134         20
  183      61         31       3879         69        120        288         20
  184      60        134         15          0        120        190         10
  185     131        104       1858          0        150        263         10
  186      46         46         22      11398        120        216         20
  187     163        118       2063       4998         60        186         20
  188      83        141       1653          0        150        252         10
  189      59         54      11876          0        390        459         10
  190     170         36       1810         20         60        184         20
  191      58         21       1892          0          0        135         10
  192     119         33       1577       2214        120        277         20
  193     106         55       4592          0        120        293         10
  194      34        127       5945          0        120        254         10
  195     151        120       2582          0        300        443         10
  196     148        116       3610          0        300        445         10
  197      52         10         94         97        120        287         20
  198      18        126       1733          0         90        260         10
  199      44         71       3765         96        150        249         20
  200      48          5       1638       4183        450        526         20
  201     103         96        112       9040        150        289         20
  202      50        123        657          0        150        296         10
  203      56        114        226       2021         60        151         20
  204      10         44       9023       1791        390        461         20
  205     193         91       2004          0          0        211         10
  206     146         88      10696          0         30        163         10
  207     120         85       3926          0         30        157         10
  208      34        136       6807        100          0        156         20
  209     148         92      15000          0        120        186         10
  210      29        110         55        432         60        199         20
  211      73        157        383          0        300        456         10
  212      36         20        110        718          0        176         20
  213      56         49         44          0          0         94         10
  214     164         76       6937       8000         30        189         20
  215      42        125       1889          0        120        194         10
  216      65        148       4849          0        300        405         10
  217     101         85       1006          0        120        188         10
  218      90        119       1869       9807        360        431         20
  219     102        100       1673          0        120        249         10
  220      47        125       4866       6351         30        156         20
  221      72         39        586         23          0        140         20
  222      65         86         98          0        150        229         10
  223     112         20        189          0        120        281         10
  224      42         23       1844       1205        120        218         20
  225     168         96       2000        101          0        192         20
  226      92         52       2272         40        120        236         20
  227      25        155       3138          0        120        252         10
  228      25         52       5079       2017        180        287         20
  229     104         68         23       1460        120        292         20
  230     100         78        126          0        120        193         10
  231     150         20       3561          0        120        197         10
  232      98         46      15000          0        120        277         10
  233      29         81       1158          0         30        160         10
  234     141        103         49       1836          0        171         20
  235     106         10       1623          0         30        165         10
  236     120        109         22       1769         60        170         20
  237     172        113       2392          0         30        196         10
  238     113         64        311          0        150        291         10
  239      88        127       4289          0         30        203         10
  240      81          8       1604          0          0        135         10
  241     157         96        237          0         60        181         10
  242       4         16       2745      12255        150        230         20
  243     146        141         94       2659         60        199         20
  244     106         96        379       2490         90        198         20
  245      60         79       4537       1655        300        430         20
  246     158        142        156        107          0        211         20
  247     139        107        481          0        120        230         10
  248      21         23       4100       1571          0        108         20
  249     140        104         98          0         90        171         10
  250      86         76        236        288         90        231         20
  251      35         97        196          0         90        170         10
  252     191         97       4636          0          0        204         10
  253     109         94      15000          0        300        463         10
  254     173         97        683          0        180        293         10
  255      67         39         15          0          0         95         10
  256      38         68      15000          0        120        255         10
  257      65         82       2587        500        120        188         20
  258      83         85       4875          0         30        133         10
  259      96         86       4827          9        120        256         20
  260      46         52        105          0          0        172         10
  261      46        116        290          0        180        280         10
  262       3         90       6679       2977          0        141         20
  263     169         35       1862        106          0        162         20
  264     122        146        344        287        300        451         20
  265     126        133       1838          0        330        431         10
  266     111         35       4771       2527        360        476         20
  267     122         30       1750         48        120        247         20
  268      69         21       2988         37        120        196         20
  269      74        121        458          0         60        167         10
  270      74         93        290          0          0        111         10
  271     111         67       3489        829        120        236         20
  272     163        140       3726          0        120        251         10
  273      42         14       1514          0          0        159         10
  274      97         86       4135      10865          0        154         20
  275      56        103        362         37          0        132         20
  276     179         67        382       1583         60        193         20
  277     167         94        888       5693          0        185         20
  278      62         17        162       2237        300        435         20
  279      89         57        445          0        120        277         10
  280     152        110       6086         34        180        248         20
  281     130        122       4586       1802        360        521         20
  282      61        103       2360       8296        180        274         20
  283     194         65         76          0        180        284         10
  284      18         11        335          0          0        109         10
  285     105         62       2193          0        150        234         10
  286     112        136      14399        334        390        523         20
  287      28        120       8107          0         60        174         10
  288     117         97       9680          0        360        462         10
  289      34         33         57          0         30        165         10
  290      91         95       1257       6161         30        123         20
  291     113         48       5758          0          0        122         10
  292     116         94        181          0        120        203         10
  293     160         33       2819          0        420        533         10
  294      60        122        249       3793         60        219         20
  295     179         61        227      14773         30        185         20
  296      30         42       1110          0        120        220         10
  297     127        133        733          0          0        181         10
  298       5        113         74          0         60        130         10
  299     179         72         30         54         60        190         20
  300      66        119       1551          0        150        227         10
  301      81         18      11287       2416        120        228         20
  302     153         27        132       1985        120        191         20
  303     121         49       3096        618        150        220         20
  304      74        142       2500          0         30        161         10
  305      83         74       2364          0        120        260         10
  306      93         68        831         85        150        222         20
  307      69        134       1305          0        180        259         10
  308      31         40       1222          0          0        143         10
  309       7         32         33       3879        120        195         20
  310      71        130        142          0        120        235         10
  311     130         46       1352       1010        180        275         20
  312      69         24       3371          0          0        172         10
  313      82         99       1432       2939        120        207         20
  314      77        120         22          0         90        230         10
  315     142        124        720         23        120        254         20
  316      78         98        462       2331         90        237         20
  317      36         72       2498        527        300        437         20
  318      58         86       1700         43        120        201         20
  319     138         37      14957         43        120        277         20
  320      12         98      14989         11        330        433         20
  321      57         94        752          0         90        164         10
  322      24         59       3281          0        120        220         10
  323     109         29        608       3418        120        223         20
  324      23         93       3399          0         60        129         10
  325     140        133       2253          0         60        196         10
  326     146        132       4255          0         60        217         10
  327      99        113        202          0          0        153         10
  328      92        120        250          0         30        162         10
  329     169         76         21          0         30        185         10
  330     164        107       3396       1706        120        187         20
  331      66        152       3277         72          0        161         20
  332     173         87       5332          0        300        410         10
  333      85         76      13438          0        300        434         10
  334      39         27       6210          0        120        192         10
  335      68         21       3467          0        120        254         10
  336     188         83      14970         30         30        210         20
  337     189         85       1869       1825          0        199         20
  338     154         38        139          0         90        257         10
  339     181         42        294          0         60        204         10
  340     198         93       5274          0         60        215         10
  341      21         41       7170          0          0        102         10
  342     187         93      13543       1457        300        436         20
  343      35         26       1192         21        120        234         20
  344      34         98        474         23         60        133         20
  345      64         12       1443          0          0        143         10
  346     169         82        150         17        120        225         20
  347      65         88        745        299        150        232         20
  348     128         97        756       7047        330        403         20
  349      12         30       6037       8963          0        103         20
  350     135         29       2789       1610         30        155         20
  351      96         79       3055          0         30        208         10
  352     119         11       1680          0          0        131         10
  353      60         37         58      14448          0         65         20
  354       7        114       1255          0         60        173         10
  355      77         42        512          0        120        271         10
  356      15          3        401         98        120        222         20
  357      67         87       1522        122        120        225         20
  358     111         54         13        436          0        168         20
  359     167         47       2384          0         60        205         10
  360     176         71       2484          0        120        274         10
  361      88         54       1037       7180          0        101         20
  362      20        116        977        107        150        222         20
  363     151         77      13526       1474        120        190         20
  364      80          5         37          0        120        287         10
  365      31          4       2093          0        120        275         10
  366     110         49      13648          0          0        111         10
  367      54          2        181         31          0        110         20
  368     178        117       2568          0          0        209         10
  369      64        132        137          0         60        224         10
  370      43        122         40          0         90        165         10
  371      76         31        206      14794          0        166         20
  372      99        108       6709          0          0        142         10
  373      98         10        165          0          0        133         10
  374     150        108       1173       3114        330        470         20
  375      22        129       4578          0        210        292         10
  376      54        104        126        152        120        258         20
  377      23        110        406          0        300        412         10
  378      13         26      14853        147        360        463         20
  379      31        142       5368       2559        390        470         20
  380     195         59        736          0         60        200         10
  381      57        145      13910          0         60        190         10
  382      20         39         60        108          0        106         20
  383      32        112       1555       1924        120        220         20
  384      94        118       2191          0        180        250         10
  385      70         55       3033       1094          0        112         20
  386      83         64        259         54          0         95         20
  387     114         80        646          0        150        224         10
  388      24        114        503          0        300        405         10
  389      84         85         81          0        120        253         10
  390     196         74       3743          0        210        292         10
  391     186        106       9756          0        120        221         10
  392      78          7       1618          0         30        115         10
  393     107         63        800       1174         90        243         20
  394      53         57        538         68          0         75         20
  395      95         91       1841       1378          0        166         20
  396     132         93       2419          0         90        231         10
  397      81         23      15000          0        330        401         10
  398      99         80       8000          0          0        164         10
  399      38         32       1886          0        420        520         10
  400       5         20       1230       6346        120        212         20
