400_28

CUSTOMER  VEHICLE
NUMBER	  NUMBER     CAPACITY    DispatchingCost
    400     500          40000       100

CUSTOMER
CUST NO.  XCOORD.   YCOORD.   DDEMAND   PDEMAND   READY TIME  DUE TIME   SERVICE TIME

    0      41         23          0          0          0        960          0
    1      71        107       3481          0         30        188         10
    2     121         66       7575          0        180        259         10
    3      72         92       2616        234          0        161         20
    4     100         23        584          0        120        222         10
    5      97         68       2799          0        120        211         10
    6     132         69        268        345         30        186         20
    7       7         18         66         20        150        265         20
    8     178        117       2568          0          0        209         10
    9     171         80      14914         86        120        198         20
   10     100         14        396          0        120        255         10
   11      43        136      12933          0        390        500         10
   12      36         72       2498        527        300        437         20
   13     155         88        274          0        120        268         10
   14      94         69        107          0        150        254         10
   15     132         61        202       6386          0        142         20
   16      63         20         81          0         30        101         10
   17      45         86       2250          0        330        433         10
   18      74        140        108          0        150        277         10
   19     182         66      10279          0        150        225         10
   20      80         11      15000          0          0         73         10
   21      82          7        160       5421        360        526         20
   22     106         55       4592          0        120        293         10
   23     123         53        829       9903        180        246         20
   24      51         98        407       8859          0        107         20
   25     151         77      13526       1474        120        190         20
   26     132        144       2415       2478        120        266         20
   27      86         52       1157          0         90        251         10
   28     183         79       2944         36        120        287         20
   29      67         39         15          0          0         95         10
   30     137         49       5760          0        450        529         10
   31      74         20        127          0          0         75         10
   32     143         31         67          0        210        278         10
   33      12         15       1272          0         90        189         10
   34     154         39       2164          0          0        164         10
   35     103         95         75      10994         90        222         20
   36      53         61       7335        178          0         76         20
   37      28        101        540       1706         90        248         20
   38      66        136       1576        686         60        191         20
   39     163        118       1518        345        150        220         20
   40      85         58       7139          0         60        223         10
   41      61         31       3879         69        120        288         20
   42      33         64       1687       1516        120        268         20
   43      88        127       4289          0         30        203         10
   44     157         96        237          0         60        181         10
   45     181         76       6564       2216          0        192         20
   46     142        124        720         23        120        254         20
   47      57        144       1183       1365        390        517         20
   48      17         18         15        664          0        102         20
   49      31          7       1702         87        120        292         20
   50     120        117       2765          0         30        158         10
   51     137         37       2291          0          0        132         10
   52     155         55        452       9990         30        184         20
   53      81         11       1757          0        330        456         10
   54      81         18      11287       2416        120        228         20
   55      17         36        524          0          0        104         10
   56      83         79       1076          0        120        243         10
   57     142         35       6869          0        150        294         10
   58      81        134       1348         82         60        155         20
   59     121         81       1570          0         90        223         10
   60     161         95        238         61        120        215         20
   61      48        154         21        455         90        217         20
   62     175         51       9905        298        300        435         20
   63      31        101       5872          0        120        217         10
   64     158        142        156        107          0        211         20
   65      48        129       2502        151          0        169         20
   66     129         89         81         14         30        162         20
   67     178         62       1822          0        390        529         10
   68      28        139         28          0         60        168         10
   69      97         58      13022       1978        330        415         20
   70      25         52       2409          0        120        276         10
   71      56         10        115       1992          0        135         20
   72      16         10       2501          0        330        477         10
   73      86        135      15000          0          0        164         10
   74      71        100       5973          0         30        121         10
   75     185        103       2736       5906        210        287         20
   76      93         94       1154        595         60        127         20
   77      28         14       1745       1926        120        265         20
   78     105         68        177        145         30        143         20
   79      74         93        290          0          0        111         10
   80      95         68        202          0          0        164         10
   81      99         37       1069          0          0        100         10
   82     164        107         48          0        180        280         10
   83     186         72       2562          0        450        526         10
   84      93         68       2493          0         30        147         10
   85      28         34      13589          0          0        135         10
   86     105         81       1985        894        180        249         20
   87     143        112       2682        236        360        469         20
   88      57         70       3068          0        120        217         10
   89     173         85       2160          0        120        229         10
   90      78         74        443          0         60        140         10
   91     122         34       2224          0        120        223         10
   92     120         97         25          0         60        171         10
   93     130         59        339       1307        180        294         20
   94     125        103        101       1261         90        233         20
   95      51         80         62          0        150        227         10
   96       8         11       1860        996         60        162         20
   97      49         43       6547          0          0         81         10
   98     114         77         11        615         30        170         20
   99      80        113       2250       2029         60        191         20
  100     148        126       1719          0          0        199         10
  101     142         91       6861          0         90        256         10
  102      98        116       1524      11435        120        224         20
  103     120        129        100       8516        210        289         20
  104      42        125       1366          0        390        531         10
  105      79        130       3610          0         90        248         10
  106     102         47       4076          0        120        199         10
  107      65         12       3769          0          0         80         10
  108      22        129       1601       1207        120        250         20
  109     162        117       2284          0         60        219         10
  110      73         43         75       1067        120        284         20
  111      51         47        233          0          0        102         10
  112     129         75        220          0        330        427         10
  113     151        143         28          0         60        195         10
  114     134        122        950          0        120        295         10
  115     153        134        116       1745         90        221         20
  116     119         64      13401          0        360        459         10
  117     104         91       5658          0         90        225         10
  118      73         55         20      11550        120        292         20
  119     108         46         98          0        120        202         10
  120      53         45       1570          0          0        107         10
  121     117         63      11844          0        150        284         10
  122      28        120       8107          0         60        174         10
  123      99         74       3110       1521        120        197         20
  124      12         30        303          0        150        227         10
  125      92         52       2272         40        120        236         20
  126      70        125       1563        238         90        172         20
  127      67         80        420          0        150        258         10
  128      98         69       1568          0        120        256         10
  129      55         11        984          0        360        470         10
  130     111         25       1110          0        120        236         10
  131      96         87       1842        147        450        527         20
  132     126         36       2136        234        120        259         20
  133     142        102       3349          0        450        528         10
  134      73        113        524       3301        180        286         20
  135      41         70        684          0          0        172         10
  136      41         73        120          0         30        163         10
  137     183         60       1659          0        210        281         10
  138      86         77       1708        227        330        399         20
  139      73         89       1815       1071        210        282         20
  140      47        137        248        413        150        245         20
  141      45        126         61          0          0        154         10
  142      54        104        194      14806        120        186         20
  143     174        119       2449       2204        120        215         20
  144     120        149       3823       1756        300        392         20
  145      52         63       3542          0          0         77         10
  146      44         71       3765         96        150        249         20
  147     183        102       2558        334        120        228         20
  148      42         52       1802          0          0        145         10
  149      25        114       1651          0        150        221         10
  150     152         87       2636          0         60        186         10
  151     140         94        300          0          0        162         10
  152     162        118       2536          0        120        284         10
  153      90         73        264        575         30        147         20
  154     190         58        154       2544         30        204         20
  155     133        123      11040         38        120        225         20
  156     168         75       7179       1173         90        236         20
  157     132         62       4261          0          0        136         10
  158      30        106       5649       9351         30        124         20
  159      16        122        679          0        150        261         10
  160     154        131       5120          0          0        201         10
  161      26        127       4093          0         90        224         10
  162     130        122       9733          0        150        257         10
  163     169         76       4559         30        150        249         20
  164      68         95       1511          0          0        119         10
  165     186        106       9756          0        120        221         10
  166      62         45       1457       1225        300        410         20
  167     168        139       3851          0        120        259         10
  168      81          6       4267          0        150        255         10
  169      65        100       1999       2382         60        161         20
  170      86        140       9337         12        150        278         20
  171     169        147       1975       1611         60        223         20
  172      52         61         60          0          0        111         10
  173     102        100      13923          0         60        133         10
  174      15         37         90       6257        180        253         20
  175     168        147       1759       3420        120        230         20
  176      78         98        462       2331         90        237         20
  177     129         71       1103          0        360        501         10
  178      21          7       7043        123          0        161         20
  179     178        101        248          0         60        190         10
  180     101        120       1250          0        360        469         10
  181      81         56        315          0        120        199         10
  182     142        131       1682          0        120        180         10
  183     177        110         48          0         90        253         10
  184      33         70         85          0          0        121         10
  185     142        136       8188        204         60        190         20
  186      87        139         60          0         90        167         10
  187      58         21       1892          0          0        135         10
  188      21         40         48          0        120        196         10
  189      34         63       2827          0        300        400         10
  190      20         39       2089       5003        150        253         20
  191      22        151        380          0         60        177         10
  192      18         29       2400         69        120        230         20
  193      31         40       6651       4849        150        222         20
  194     127        105       2583          0         90        247         10
  195      98         53       1297          0          0        172         10
  196      47         62        621       3243        120        279         20
  197     142         19       5356          0        330        423         10
  198      80        139        255          0         90        196         10
  199     127         93       3266          0         30        163         10
  200      91         35       4009         41          0        172         20
  201      79        119        519        759         60        165         20
  202      57         37       1885      13115          0        114         20
  203      51        114       1974       1723        300        401         20
  204      13         84        171       3282        360        473         20
  205      28         75        589          0        390        496         10
  206      16         62         77       8312        120        241         20
  207      82         56       2214          0          0         86         10
  208      81          8       1604          0          0        135         10
  209      77        132       1221          0         30        200         10
  210      28         81       4605          0          0        105         10
  211     112         74        350          0         60        182         10
  212     181         68       1149          0         90        185         10
  213     138         37       3221       1807        330        431         20
  214     106         59        129        287        150        220         20
  215     120        116        786          0         90        184         10
  216     118         94       3792          0        120        202         10
  217     148         32      10754       1881         30        164         20
  218     117        152        102       6373        210        283         20
  219      35          8       1992       2702        120        286         20
  220       7        114         82       2419         60        193         20
  221      73         81         86        312        150        293         20
  222      50         93        804       2139          0        105         20
  223     162        146       2028          0        120        228         10
  224      29         24       3492        215        300        427         20
  225     104        109       1628        251        180        294         20
  226     121        129       1783          0        420        536         10
  227      65         57       1104          0          0         75         10
  228     164         85       1673          0         90        219         10
  229      30         45         17       1526        150        277         20
  230      23        102        617       2432        390        464         20
  231     127         52        301          0         30        156         10
  232      97         36       9156       2225          0        165         20
  233      75         34        661          0          0         72         10
  234     117         79       4099        671        330        475         20
  235     128         72      13201       1799        210        287         20
  236      55        102       1082          0         30        173         10
  237      30         42      11298          0        150        212         10
  238     198         86       2360       2542         30        214         20
  239      41        145        831          0        120        245         10
  240      32         43       3449          0        120        261         10
  241      62         56         21          0          0        155         10
  242      90         16       1667       4478         30        198         20
  243      66         71       7810       7190          0        103         20
  244      56         49         44          0          0         94         10
  245      60         43       2267       1205        120        255         20
  246      31        128        343          0        150        251         10
  247     157         59        447          0          0        170         10
  248      39        139        147         13          0        163         20
  249     160         92        750       2077         60        218         20
  250      29        108        306       1816        180        277         20
  251     136         69       1344        232        330        472         20
  252      76         94         44       1776         60        198         20
  253     131        104         65          0         30        166         10
  254     118         67        576          0         60        167         10
  255     123         59       1081          0        390        528         10
  256     149         80        984          0         90        235         10
  257      30        117       1507          0         60        160         10
  258     128         56       2475          0         90        243         10
  259     160        117         82        290         30        183         20
  260      22        146       1463       3399        120        285         20
  261     115        114       1889          0        120        206         10
  262     148         94      12593       2407        150        227         20
  263      69         90       1998          0         30        196         10
  264     141         58       4199       2130        360        473         20
  265     132        136       5071          0        360        528         10
  266     138        146       1104          0         60        195         10
  267      68         86       1828          0        120        194         10
  268     141         45       1895          0        120        261         10
  269     116         65       2686         62          0        140         20
  270     130        148       1951          0        330        432         10
  271      83         99         78          0         30        137         10
  272     142         31       1380          0         60        168         10
  273     160        118         65       1669         60        227         20
  274     126        132       1472        222         60        196         20
  275     152        110       1356          0         90        230         10
  276     168         49       2348      12652         90        168         20
  277       7         33        300       6210          0        137         20
  278     194         82       2787       2387         30        203         20
  279     161         87       2738          0        120        226         10
  280      91         95       1931        924         30        144         20
  281     117        145       1686          0        180        294         10
  282      57         94       1994          0        390        490         10
  283     140         66         72        298          0        154         20
  284      73         96       1678       2545        180        255         20
  285     139         70       1661          0        150        255         10
  286      98         46        101      14899          0         92         20
  287     197         87         32        127         60        203         20
  288      93        152        603      14397         90        182         20
  289      95         82        699          0        120        187         10
  290     111         54         13        436          0        168         20
  291      88         63       5628          0        300        404         10
  292      19         90        912          0        180        252         10
  293      10         51        117          0        150        296         10
  294     104         81       4870        938         90        260         20
  295      65         74       1081       6938        150        218         20
  296     148         30       5837       1870         90        163         20
  297     173         87       5332          0        300        410         10
  298      96        118        111          0         30        172         10
  299      82         85       2110          0         90        197         10
  300     186         83       3419       8738         60        216         20
  301     175        124         14        181        120        215         20
  302      87         93        784          0        150        294         10
  303      84         75         36       4537        360        525         20
  304     181         73      15000          0        120        257         10
  305      63        150         15       1030        330        403         20
  306     135         26       2810       1097        390        452         20
  307      90         83       2995          0         60        163         10
  308      41         23          0          0          0        960          0
  309     139         66       1790          0        150        219         10
  310       8         10         42       8254        150        292         20
  311      32        112       1854          0        120        208         10
  312      19        124       5553        619          0        135         20
  313      33        113       1782         96        210        285         20
  314      63         90        106         72        150        283         20
  315     155         74        180          0          0        170         10
  316     154         31        879        338        120        246         20
  317      30         43         37          0        120        253         10
  318      40         86       6622       8378        450        525         20
  319     174         54       2139          0          0        172         10
  320     148        116       3610          0        300        445         10
  321     173         43       2819          0         90        172         10
  322      78         43       1788          0        420        504         10
  323      31          4       2093          0        120        275         10
  324     111         87         10       1976        180        263         20
  325     111         85       3239         34        120        268         20
  326      50         80        673       1629        300        404         20
  327      89         60       1136          0        420        513         10
  328     134         33        760          0        360        429         10
  329     140         38        393       2089          0        150         20
  330      34        136         68          0        120        204         10
  331      52         92       3688          0        150        259         10
  332     179         48        908        433          0        183         20
  333     142        126        968         17         30        179         20
  334       0          8       2947         34        180        294         20
  335      78          6       2902       1882        120        196         20
  336      42         14       1514          0          0        159         10
  337      86         80        127        211         30        172         20
  338      78         17       2692        337        390        461         20
  339      69         21         28          0        150        280         10
  340      59         48       8964          0        120        190         10
  341      18         22        690        281        150        232         20
  342      69         92       2542          0        120        291         10
  343       8         81        232         34        120        191         20
  344      35        124       6109        251          0        146         20
  345     101        117       2024         28          0        151         20
  346      79          7       2256          0        120        196         10
  347      27         84       1142       3496          0        125         20
  348      34         79       1777       1839        300        412         20
  349      99         57        146         58          0        141         20
  350     115         96       3288          0        150        214         10
  351      97         86        559          0         30        147         10
  352      52        152       1744          0        120        206         10
  353     117        100       6469       8004          0        157         20
  354      39          4       6177        873        330        456         20
  355     115         61        170          0         60        190         10
  356      16        118       3419        191        120        232         20
  357     160        136       1923          0        360        466         10
  358      54          2        181         31          0        110         20
  359      88         67         86          0          0         98         10
  360      77          6        503          0        120        228         10
  361     122        146        344        287        300        451         20
  362     121         45       2293       7629         90        167         20
  363      25         47        468       1890        120        235         20
  364      87         63       4966       2305        300        432         20
  365     114         56       8362          0         30        201         10
  366      73         91       7911        860        450        526         20
  367      10         48        395       6125        120        186         20
  368      77         63         68       4814         60        167         20
  369      69         22       7888       3483          0         63         20
  370     177         47       2378        271        450        516         20
  371     173         62        205       1859        120        264         20
  372      30         54       1318          0          0        134         10
  373      41         79       1984       2822         90        197         20
  374     167         35      11558       3442        150        218         20
  375     122         66       2433          0          0        148         10
  376      13        119       2319          0         60        227         10
  377      86         76        670          0          0        120         10
  378     112         75         24       2024          0        129         20
  379     148         23       5155          0        450        515         10
  380      24        148         40       1123        180        277         20
  381      74         92         36          0        120        249         10
  382     111         41        306       2191        120        230         20
  383      26        142       2365         31         30        168         20
  384      68         94       4472       1951        120        198         20
  385      65         82       2587        500        120        188         20
  386     153         75       6006          0         30        178         10
  387     136         72       4622        182          0        150         20
  388      78          7       1618          0         30        115         10
  389      11         47       5680          0         30        205         10
  390      67         87       1522        122        120        225         20
  391      46         46        105          0        150        275         10
  392     132         48       6880         18        120        228         20
  393      40         30       1495          0          0        124         10
  394     115         90       8548         88        150        286         20
  395     112         36         58          0          0        143         10
  396      81         75       2086          0         60        174         10
  397     106         10       1623          0         30        165         10
  398      32        115       6757       1941        390        527         20
  399      99        144        154        442         60        203         20
  400      21         80       1559        450        420        514         20
