400_220

CUSTOMER  VEHICLE
NUMBER	  NUMBER     CAPACITY    DispatchingCost
    400     500          40000       100

CUSTOMER
CUST NO.  XCOORD.   YCOORD.   DDEMAND   PDEMAND   READY TIME  DUE TIME   SERVICE TIME

    0      41         23          0          0          0        960          0
    1      62        151       5376         22          0        187         20
    2      59         81         90       3021        120        228         20
    3      71         91       5401       1945          0        140         20
    4     192         92        889       1774         90        205         20
    5     101         97         17         91          0        133         20
    6     129        122       1595       1221        210        279         20
    7      59        134       2995          0        300        470         10
    8      34        149       2036          0         60        235         10
    9      93         68       2354         34         60        217         20
   10      41        145        831          0        120        245         10
   11     145        114       8961          0        420        494         10
   12     193         91       1440       5669        150        225         20
   13     134         73       1174       5745         30        143         20
   14      57          0       4103        156        120        247         20
   15      56        114        587       1940          0        136         20
   16      25        155       3138          0        120        252         10
   17     104         39        228          0          0        130         10
   18      53         65         70          0         60        199         10
   19      60        122       4717          0          0        139         10
   20     163         99       6623         76          0        186         20
   21     100         73         28          0         60        138         10
   22     153         27        132       1985        120        191         20
   23      23         35       3072       5533         30        151         20
   24      58          2        324          0         30        200         10
   25     175        124         14        181        120        215         20
   26     117         79       4099        671        330        475         20
   27     198         79       1205          0         90        203         10
   28     132         27         14          0         90        192         10
   29     135         51         64       4551          0        135         20
   30      46        113       3136          0         60        219         10
   31     117         35        497       2383          0        120         20
   32      93         94       1154        595         60        127         20
   33      95        146       1531        690         60        175         20
   34     155         35         78          0         30        161         10
   35      82         85      15000          0        120        227         10
   36     115         60       1628       1011          0        127         20
   37     176        112         90       6575         90        255         20
   38      45         79       2851          0        120        212         10
   39     116         85        152          0         60        141         10
   40      52         28       8254       2295        420        513         20
   41      39         52        100          0        120        201         10
   42      83         99        222          0         30        190         10
   43      52         61         60          0          0        111         10
   44     110         49         60       2379         90        245         20
   45      28         31       1807         20         30        158         20
   46     150        131       1010          0        180        250         10
   47      92        120       2713          0        150        226         10
   48      97        144       8517        605        420        494         20
   49      62         46       1630       2155        300        397         20
   50     111         35       3046        350        300        441         20
   51      76         78       7643          0         90        229         10
   52     121         66       7575          0        180        259         10
   53      81         75       2086          0         60        174         10
   54     127         37       5281        270          0        138         20
   55       7         18         66         20        150        265         20
   56     192         88         85          0        180        287         10
   57     112         37       2469          0        150        290         10
   58      24        109       1096        166        390        459         20
   59     108         46         98          0        120        202         10
   60      44         51        240       1297        120        291         20
   61       4         23       1989          0        150        244         10
   62      96         68       2354          0          0        127         10
   63     170        137       1498      13502         90        218         20
   64     120        129       2763          0        180        256         10
   65      57        144       1183       1365        390        517         20
   66     154         38        139          0         90        257         10
   67     139         18         43       2453        120        190         20
   68     106         84       3643          0        150        289         10
   69      81         56        315          0        120        199         10
   70     101        111        110          0          0        143         10
   71      89         80        448       1710        120        230         20
   72      67         87       1522        122        120        225         20
   73      65         57         72       2160        120        253         20
   74      20         98       2460         49         30        206         20
   75      81        139        847          0         90        196         10
   76      85         77       7409          0         60        220         10
   77     116         49      14757          0        300        440         10
   78      23          9       1198          0          0        109         10
   79      59         85        631       4636        360        488         20
   80     118        100        337          0         60        214         10
   81      88         16        204          0          0        101         10
   82       9         49       1501          0        150        257         10
   83     186        106         84          0        120        211         10
   84     108         38       1775          0         30        193         10
   85      52          0         76          0          0         73         10
   86     116        147         93        425        300        398         20
   87     137         70        260       5735          0        151         20
   88      82         12        151          0          0         97         10
   89      23        141       2280          0        150        231         10
   90      36        146       6099        397        300        473         20
   91     104         91       1115        109         90        161         20
   92     112        136      14399        334        390        523         20
   93     114         56       8362          0         30        201         10
   94     122         66       3521          0         90        246         10
   95       7         97       4446       3145         90        255         20
   96       5        113         74          0         60        130         10
   97     124         96        178       1901          0        175         20
   98      91         55         90        839          0        158         20
   99     192         64      11845          0        420        535         10
  100     174        119       2449       2204        120        215         20
  101      22        149       4698         82         30        175         20
  102     192         65       1092          0        120        237         10
  103     125         79       1293       1492        300        410         20
  104     175         62        476          0         90        181         10
  105     138         37      14957         43        120        277         20
  106     104         81       4870        938         90        260         20
  107      78          6       6345       6106        120        248         20
  108     143         66         95       1872         60        148         20
  109     118         67        576          0         60        167         10
  110     169        111       1118       3641        120        248         20
  111     133        100       2576          0        390        459         10
  112      70         51        396          0         60        228         10
  113     133         37         13       1030          0        146         20
  114      75        130        340          0         90        163         10
  115       8         10         42       8254        150        292         20
  116      57         94       1994          0        390        490         10
  117     158         24       8394        614        120        284         20
  118      84         56        142       7646        210        292         20
  119     180         95         29          0        300        423         10
  120      26        121       3377          0          0        143         10
  121     139         25       1956          0          0        176         10
  122      26        113        129          0         30        191         10
  123     104         70        279       2024        120        183         20
  124      68         73      10273       4727          0        101         20
  125      44         48        566          0         30        160         10
  126     111         67      14177        823        120        256         20
  127     117        145       1686          0        180        294         10
  128      10         44       9023       1791        390        461         20
  129      76         94        866          0         30        131         10
  130     115         83       7608          0         60        160         10
  131       1         25         21       2013         30        188         20
  132      93         50        710      14290          0         98         20
  133     128         71       1174       2961        150        284         20
  134     176         70        576          0        360        443         10
  135     154        131      10211       4789        180        289         20
  136      46         52        105          0          0        172         10
  137     100         19       9275       4376        420        523         20
  138     132         69         13        433         90        230         20
  139      85         76       2490       5313        120        185         20
  140      16          6       2550          0          0         86         10
  141     139         91       2344       1685        150        245         20
  142      58         86         21       9756        150        289         20
  143     117        152        102       6373        210        283         20
  144     112         20        189          0        120        281         10
  145     131         83        315       1751         90        220         20
  146     137         49        173          0          0        158         10
  147      27         76        563       7334          0        108         20
  148      31         40       1222          0          0        143         10
  149      12         30       6037       8963          0        103         20
  150      11         19       6393          0        120        230         10
  151     136         72       1133       4854        150        260         20
  152      50        123        657          0        150        296         10
  153      33        131       2198        336        150        232         20
  154      47         62        621       3243        120        279         20
  155     138        128       2515       7408         90        256         20
  156      89         57        156         83         60        141         20
  157     132         56       3585          0        120        215         10
  158     103        128       4840       1094        120        294         20
  159      64         90         81          0        360        493         10
  160     100        116       1850         13         30        194         20
  161     102        120       1840          0         90        252         10
  162      32        100        150       6079        150        220         20
  163      82         90       2138       7578         30        154         20
  164     179        107      12420        142        120        206         20
  165      56         19       4992       2542          0        140         20
  166      87        130       3686          0         60        158         10
  167      79        122       2645          0         60        220         10
  168     101         81         40        319        120        263         20
  169      63         90       2683          0        180        251         10
  170      73         96       1678       2545        180        255         20
  171      35         97        196          0         90        170         10
  172     158         73        166          0          0        174         10
  173      28        101        650        261          0        118         20
  174      44         78       1873       4411        420        519         20
  175     142        126        968         17         30        179         20
  176      71        100       5973          0         30        121         10
  177     126        132       1749       1716         60        228         20
  178     134         55       1993       3211        150        296         20
  179      76         16       1247          0        120        222         10
  180      97         84       3915       6296         90        249         20
  181      13         87       1330          0          0        122         10
  182     102         75       2796          0        210        287         10
  183      85         83        263          0          0        127         10
  184      87        140       2695       3645        150        220         20
  185      92         88         12          0        150        254         10
  186     123         62       1825          0        300        403         10
  187      71        131        146        655         90        198         20
  188     177         74         50        113         60        200         20
  189     145        124        149          0          0        191         10
  190      66        109       1110          0        180        246         10
  191     148        128       1544       1286         30        200         20
  192      86         52       1157          0         90        251         10
  193      39        107       3078       1042          0        129         20
  194      51        115         15       6725         60        187         20
  195      61         49       1613       5466        120        195         20
  196      42        125        199       1517         60        233         20
  197      35         63       2025          0          0        138         10
  198      17         21        194       1014         30        154         20
  199      65         32        147         49        120        201         20
  200      81         11       1613          0        120        234         10
  201      25         52       5079       2017        180        287         20
  202     130        122       9733          0        150        257         10
  203     108        137        258          0         60        225         10
  204      40        112       1854          0        390        460         10
  205      52         10       3033          0        300        425         10
  206      82         15        133          0        120        254         10
  207      91         70        763          0        120        218         10
  208      95         38      10533          0        300        398         10
  209      52        130      15000          0         60        222         10
  210      18        126       1733          0         90        260         10
  211      53         17         58          0        120        222         10
  212      64         67       1506        393          0        131         20
  213     142         28      14988         12        150        244         20
  214     108         29       6317          0        420        527         10
  215     188         66         98       2542        210        288         20
  216     169         49       4252          0        300        436         10
  217       0         90       7975       4343        360        506         20
  218     126         36         51        569        120        254         20
  219      82          9        483          0        120        247         10
  220      28         72       6093        365        120        196         20
  221     127         93       3480        233        180        254         20
  222      76         68        612        406        210        281         20
  223     188         83      14970         30         30        210         20
  224      16         10      10906       4094         30        169         20
  225     135         23        213       3093        360        519         20
  226     152         56       2295          0        390        515         10
  227     159         75       5376       3804          0        175         20
  228      60         10       1505          0          0        177         10
  229     174         67        189         91        120        201         20
  230     132         93       2419          0         90        231         10
  231     200         68       2537         42          0        220         20
  232     109        122         23       6880        120        190         20
  233      32        115       6757       1941        390        527         20
  234     197         87        781       2435        300        467         20
  235     185         56        943       2538        300        477         20
  236     172         77      11057       1016        300        402         20
  237     185        103       2776          0         60        231         10
  238      49        148       1504       1889          0        167         20
  239     125        102         61          0          0        167         10
  240      40        133         27         87        120        217         20
  241     181         42        294          0         60        204         10
  242      57         45        202        137        120        186         20
  243      98        116       1524      11435        120        224         20
  244      25         47        468       1890        120        235         20
  245     132         61         15          0        120        265         10
  246     142         29      10671        395        300        403         20
  247      74        142       2887          0         60        193         10
  248      55         47       1590       1646         30        158         20
  249      36        106         73          0         60        140         10
  250      95         84       3947          0        210        271         10
  251      29        131       3180          0        180        290         10
  252      41         23          0          0          0        960          0
  253     105         81       1985        894        180        249         20
  254      91         72        129          0         90        230         10
  255     103        124        181          0        180        286         10
  256      39         48       2016        286        300        401         20
  257      61         30       2067       6210          0         72         20
  258     158         33       1537          0         90        160         10
  259      76         59       1014          0         60        225         10
  260      18         37         47         17        120        254         20
  261      39        139        663        180        180        290         20
  262      32         83       1242       5845        120        219         20
  263      50         80        673       1629        300        404         20
  264      66         63        418          0        150        221         10
  265     137         30        589         90          0        140         20
  266      96         66       7052          0        150        258         10
  267      79          7       2256          0        120        196         10
  268      14          4         53       4356        120        222         20
  269     132        136       5071          0        360        528         10
  270     164         73       5735          0         60        200         10
  271     167         94         86          0        120        186         10
  272      33        113        106       7832        120        190         20
  273     117        146        498          0        180        249         10
  274     190         58        154       2544         30        204         20
  275      15         81       3726       2012          0        103         20
  276      11         33       2028          0        120        246         10
  277     169         76         21          0         30        185         10
  278      82          8        280          0          0        133         10
  279      61        103       2360       8296        180        274         20
  280     106         81       2116          0          0        128         10
  281      42         14       2710          0         90        230         10
  282     183         60       1659          0        210        281         10
  283      53         61       4698        108          0         90         20
  284      91         84        464          0          0        127         10
  285     160        118         65       1669         60        227         20
  286      75         55         74          0        120        232         10
  287     111         65       1020       1968         90        265         20
  288      35         26       1192         21        120        234         20
  289     170         65        288          0         60        226         10
  290      55         11        984          0        360        470         10
  291      98         63       5465        451        330        494         20
  292     112         74        350          0         60        182         10
  293     132        144       4836        131        300        401         20
  294      69        134       1438         28         90        203         20
  295     109         94       1512       2434         60        186         20
  296      38         96        576        433        180        244         20
  297      98         10        165          0          0        133         10
  298      82         74        556          0         90        164         10
  299     104        109       3716          0         60        233         10
  300     103         67       5652       1649          0        125         20
  301     122        101       1641          0         30        166         10
  302      77        153       1501          0         30        174         10
  303     149        141         90          0         60        199         10
  304     148         30       1881       2382         90        218         20
  305      50         93        396          0        150        258         10
  306     133         70        282      14718          0        151         20
  307      91         12       8584          0        300        465         10
  308     130         68        149          0         30        156         10
  309     143         87       1059          0        120        296         10
  310      54        130         76       1859         60        165         20
  311      79        101       4006        199         60        144         20
  312     122         83       1952          0        180        277         10
  313      86         56       1879          0         90        194         10
  314      96         82       1738          0          0        137         10
  315     176         46       2784        182         90        183         20
  316     132         62       4261          0          0        136         10
  317      54        104        194      14806        120        186         20
  318      83         25       2025         40          0        157         20
  319     120        124       1602          0         90        183         10
  320      37        123        451       2447        300        410         20
  321      45         54       3180       6006         30        108         20
  322     125        103        101       1261         90        233         20
  323     176         59       3726          0        150        283         10
  324      30         38         14       9754        120        254         20
  325     142        102       4128       3302         60        184         20
  326       7          4       1847        908        120        253         20
  327      83        141        744          0        150        228         10
  328      95         66         55        102        180        287         20
  329     106         85        844          0         60        169         10
  330     171         66        210       5151         30        180         20
  331      28         74        252          0         90        172         10
  332     137         37       2291          0          0        132         10
  333      53         69         82       2826         90        194         20
  334     149         34       1568       3152         90        254         20
  335     170        139       2300          0        180        263         10
  336      96         79       1186       1959         60        167         20
  337     128         97        756       7047        330        403         20
  338     153        115       1624          0          0        184         10
  339      81         23      15000          0        330        401         10
  340     117         56       7730       2583          0        135         20
  341     179         72         30         54         60        190         20
  342      48        154       1498          0        120        205         10
  343     192         62         41       2702          0        202         20
  344      92         84       1989         56         60        146         20
  345      10        116         86       1521         60        226         20
  346     132         43       7489          0          0        166         10
  347     127         53       1804          0        120        225         10
  348     119         45         22          0          0        141         10
  349      88         72      14867        133        150        244         20
  350       7        116        147       1749        120        281         20
  351      49        131       1598          0        120        186         10
  352     144         18        498        686        120        218         20
  353      59         54      11876          0        390        459         10
  354     160         78        606       1253        180        250         20
  355      11         48       8280       1094         90        192         20
  356     150         67        227          0          0        155         10
  357      44         49       2711          0        120        291         10
  358      97         24       2089          0        120        250         10
  359      74         63        354          0        210        277         10
  360      33         70         85          0          0        121         10
  361      95         68        202          0          0        164         10
  362     160        117         82        290         30        183         20
  363     129         72       2012       1440         90        174         20
  364     110         98         56       7374         90        178         20
  365      17         18       3480          0          0        104         10
  366      73        157        383          0        300        456         10
  367      33         20       2257       6831          0         69         20
  368     173         97        683          0        180        293         10
  369      35        109       2089          0        120        225         10
  370      30        106         40      11057        180        280         20
  371     147         22       3684          0        300        434         10
  372      69         51       4815       3808          0        119         20
  373     166         88      10500          0          0        197         10
  374     185         73       1929       2138         60        194         20
  375      80         93       2005         32        120        197         20
  376      17         36        524          0          0        104         10
  377     104         68        144         74          0        133         20
  378      27         73        330         57        120        289         20
  379       7        114       1255          0         60        173         10
  380     176        126       3465       1746         30        209         20
  381      39        156         94         70        330        447         20
  382     158         75       1639       1839         60        206         20
  383      62         45       1457       1225        300        410         20
  384      79        131        170          0         30        158         10
  385     120         78       4018       3401        330        482         20
  386      32          5        585          0        120        246         10
  387     154         31        879        338        120        246         20
  388     130         59        339       1307        180        294         20
  389     170        140       1895       5680        150        222         20
  390      42        127       6038       8962        360        528         20
  391      73         56         10          0          0        134         10
  392      34         61       7125          0        300        408         10
  393      51        150       1346       4497         90        249         20
  394      76         76        191          0         60        220         10
  395      54         96       4930          0          0        112         10
  396      60         43        136          0        120        193         10
  397      23        100         30         36          0        126         20
  398     191         51       3545          0          0        204         10
  399      69         21         28          0        150        280         10
  400      23         10        399       2968        360        432         20
