400_221

CUSTOMER  VEHICLE
NUMBER	  NUMBER     CAPACITY    DispatchingCost
    400     500          40000       100

CUSTOMER
CUST NO.  XCOORD.   YCOORD.   DDEMAND   PDEMAND   READY TIME  DUE TIME   SERVICE TIME

    0      41         23          0          0          0        960          0
    1      86         67       6081          0        420        528         10
    2     104         55       4342          0        300        417         10
    3     169        147         10          0         60        217         10
    4      44        101       1242          0         30        183         10
    5     100         23        584          0        120        222         10
    6      65        100       1629       8279        120        220         20
    7     132         93       5072          0         90        212         10
    8      59         14       2558         67        120        248         20
    9      86         77       1708        227        330        399         20
   10      38         24       4771       7888          0        169         20
   11      60        151       1891          0        210        281         10
   12      90         74       1490          0          0        111         10
   13      90         92         15          0        120        228         10
   14      88         73      14285        715          0        119         20
   15      81         81        604          0          0        135         10
   16     175        124         14        181        120        215         20
   17      26        121       3377          0          0        143         10
   18     119         33        108         80        150        220         20
   19     163        118       2063       4998         60        186         20
   20      45        147         86       1572         60        228         20
   21      91         35       4009         41          0        172         20
   22     139         66       7243       6474        300        410         20
   23      82          7        160       5421        360        526         20
   24      71        129         13        101        120        184         20
   25     135        130        651       5137        120        260         20
   26      70        126        143          0         60        170         10
   27     184         71        335          0        120        196         10
   28      83         64        259         54          0         95         20
   29      29         11       2827          0        120        261         10
   30     119         98         19          0        120        243         10
   31     100        116       1072          0          0        158         10
   32     111         67       3489        829        120        236         20
   33     102         78       8295          0        120        222         10
   34      46         52        105          0          0        172         10
   35      68         73      10273       4727          0        101         20
   36     122        128       3545       1686        300        399         20
   37      21         98       3613       6345        120        220         20
   38      87         93       2024          0        150        216         10
   39     141         30        886          0         60        212         10
   40     183         60       1659          0        210        281         10
   41     110         49      13648          0          0        111         10
   42     150         27         93          0        150        227         10
   43     109        122        320          0         30        205         10
   44     160         22       1246        151        390        467         20
   45      10         48         25         20        120        230         20
   46      79          7       2256          0        120        196         10
   47     113         48       5758          0          0        122         10
   48     188         66         84          0         30        196         10
   49      12         55       1489          0        330        424         10
   50       6         26       3038       1970          0         96         20
   51     109         64      14768        232         30        131         20
   52      78          6       6345       6106        120        248         20
   53      52         28       8254       2295        420        513         20
   54      12         98      14989         11        330        433         20
   55     181         76       6564       2216          0        192         20
   56      34        124         90         22         30        146         20
   57      31         76       1011        179        330        426         20
   58     112         20       8802          0        360        539         10
   59      85         76       5364       1506        120        233         20
   60      78         17       2692        337        390        461         20
   61      47        129        150       1117         60        151         20
   62     136         69       1344        232        330        472         20
   63      30         43         37          0        120        253         10
   64     123         67       3124       2437         60        203         20
   65      41         74        113         41         30         99         20
   66     157         96        237          0         60        181         10
   67     129         89         81         14         30        162         20
   68     110         98        255          0         30        131         10
   69      53        120      13142       1858          0        170         20
   70      90         73         89          0          0        134         10
   71     102        100      13923          0         60        133         10
   72     120        124       6209          0         60        223         10
   73      92         88       2076         67         90        250         20
   74     111         25       1110          0        120        236         10
   75      98         69       2480        219         60        174         20
   76      48        138        563          0        180        260         10
   77     152        146        250          0        390        470         10
   78      23        118       6397          0         60        201         10
   79     173         56        817       2138        120        258         20
   80      68         21       3467          0        120        254         10
   81     109         75       1710        193         30        155         20
   82     179         61       3315         98        180        262         20
   83     148         32        768       1958        150        278         20
   84     114         19         67          0         30        138         10
   85      53         61       7335        178          0         76         20
   86     125        102        145          0         60        221         10
   87      37         14        894          0        120        259         10
   88      51        150       1346       4497         90        249         20
   89     176         47        333          0         60        190         10
   90     154        105       2024       1850        420        494         20
   91      63        150         15       1030        330        403         20
   92     143        102       8871       6129        120        259         20
   93      28         14       1745       1926        120        265         20
   94      47         62        190          0        120        243         10
   95      66         63        237        665          0        160         20
   96     122        146        344        287        300        451         20
   97     136         72       1950         36        120        293         20
   98     122         34       2224          0        120        223         10
   99      95         82       2682          0        120        265         10
  100       5        113         74          0         60        130         10
  101      42        127       2066      12934        120        248         20
  102      74        120       4007          0        420        502         10
  103     129         75        220          0        330        427         10
  104     103        127       4593       2410         60        157         20
  105     100         29       3137        668          0        114         20
  106      70         76         19      11041          0        104         20
  107      80         48        156          0          0        141         10
  108     149        141        222       6827        180        297         20
  109      22         91        197          0        180        281         10
  110      69         90       3243          0        390        495         10
  111     164        107         48          0        180        280         10
  112      85         77        259       1035          0        175         20
  113     131         83        299          0         60        155         10
  114      58         21        451          0          0        174         10
  115     115         96       2703          0        120        281         10
  116      44         71        164        504        150        225         20
  117      11         17       2253        197          0        131         20
  118     132        121       1538       2076         90        185         20
  119      89         36         11        504          0         79         20
  120     111         70       2613       8002        120        181         20
  121      51        101       1613       3528        150        226         20
  122      45         86       3936       3369         30        202         20
  123      80         11      15000          0          0         73         10
  124      41         73        120          0         30        163         10
  125     119         11       1680          0          0        131         10
  126     123         54        288         45         60        232         20
  127      75        126      13578       1422        360        428         20
  128     170        139       2300          0        180        263         10
  129     187         93        703          0        120        225         10
  130     177        110         48          0         90        253         10
  131       2         22       6503          0          0        136         10
  132      17         49       1940         15        120        213         20
  133     121        129       1783          0        420        536         10
  134     134        122        950          0        120        295         10
  135      32        112       1854          0        120        208         10
  136     173         85       4842        248         60        183         20
  137     131         18       2262          0         30        158         10
  138      96        118        579       5307        180        297         20
  139     173         97        683          0        180        293         10
  140     148         46         70          0         30        160         10
  141     101         97       3191          0         30        197         10
  142      43        122       6257          0         30        164         10
  143     106         65       3641       1748        150        251         20
  144      75         55         74          0        120        232         10
  145      17        119        170       2379        150        279         20
  146     137         17        493       2819        300        460         20
  147      17         18       3480          0          0        104         10
  148     126         36         51        569        120        254         20
  149      11         33       4619          0         30        108         10
  150      31        107        326       1156         30        201         20
  151     158         24       8394        614        120        284         20
  152     161         87       2738          0        120        226         10
  153     106        103         56        943         90        166         20
  154     173         62         44       5374        180        285         20
  155     106        143       1942          0         60        181         10
  156      67         95       1760        192        120        213         20
  157     117         63       4027       1999        120        279         20
  158      46         46         22      11398        120        216         20
  159     198         85        594          0        120        288         10
  160     110        135       7052       7572        300        400         20
  161     179         72       1473        197         90        224         20
  162      69         24       3234        160        120        282         20
  163      52        130       1940       1003         60        164         20
  164      95         68        202          0          0        164         10
  165     121         49       3096        618        150        220         20
  166      80          5         37          0        120        287         10
  167     150        108       1173       3114        330        470         20
  168      78         84       2387          0          0        148         10
  169      69          1       3049          0        120        237         10
  170      80         70       1403          0        120        221         10
  171      83        141       1653          0        150        252         10
  172     150         70       3899        511        300        469         20
  173     166         28      11551        984         30        194         20
  174      73        123         13       8002         60        151         20
  175      70         72       2975          0        120        253         10
  176     160        117         82        290         30        183         20
  177      39        156        179       3625          0        176         20
  178     134        130       2799       3850        120        274         20
  179      32        115       6757       1941        390        527         20
  180     162        118       1709          0          0        199         10
  181     200         68       2537         42          0        220         20
  182      18         29       2400         69        120        230         20
  183      87         53       8945          0        360        525         10
  184      29        135        888          0        210        287         10
  185      50         64       1747       2222         90        160         20
  186      59         81         90       3021        120        228         20
  187      55         65       4554          0         30        168         10
  188      90         87       2773       3791        390        530         20
  189      29         38         22          0         90        162         10
  190      57         37         14          0        150        219         10
  191     111         65       3524       6652        360        492         20
  192     127         37       5281        270          0        138         20
  193     199         87       1536        511        450        538         20
  194     127        133        733          0          0        181         10
  195     146         40         17          0        180        247         10
  196      37        100       2569          0        120        286         10
  197     107         63       3716       4355         30        185         20
  198     174         93        530       5280         90        188         20
  199     167         57       3868        200         60        201         20
  200      64         44       1869          0          0        133         10
  201      86         76        236        288         90        231         20
  202      81        134       4190        363          0        165         20
  203      85         75       4920        383        120        220         20
  204     125         88         46       2162        300        441         20
  205     130         90       3094          0          0        154         10
  206      25        117       5161       1943        330        486         20
  207     121         85        191        147        360        438         20
  208      49         84       1083          0         60        138         10
  209     176         52       2360          0        300        472         10
  210     134         55       1993       3211        150        296         20
  211     158         71       3592        231          0        160         20
  212      48         83       2181       2064        120        233         20
  213      78         35        821       1711          0        108         20
  214     161        117        282          0        120        219         10
  215     176         71       2581         20         60        184         20
  216     178         62       1822          0        390        529         10
  217     109         94      15000          0        300        463         10
  218      88         72        795        661         60        187         20
  219     151        109        891          0         60        201         10
  220      97         24        618        175          0        144         20
  221       0          8       5321        105        120        223         20
  222     170         65        288          0         60        226         10
  223      49         47         31        747          0        101         20
  224     114         27      13557       1443          0        122         20
  225      22         44       4416          0        360        458         10
  226     138         37       3221       1807        330        431         20
  227     146         56       1613          0         60        174         10
  228      94        118       2191          0        180        250         10
  229      55         91        348       2453        180        289         20
  230     104         81       1122          0        150        219         10
  231      45         78        146          0         90        165         10
  232      36         87        913      10752        180        297         20
  233     148        126       1719          0          0        199         10
  234     158        128       2022          0        210        278         10
  235      76         16         16         49        120        234         20
  236       6         12         30        210          0         73         20
  237     111         41        306       2191        120        230         20
  238     105         79         25       2090        150        290         20
  239     119         55        124       5274          0        136         20
  240     195         99        192          0         60        213         10
  241     188         83      14970         30         30        210         20
  242     126         73       5113          0         30        168         10
  243     126        106        997        107         90        173         20
  244       7         97         54         17          0        171         20
  245      38         96       3676       2220        330        499         20
  246      73         81       3084          0         30        141         10
  247     108         35         26          0        120        288         10
  248     111         54       3504          0          0        113         10
  249      40         29        860          0        120        283         10
  250      53         44       5047       1204         60        144         20
  251      13         12       1157       1527          0        129         20
  252      29        110         55        432         60        199         20
  253     168        140        643          0        360        454         10
  254     163         22        272        788        120        243         20
  255      37        123       1210          0         30        163         10
  256      40         67       9378          0          0         95         10
  257     129         72       2012       1440         90        174         20
  258      51        115        567       3605         30        192         20
  259      76          4       9807       2333        330        431         20
  260     112         47        105         93        180        265         20
  261     197         58       2012          0          0        192         10
  262      77         63         68       4814         60        167         20
  263      62        154         13       2433        210        296         20
  264      60         10       1505          0          0        177         10
  265     168        139       3851          0        120        259         10
  266      65         88        745        299        150        232         20
  267     140         38        393       2089          0        150         20
  268     174         54       1034          0        180        264         10
  269      92        120        250          0         30        162         10
  270     131         32       2471          0        300        432         10
  271     141        103       2428          0          0        171         10
  272      85        128       6740       2399        120        299         20
  273      56        114        587       1940          0        136         20
  274      48         60       1005          0        390        500         10
  275      89         79        987         92         60        167         20
  276     186         72       2562          0        450        526         10
  277      26        126        248       2684        120        237         20
  278      58          2        272        167        120        198         20
  279     109         29       6576       2690          0        161         20
  280     111         35       3046        350        300        441         20
  281     160         33       2819          0        420        533         10
  282      48        129       2502        151          0        169         20
  283     149         29       8095          0          0        151         10
  284     107         85       1526       8945        120        232         20
  285     135        121       2524      12476        210        294         20
  286      73        111        437      14563        330        453         20
  287      43        129       1640          0         60        141         10
  288      93         94       1154        595         60        127         20
  289      25        155       3138          0        120        252         10
  290     176        112         90       6575         90        255         20
  291     135         78       1444       5113        120        224         20
  292      28         34      13589          0          0        135         10
  293      27         73        330         57        120        289         20
  294      31         13       1210       3648        180        277         20
  295     151        120       5130        484          0        198         20
  296      88         87         35       5653        180        289         20
  297      80        139        255          0         90        196         10
  298      57        144       1183       1365        390        517         20
  299      73        113        524       3301        180        286         20
  300      23          9       1198          0          0        109         10
  301      63         48         62      13911         30        155         20
  302     142        102       3349          0        450        528         10
  303     177         74       2400      11095        120        187         20
  304     161         95        238         61        120        215         20
  305     164         76       6937       8000         30        189         20
  306     170        137         53          0         60        216         10
  307     152        104        330       2683         60        227         20
  308     106         83       5186          0        300        442         10
  309     179         67        382       1583         60        193         20
  310      47         96        920          0        210        283         10
  311      98         53       4924      10076         60        133         20
  312     117        100       1616       5146        150        285         20
  313     120         62        394        119          0        147         20
  314      57         29        170          0          0        129         10
  315     137        143       3153       5087        180        292         20
  316     191        100       3104          0        150        215         10
  317      65         32        147         49        120        201         20
  318     169        111       1118       3641        120        248         20
  319     194         82       2787       2387         30        203         20
  320      70         64        104       5643        300        427         20
  321      38         31       1285       1542        120        279         20
  322     186        107       1747          0          0        221         10
  323     140         47       5638          0        330        494         10
  324      95        146       1549          0         90        195         10
  325     131         89         49          0        120        184         10
  326      78         98       1310       2948         60        153         20
  327      73         43       1570          0        120        199         10
  328      15         37         90       6257        180        253         20
  329      49        148       1504       1889          0        167         20
  330     186         74      10924          0        300        457         10
  331      17         21        194       1014         30        154         20
  332     122         66       2433          0          0        148         10
  333     163        111       2219       7051        210        277         20
  334     196         74       1716       1860        120        211         20
  335     186        106       9756          0        120        221         10
  336      28         31       1807         20         30        158         20
  337      90        111       1208       9251         60        161         20
  338     123         53        438       5972         30        192         20
  339     133         37      13294       1706          0        127         20
  340     137         70        260       5735          0        151         20
  341      66        152       3277         72          0        161         20
  342     115         83       1898          0         60        185         10
  343      42         52       1802          0          0        145         10
  344      29        130        127          0        120        295         10
  345      61         76      13149          0        300        400         10
  346      12         15         29          0          0         97         10
  347     149         80        984          0         90        235         10
  348     155         55        178          0        150        248         10
  349      64         12       2020          0          0         84         10
  350     104         68         23       1460        120        292         20
  351     120        117       1615       1636          0        157         20
  352     145        124        149          0          0        191         10
  353      62         45       1457       1225        300        410         20
  354      74        119        540          0        150        227         10
  355      76         78         13       5049        180        287         20
  356      52        152       3862          0        180        245         10
  357      82         92       4707       1260        300        440         20
  358      58         88       1900          0        150        271         10
  359     186         73         74          0         60        190         10
  360      87         73       2733         25        120        285         20
  361      69         22        101          0          0        143         10
  362      66        117       1096          0        150        231         10
  363     141         58       2693      10925         30        158         20
  364     100         73         96          0        150        256         10
  365     122         30       1750         48        120        247         20
  366      39         39       1802          0         60        204         10
  367     150         20        176        388         90        174         20
  368     123         63       1669       1523         30        186         20
  369     181         42       4565       2636          0        180         20
  370      12         16        690          0        150        288         10
  371      86         86        422       2620          0        133         20
  372      20         78       3380      11620         90        171         20
  373     112        136      14399        334        390        523         20
  374     119         15       4175       4102         30        159         20
  375      94         69       1537       6086         30        107         20
  376      64         71        840       3155        300        416         20
  377      37         15      15000          0          0         77         10
  378     158         73        166          0          0        174         10
  379      14        122       9250          0         90        232         10
  380      32         83         84        564          0        134         20
  381     152        110       1356          0         90        230         10
  382      68         95       1511          0          0        119         10
  383     185        103       2736       5906        210        287         20
  384     103         95         75      10994         90        222         20
  385      60         49       1543         90         30        166         20
  386      42         62         51        253         30         98         20
  387     147         39       2024       2295         90        195         20
  388     194         94       1959          0        360        456         10
  389      29        114      11268          0          0        149         10
  390      39          4       6177        873        330        456         20
  391      19         52        984       5904         30        129         20
  392      45         79       2851          0        120        212         10
  393     135        136         22        397        120        289         20
  394      33        131       1500          0        120        250         10
  395      99        144        154        442         60        203         20
  396      89         56        625       1959          0        116         20
  397      27        127       1363       1951         60        162         20
  398      31        128       3008        982          0        138         20
  399      56        103       3792          0          0        159         10
  400      61         63        183          0         30        140         10
