400_223

CUSTOMER  VEHICLE
NUMBER	  NUMBER     CAPACITY    DispatchingCost
    400     500          40000       100

CUSTOMER
CUST NO.  XCOORD.   YCOORD.   DDEMAND   PDEMAND   READY TIME  DUE TIME   SERVICE TIME

    0      41         23          0          0          0        960          0
    1     109         29       6576       2690          0        161         20
    2      82         56        213          0          0        102         10
    3     121        147       6372       1923        150        256         20
    4     149         80        984          0         90        235         10
    5     177         74         50        113         60        200         20
    6      32         74        960       1273        120        220         20
    7      57         91        215          0        120        253         10
    8     198         79       3403          0         60        222         10
    9     155        145        238          0         60        233         10
   10      83         25        442       3136         30        159         20
   11     123         54        288         45         60        232         20
   12     151         82         39          0        150        259         10
   13     138         37      14957         43        120        277         20
   14      86        102        615       2112        150        285         20
   15      69         22        101          0          0        143         10
   16      32        100        150       6079        150        220         20
   17     121        120       1864          0          0        166         10
   18     102         27       6474       2134          0         95         20
   19      11         47       6799          0        120        288         10
   20     167        147        140         87         60        233         20
   21      40         86       2078       5659        120        295         20
   22      71        131        146        655         90        198         20
   23     100         14       1850          0        120        263         10
   24      66         63        418          0        150        221         10
   25     148        126       1520          0         60        194         10
   26      47        133       4963          0         60        232         10
   27     131         44        310          0        120        188         10
   28     114         19         67          0         30        138         10
   29      34         67       2009        514          0         86         20
   30      15          3        841       1915         30        187         20
   31      82         12        151          0          0         97         10
   32     121         71       2620       5274          0        126         20
   33     194         72       2010       1000        180        292         20
   34     169         82        150         17        120        225         20
   35     122        139        424         47         90        186         20
   36       2         17       1772          0         30        156         10
   37      77         63       6727        423          0        101         20
   38      57        153       7500        437        120        231         20
   39      13         87       1330          0          0        122         10
   40     115         96      11435          0          0        160         10
   41      56         19         11          0        120        254         10
   42      87        101       5050        279          0        135         20
   43      87        113       1519          0         90        169         10
   44     146         40       1068       5200        120        237         20
   45     111         25        700       1224          0        120         20
   46     127        105       2583          0         90        247         10
   47      59        106       8684          0         60        231         10
   48     145         71       8935       1819        330        466         20
   49      30        155       1745       2364        120        269         20
   50     125        102        145          0         60        221         10
   51     136         72       1133       4854        150        260         20
   52     134         73        233        192          0        162         20
   53      66        135       2024          0        120        225         10
   54     130        148       1672          0        150        233         10
   55     142         19       5356          0        330        423         10
   56      69         21       2988         37        120        196         20
   57      63         20        614          0        120        226         10
   58      69          1        665       4247          0        134         20
   59      74         66       2215          0        120        250         10
   60     151         77         15          0         60        226         10
   61     152        104        330       2683         60        227         20
   62      70        126       1688       1036        330        497         20
   63      29         11       2827          0        120        261         10
   64      62        151       5376         22          0        187         20
   65     187         93        703          0        120        225         10
   66      86         67        991          0          0         96         10
   67     161         35       5904          0        150        244         10
   68     188         83      14970         30         30        210         20
   69     116         43        480       1500          0        129         20
   70     173         97        683          0        180        293         10
   71      83         99         78          0         30        137         10
   72      41        145       7246       3055        120        258         20
   73     174         99        805        140        180        246         20
   74      83         86         89          0         90        182         10
   75     153        115       1624          0          0        184         10
   76     112         37       2469          0        150        290         10
   77     107         77       3716          0          0        153         10
   78      94         69       1537       6086         30        107         20
   79     132         43       7489          0          0        166         10
   80     185         73       1929       2138         60        194         20
   81      80         11      15000          0          0         73         10
   82     180         58       3535         63          0        196         20
   83     112         74        347          0          0        138         10
   84       7         21        230        615        150        248         20
   85     102         47       4076          0        120        199         10
   86      25         52       5079       2017        180        287         20
   87     106         68      15000          0         30        170         10
   88     100         78        126          0        120        193         10
   89      95         38      10533          0        300        398         10
   90     135        121        172        566         60        196         20
   91      31        128       3008        982          0        138         20
   92      78         74        999          0          0        124         10
   93     134         55       3496          0        120        276         10
   94     140         94        300          0          0        162         10
   95     103        127       4593       2410         60        157         20
   96      29         24       3492        215        300        427         20
   97     153         27        132       1985        120        191         20
   98     178         62       2706          0         30        195         10
   99      95        146       1549          0         90        195         10
  100      47        129        150       1117         60        151         20
  101      63         62        200          0        300        405         10
  102      83         74       2364          0        120        260         10
  103     108         21         28          0          0        103         10
  104     131         83        315       1751         90        220         20
  105     185         59       3400       5639        120        206         20
  106      63         90       7354       1614        120        204         20
  107      49         43       6547          0          0         81         10
  108      99         56       8544          0          0        109         10
  109      45        147       1805        111        120        191         20
  110      83         64        259         54          0         95         20
  111     150         67        227          0          0        155         10
  112      75        130        263          0         60        165         10
  113      38        113       2703         77          0        154         20
  114      28        122        563          0          0        135         10
  115     140         38        155        448         90        262         20
  116      53         65        288        392        120        249         20
  117     139        104        363       3213        120        213         20
  118     120        124       6209          0         60        223         10
  119      86         77        357        986        180        260         20
  120     155         35         78          0         30        161         10
  121     124         96        178       1901          0        175         20
  122     108         18        373       1719          0        141         20
  123      46         52        105          0          0        172         10
  124      75         34        803       5376        120        253         20
  125     131        104       6827          0        330        469         10
  126     152         87       2636          0         60        186         10
  127     147         61       1269          0        420        495         10
  128      61         76       6572          0         30        164         10
  129     168         75       4492        515          0        183         20
  130      35         23         16          0          0        114         10
  131      96        118        111          0         30        172         10
  132      95         18        146       1667         30        129         20
  133      64         67       1506        393          0        131         20
  134      80         70       1403          0        120        221         10
  135     110         49         60       2379         90        245         20
  136      85         75        110          0          0        115         10
  137      30        117       1507          0         60        160         10
  138     140        133       2982      10695         60        203         20
  139      74         85       1824       1068        360        443         20
  140     109         64       3963          0        300        428         10
  141      81         11       1757          0        330        456         10
  142     163        111       2219       7051        210        277         20
  143     119         55         96       1895         90        199         20
  144     121        129       1783          0        420        536         10
  145      42         52       1613       2243          0        127         20
  146     150         81         97        351        180        289         20
  147      29         38       2338        449          0        138         20
  148      60         37         58      14448          0         65         20
  149      60        151       1891          0        210        281         10
  150      36        106        805       1798        120        231         20
  151      60        122       4717          0          0        139         10
  152      78         87      15000          0          0        144         10
  153      11         17        198       1008         30        133         20
  154     163         77       6210       1909        210        272         20
  155      90        102       3642          0        390        518         10
  156     174         67       3596          0         30        195         10
  157     161         36        408          0        120        252         10
  158       7         28         13          0         30        187         10
  159     123         59       6700       4619         30        204         20
  160     138         53       6618       1944        360        451         20
  161      26        127        117       1919        330        435         20
  162      15         42       5014       1889        330        436         20
  163      29        135        888          0        210        287         10
  164     160         33       2819          0        420        533         10
  165     144         86       6707       6109        120        228         20
  166       5         36       1577          0          0        167         10
  167      32        112        584          0         30        174         10
  168     169        111       1118       3641        120        248         20
  169      66         58       1700      13300        120        288         20
  170     154         76       5420          0        180        283         10
  171     150         49      15000          0         30        198         10
  172      26        126       9670       1506        330        457         20
  173     132        121       1538       2076         90        185         20
  174      63         52        656          0        150        284         10
  175      16        118       7875       2080        390        525         20
  176      22        101         82      14918         60        137         20
  177     116         85        152          0         60        141         10
  178      44         78       1873       4411        420        519         20
  179      10         15        283          0        120        283         10
  180     170        137         53          0         60        216         10
  181       8         11       6388          0        120        201         10
  182     197         70         83          0         60        208         10
  183      60        134         15          0        120        190         10
  184     151        109       2331        785        120        188         20
  185     152        146       3114       1844        120        205         20
  186      17         21        194       1014         30        154         20
  187      34         98       1429          0         90        220         10
  188      81         56        315          0        120        199         10
  189      66         71       7810       7190          0        103         20
  190     128         72      13201       1799        210        287         20
  191     120         62      15000          0          0        143         10
  192     194         94       1959          0        360        456         10
  193      34        147        233          0        120        212         10
  194      41         23          0          0          0        960          0
  195      85         83       6623          0          0        111         10
  196      30         73       1538      13462        300        427         20
  197      90         73         89          0          0        134         10
  198     140        109      11467        576        120        248         20
  199      34        124         90         22         30        146         20
  200     117        146         75       4866        120        193         20
  201     121         66       2282       3179        150        259         20
  202      51        114       1974       1723        300        401         20
  203      47        137         33          0        120        298         10
  204     197         58         60         56          0        214         20
  205     186         83         22       9806          0        202         20
  206       1         17         29       1669         60        230         20
  207     112        136      14399        334        390        523         20
  208     128         71       1174       2961        150        284         20
  209     167         94         86          0        120        186         10
  210      44         71        164        504        150        225         20
  211     115         90        276          0        120        259         10
  212      28         45       7004          0         30        130         10
  213     146        141       2236        972        210        296         20
  214     164         73       5735          0         60        200         10
  215     169         49       4252          0        300        436         10
  216      78         84       2387          0          0        148         10
  217      27         73        330         57        120        289         20
  218      76         59       2958          0          0         97         10
  219      57        117       7204          0         60        140         10
  220     186        107       2703       5379         90        246         20
  221     140         66         72        298          0        154         20
  222      47         62        621       3243        120        279         20
  223      78         32       3212          0          0        116         10
  224      30         43       2209          0        120        293         10
  225     171        104        123          0         60        225         10
  226     173        111       5692          0        420        498         10
  227     135         23        213       3093        360        519         20
  228       8         46       1713          0        180        266         10
  229      73         56         10          0          0        134         10
  230     108         38       1775          0         30        193         10
  231      91         55       6953          0          0        131         10
  232     176         70        576          0        360        443         10
  233      96         79       3055          0         30        208         10
  234     164         70       2361       1816        300        428         20
  235     147        113       1183        841        300        440         20
  236     160         37         33       2088        120        246         20
  237     146        132       6216          0        180        260         10
  238      13         12       1157       1527          0        129         20
  239     199         60        253       1149        180        248         20
  240     133         37      13294       1706          0        127         20
  241     156         42        432         72        300        408         20
  242      23        102        617       2432        390        464         20
  243      21         78       3399          0         60        163         10
  244      75        156        323         11         90        235         20
  245     114         80        646          0        150        224         10
  246     148         94       7866          0        450        539         10
  247      21          7        812          0         90        164         10
  248      92         65        223          0         30        202         10
  249      65         86         98          0        150        229         10
  250     163         99        102          0        120        257         10
  251      57         45       1460          0        330        503         10
  252     142         59        291          0         30        172         10
  253     191        100       3104          0        150        215         10
  254     101        111       4531       2816        120        277         20
  255     160         23        108        270        120        203         20
  256      88         67       3417        697        390        526         20
  257     160        118         65       1669         60        227         20
  258      90         47      14522          0          0        106         10
  259     106         54         12          0        120        243         10
  260      69         90       1998          0         30        196         10
  261      45        126      13180          0         90        167         10
  262     130         44         30          0         60        234         10
  263      90        119       1869       9807        360        431         20
  264      42         23       4798          0         30        113         10
  265      66        150        152       3714        450        521         20
  266      97         37       1253         95         30        153         20
  267     126         89       1026         57         60        218         20
  268     193         91       2004          0          0        211         10
  269      41         73         30          0        300        443         10
  270     127         52        301          0         30        156         10
  271      61        103       2360       8296        180        274         20
  272     123         66       1816          0        330        410         10
  273      57        145        402          0         60        234         10
  274      76         31        364          0        330        409         10
  275      12         16        690          0        150        288         10
  276     138        128       2515       7408         90        256         20
  277     149         34       1568       3152         90        254         20
  278      40        133         27         87        120        217         20
  279     173         43       2819          0         90        172         10
  280     102         75       2796          0        210        287         10
  281     119         15       4175       4102         30        159         20
  282     130         68       1514          0          0        140         10
  283     105         62       2193          0        150        234         10
  284      70         51        396          0         60        228         10
  285      24        114        503          0        300        405         10
  286     151        143        783         35        150        291         20
  287     123         47       8172          0        360        470         10
  288     105         41       2559          0        120        277         10
  289      45        116       4319        893          0        140         20
  290      66        109       4511          0        420        525         10
  291     155         27        325          0         60        164         10
  292     119         45       1008        697          0        129         20
  293     153         48        280          0         90        171         10
  294     104         68        144         74          0        133         20
  295      53         70        502          0         60        153         10
  296      56         80        470          0         90        225         10
  297      40        112       1854          0        390        460         10
  298      74         63        354          0        210        277         10
  299     168         49       2697       2025          0        168         20
  300     127         37       5281        270          0        138         20
  301      20         78       3380      11620         90        171         20
  302     163        140       3726          0        120        251         10
  303      73         89       1815       1071        210        282         20
  304      80         48        156          0          0        141         10
  305     107         63       3716       4355         30        185         20
  306     154         39       1879          0        300        404         10
  307     183         79       2944         36        120        287         20
  308      86         80        437        941         90        230         20
  309     120        129        100       8516        210        289         20
  310      67         61        352          0        120        289         10
  311      34        142        432        389          0        171         20
  312      19         90       1074          0        120        287         10
  313     100         73         96          0        150        256         10
  314      56         49         44          0          0         94         10
  315      40         29        860          0        120        283         10
  316      51        150       1346       4497         90        249         20
  317     162        118       2536          0        120        284         10
  318     106         66         82       1254         30        183         20
  319      39        139        663        180        180        290         20
  320      20         98       2460         49         30        206         20
  321      49         88        400       1494        120        225         20
  322     107         61        197          0         90        251         10
  323     155         55        178          0        150        248         10
  324     141        103       2428          0          0        171         10
  325      60         43        136          0        120        193         10
  326     122         30       1750         48        120        247         20
  327      87         93        784          0        150        294         10
  328      34        137       5356       9644         60        209         20
  329      17         49       1940         15        120        213         20
  330      93         65        975          0        120        188         10
  331      69        134       1438         28         90        203         20
  332     112         78        108       1511        120        216         20
  333      66        152       1090          0         60        227         10
  334     141         45       1895          0        120        261         10
  335     104         91       5658          0         90        225         10
  336      68         96         65          0        150        242         10
  337     148        116        105          0        120        216         10
  338      55         65        330       1770        120        285         20
  339      98         63       5465        451        330        494         20
  340      28         74        252          0         90        172         10
  341     158        128       2022          0        210        278         10
  342      97         58      13022       1978        330        415         20
  343     103        124        181          0        180        286         10
  344     195         59       1733          0         30        202         10
  345     162        104       9484        514         60        195         20
  346     120         97         25          0         60        171         10
  347     100        101        290          0         90        253         10
  348      72         39         16          0        120        231         10
  349      93         68       2493          0         30        147         10
  350      85         77       7409          0         60        220         10
  351     185         98       2153          0         30        214         10
  352      29         81       1158          0         30        160         10
  353     113         64       5953          0          0        142         10
  354      23        141       2280          0        150        231         10
  355      48         56       1950          0          0        162         10
  356      62         76       3624        766        150        236         20
  357      80         46         81          0          0        102         10
  358      73        123         13       8002         60        151         20
  359      48        129       2502        151          0        169         20
  360      85         76       5364       1506        120        233         20
  361     199         87       1536        511        450        538         20
  362      46         18        392          0          0        105         10
  363     106         84        841       1474         60        133         20
  364      91         73        314          0        420        530         10
  365      52          0         76          0          0         73         10
  366     197         87        781       2435        300        467         20
  367      62        135       1240       2938         90        228         20
  368      38         31       2308      12692        300        399         20
  369     152        110       1356          0         90        230         10
  370     176        112       3983       1777         60        201         20
  371      28        139       2579          0         60        155         10
  372     152         91       3809       2159          0        175         20
  373     119         98         19          0        120        243         10
  374     158        142         94          0         90        201         10
  375      77         44       4410          0          0        128         10
  376     154        105       2750         12        180        285         20
  377      48        154         21        455         90        217         20
  378     168        109       3646          0         60        190         10
  379      39        156         94         70        330        447         20
  380      88        127       1988        553         60        149         20
  381      12         98       1233          0         90        246         10
  382      12         15         29          0          0         97         10
  383      90         16       1667       4478         30        198         20
  384      86         52       1157          0         90        251         10
  385     160         66        364        237        300        393         20
  386     107         21        876          0        120        285         10
  387      29        131       3180          0        180        290         10
  388      18         22       2684          0          0        102         10
  389     127        122       7628          0        120        278         10
  390     183         60       1659          0        210        281         10
  391      48         47         97          0          0        132         10
  392     108        151      15000          0        300        395         10
  393     117         56       8002        836        330        431         20
  394      67         80        420          0        150        258         10
  395      65         82       2587        500        120        188         20
  396      33         20        720          0          0        168         10
  397      89         36         11        504          0         79         20
  398     122        109         11          0         30        166         10
  399      99         80       8000          0          0        164         10
  400      54         96         16          0        120        248         10
