400_228

CUSTOMER  VEHICLE
NUMBER	  NUMBER     CAPACITY    DispatchingCost
    400     500          40000       100

CUSTOMER
CUST NO.  XCOORD.   YCOORD.   DDEMAND   PDEMAND   READY TIME  DUE TIME   SERVICE TIME

    0      41         23          0          0          0        960          0
    1     142         91        108       4191        120        287         20
    2     138         37       3221       1807        330        431         20
    3     123         67       3124       2437         60        203         20
    4     141         68       3120          0        330        433         10
    5     121         71       4982          0        360        530         10
    6     164         60       2060       2199        150        230         20
    7      67        115        280       8547         60        199         20
    8     144         34       3247       1430          0        135         20
    9      86        140       9337         12        150        278         20
   10      78         35        821       1711          0        108         20
   11      82         99        454       5804        180        275         20
   12     150         76         49          0         30        195         10
   13     198         93       5274          0         60        215         10
   14      82          9      11160        222          0        127         20
   15      34        137       5356       9644         60        209         20
   16      68          2        198        181          0        115         20
   17      76         78         13       5049        180        287         20
   18     163         77       6210       1909        210        272         20
   19      68         86        211       5088         60        201         20
   20      64        119        103      14897         60        155         20
   21     120         85        853       2631          0        163         20
   22     138         56        108       7691        120        185         20
   23     128         56        200       1556        150        241         20
   24     106         68        277       1874          0        123         20
   25     186         73         74          0         60        190         10
   26     131        104       1858          0        150        263         10
   27     112        138      14049        878         90        173         20
   28      34        142        432        389          0        171         20
   29      83         25        442       3136         30        159         20
   30      56         19         11          0        120        254         10
   31     188         95       1525         75        150        291         20
   32      76         59       1014          0         60        225         10
   33     103        128       4840       1094        120        294         20
   34      11         34       5652       3785          0         79         20
   35     129         71       7335          0        180        265         10
   36       5         14        439      14561        120        295         20
   37     173         95       3140       2399          0        199         20
   38      25        117       5161       1943        330        486         20
   39     148        126       1719          0          0        199         10
   40     136         72       5681        483        360        525         20
   41      53         45         31          0         30         95         10
   42     139        107        481          0        120        230         10
   43      85         45        142          0          0         96         10
   44      69         21       2988         37        120        196         20
   45      51         80         62          0        150        227         10
   46      91         70        147        589          0        143         20
   47      95         68        202          0          0        164         10
   48      95         24         60       2219          0        153         20
   49      69        134       1438         28         90        203         20
   50      21         12      15000          0          0        142         10
   51     121         73         21          0        300        459         10
   52     106         83       5186          0        300        442         10
   53     175        124         14        181        120        215         20
   54      87        139         60          0         90        167         10
   55     111         41        306       2191        120        230         20
   56     102         49       4353       1293        150        286         20
   57     105         62       2193          0        150        234         10
   58      98         10       1801       7044        120        258         20
   59      72         99         83       1750        120        274         20
   60     149         94        165        502        180        259         20
   61     169         76       4559         30        150        249         20
   62      66        109       4511          0        420        525         10
   63     104         55       4342          0        300        417         10
   64     161         35       5904          0        150        244         10
   65      39         33        673        169        420        497         20
   66      96         82         90       3809         90        189         20
   67      84         66       3127          0        300        434         10
   68      97         46       1528        525          0         99         20
   69     152        104       5417       1989          0        172         20
   70     172         43        183          0         90        186         10
   71     101        117         30        643         60        155         20
   72     100         78        126          0        120        193         10
   73     118        100       3564          0        360        465         10
   74     112         36         57          0        120        266         10
   75     106         10       1623          0         30        165         10
   76      85        128       1184         82         60        168         20
   77      12         45       2192          0         60        133         10
   78      27         76       2700          0         60        142         10
   79     148        114        581          0        210        286         10
   80     178         62       2706          0         30        195         10
   81      34        149        924          0         30        163         10
   82      87          8        237          0          0         92         10
   83      75        130        263          0         60        165         10
   84      71         19       3406        567          0         66         20
   85     174         54       1034          0        180        264         10
   86      83         99        222          0         30        190         10
   87      31        107        326       1156         30        201         20
   88     189         85       1869       1825          0        199         20
   89      79        119        519        759         60        165         20
   90      72          3       2977       2254          0        163         20
   91      14         34        456          0        120        280         10
   92     121         66         27       1505         30        129         20
   93     151         77       4561       1854         90        228         20
   94     155         35         78          0         30        161         10
   95     116         83        550       1777         30        197         20
   96      22         15         90          0         30        174         10
   97     171        104        123          0         60        225         10
   98      72         92       1613          0        150        298         10
   99       8         10         42       8254        150        292         20
  100      80        139        255          0         90        196         10
  101     117         63       4027       1999        120        279         20
  102     119         33       1577       2214        120        277         20
  103       3         88      15000          0        120        230         10
  104      57         29       1752          0        120        228         10
  105     170        140       1895       5680        150        222         20
  106       7         28         13          0         30        187         10
  107     109         98        382       5735         30        141         20
  108      25        155       4785          0        390        528         10
  109      52         62       8107       3808          0         77         20
  110      82         56        213          0          0        102         10
  111      82         12        151          0          0         97         10
  112     198         86        192          0         60        212         10
  113      82         92        564          0         60        228         10
  114     159        127       2388       2516         60        201         20
  115      59         48       8964          0        120        190         10
  116     106         82       1920       3037          0        161         20
  117      86         67       6081          0        420        528         10
  118     135         26       2810       1097        390        452         20
  119     116         49      14757          0        300        440         10
  120      53         21       1800          0          0        105         10
  121     137        145        199      11844        120        246         20
  122      85         76      13438          0        300        434         10
  123      60         60       2066          0        120        196         10
  124      46         50        234       4176        120        284         20
  125      12         15         29          0          0         97         10
  126      85         75       4920        383        120        220         20
  127      96         36        517       1205         90        264         20
  128      74         20       5221       6408        120        229         20
  129     175         51       1655          0          0        169         10
  130      65         88       3389          0        360        517         10
  131      54        130       4493        879        180        286         20
  132      78          7       1618          0         30        115         10
  133     130         46       1352       1010        180        275         20
  134      74         66       2529          0          0         94         10
  135     173        111       5692          0        420        498         10
  136     150         70       3899        511        300        469         20
  137     103         95       5044       8107          0        150         20
  138      76        127      10466       2582        120        187         20
  139     199         60        253       1149        180        248         20
  140      80         64        414          0          0         99         10
  141     154        131      10211       4789        180        289         20
  142      23        141       2280          0        150        231         10
  143     163         99        102          0        120        257         10
  144     168        140        643          0        360        454         10
  145      85         46      13520          0          0        164         10
  146      34         98       1429          0         90        220         10
  147     125        103        101       1261         90        233         20
  148      29        130        127          0        120        295         10
  149      34        147       1520       1641         60        171         20
  150      23         35        164          0          0        164         10
  151     171         74        200          0        120        283         10
  152      25        114       1651          0        150        221         10
  153     110         69       1453        121         60        230         20
  154     106         84        841       1474         60        133         20
  155     103         55       7407        148        120        197         20
  156       6         49        350       2338          0         84         20
  157      51        114       3536       5974         60        194         20
  158     142        102       3349          0        450        528         10
  159      86         52       1738          0          0        130         10
  160     139         70       1661          0        150        255         10
  161     131         89       1708          0         30        159         10
  162     121        143       4376          0        330        471         10
  163      73         81       1936         35        150        261         20
  164     126         72       7182          0        390        537         10
  165      22         77      15000          0         30        200         10
  166     181         42       4565       2636          0        180         20
  167      42         23       1844       1205        120        218         20
  168      55         11        984          0        360        470         10
  169      16          3       1657       9040          0         99         20
  170      50         85      15000          0          0        125         10
  171      88         73       2290       7406          0        142         20
  172      22         44       4416          0        360        458         10
  173      98         69       2480        219         60        174         20
  174     137        103       1733          0         30        170         10
  175      63         90       2683          0        180        251         10
  176     153         52        615          0         90        231         10
  177      53         65         70          0         60        199         10
  178      30         42      11298          0        150        212         10
  179      47        129        723       1308        120        221         20
  180      64         12       2020          0          0         84         10
  181      23        100         30         36          0        126         20
  182     194         60      12139          0         60        228         10
  183      48          5       1638       4183        450        526         20
  184     177         74         50        113         60        200         20
  185     132         27         14          0         90        192         10
  186      54          2       7666          0         30        110         10
  187      22         99       2008          0         30        122         10
  188     133        100       3751       1524        390        527         20
  189      18         22        690        281        150        232         20
  190     122        109       1098       3238        180        286         20
  191     100         65       3415          0          0        128         10
  192      41         74        113         41         30         99         20
  193     169        147         10          0         60        217         10
  194       1         17         29       1669         60        230         20
  195      51        134         14          0        120        275         10
  196      74         92       1473       3547        120        246         20
  197     102         87         11        383        150        245         20
  198      29        131       1225       2550        300        396         20
  199      80         11       1799          0        360        524         10
  200     176        111       1654          0         90        220         10
  201     135        121        169          0         30        182         10
  202      25         47      14315          0          0        133         10
  203      77         63       6727        423          0        101         20
  204     131         83        299          0         60        155         10
  205     145         38         40          0         30        156         10
  206     139        104       1682          0        300        407         10
  207     179         67        382       1583         60        193         20
  208      60         10       2247          0          0         93         10
  209     185         56        943       2538        300        477         20
  210      83        141         70         23        120        233         20
  211      64         44        384       2694         30        124         20
  212     173         62        205       1859        120        264         20
  213     121         91        476          0        150        263         10
  214      27        127       1363       1951         60        162         20
  215     167         47       2447       1752        330        440         20
  216     163        111       1648       5955        120        258         20
  217     113         64       5953          0          0        142         10
  218     167         35      11558       3442        150        218         20
  219     160         33       2819          0        420        533         10
  220     157         59         52          0         90        166         10
  221      60        118       7904       5162         60        141         20
  222     142         35        252          0        180        260         10
  223     167         57       1475          0         60        181         10
  224     130        148       1672          0        150        233         10
  225      16        122       1708          0         30        145         10
  226      31        128        343          0        150        251         10
  227     192         92       5136          0        120        296         10
  228      37        123       1210          0         30        163         10
  229      26        126       3808       1708        180        277         20
  230      67         80        420          0        150        258         10
  231       8         43       2143          0        120        262         10
  232     122         30       1750         48        120        247         20
  233     160        101       2010          0          0        176         10
  234      27         46        210         59        120        204         20
  235      65         32       1190        196          0         74         20
  236      11         19       6393          0        120        230         10
  237      40        133         27         87        120        217         20
  238     191        100       3104          0        150        215         10
  239       8         81        232         34        120        191         20
  240     164         76       6937       8000         30        189         20
  241      36         79         86        212        450        517         20
  242     151        120       2582          0        300        443         10
  243       7        117         16      10588         60        175         20
  244     109         64      14768        232         30        131         20
  245      32        112       4944          0        360        513         10
  246     174         66         54       2020         90        226         20
  247     103        124       3789         80         60        232         20
  248      56         49       1691       6109        120        260         20
  249      76         56         43       5681         30        174         20
  250      94        103       1518        686        120        260         20
  251      36         72       2498        527        300        437         20
  252     176        126       5559          0          0        216         10
  253     122         59        641          0         30        183         10
  254       7         21        633          0          0        121         10
  255     134        122       1104          0        150        279         10
  256      26        127        117       1919        330        435         20
  257      81          8       1427          0          0        127         10
  258      77         42       7692       2905        360        445         20
  259      59         14       2558         67        120        248         20
  260      60         37         58      14448          0         65         20
  261      91         84       2130       1307        330        440         20
  262      33         64       1687       1516        120        268         20
  263      37         14        894          0        120        259         10
  264     110         21       2830          0          0        110         10
  265     143         31        112          0        300        434         10
  266     132         44       3422          0        210        282         10
  267     111         85       3239         34        120        268         20
  268      47         96       5906          0         90        190         10
  269      93         68        831         85        150        222         20
  270     101        120       1250          0        360        469         10
  271      44         51        240       1297        120        291         20
  272      82         15      13910          0        120        283         10
  273     150         49         57       2075          0        162         20
  274     174        119       2449       2204        120        215         20
  275     128        111       2939          0          0        162         10
  276      82         74        556          0         90        164         10
  277      85         83       6623          0          0        111         10
  278     138        146       1104          0         60        195         10
  279      44         78       1873       4411        420        519         20
  280     154        105       2750         12        180        285         20
  281      98         46      15000          0        120        277         10
  282      30        117       1507          0         60        160         10
  283     146         40         17          0        180        247         10
  284      86        102        615       2112        150        285         20
  285     108         21         28          0          0        103         10
  286      41        145       7246       3055        120        258         20
  287      68         95         50        538          0        122         20
  288      56         51       3668         21        150        258         20
  289      57         94       5245        902         30        136         20
  290      32         74        960       1273        120        220         20
  291      49         47         31        747          0        101         20
  292      43         16        992       1009        120        292         20
  293     147         39       2024       2295         90        195         20
  294     176        112         90       6575         90        255         20
  295     132         62        422          0        120        291         10
  296     139         33      12128       2872        120        282         20
  297     150         20       3561          0        120        197         10
  298     136        148         58          0         90        228         10
  299      64         90         81          0        360        493         10
  300     122         34       2224          0        120        223         10
  301     106        103         56        943         90        166         20
  302     150         27         93          0        150        227         10
  303      51        101       1613       3528        150        226         20
  304     127        133        733          0          0        181         10
  305     119         15       2659          0        420        480         10
  306     168         75       4492        515          0        183         20
  307      20        145        101          0          0        177         10
  308     176         59        200       2283        150        254         20
  309      67         91       2857       4092         30        203         20
  310      30         38         14       9754        120        254         20
  311      53         70        502          0         60        153         10
  312     128         72      13201       1799        210        287         20
  313      74         95       1290        123         30        163         20
  314     179        107      12420        142        120        206         20
  315     102         67       1641         27         60        152         20
  316      17         89       1415          0         60        191         10
  317     126        132       1472        222         60        196         20
  318      21         78      12793       2207        120        225         20
  319      58          2        272        167        120        198         20
  320      39         39       1802          0         60        204         10
  321      59         81        835          0        120        188         10
  322      29         31        135          0          0         88         10
  323      61        103       2360       8296        180        274         20
  324      84         85        648          0          0        141         10
  325      44         71        164        504        150        225         20
  326     115         96       3726          0         60        145         10
  327      80         48        173       3613        120        194         20
  328      69          1        665       4247          0        134         20
  329     117        100         13          0         30        160         10
  330      34         63        152          0         60        225         10
  331      15         81       1625          0        180        276         10
  332      17         49       1940         15        120        213         20
  333      97         37       1253         95         30        153         20
  334      71        100       5973          0         30        121         10
  335      73         55      14262          0        120        289         10
  336     132         61         15          0        120        265         10
  337     137         93       5834          0        300        462         10
  338     111         54         13        436          0        168         20
  339     169        111       1118       3641        120        248         20
  340     193         92       2155       4270          0        207         20
  341     147         94       1976          0        120        251         10
  342     186         74      10924          0        300        457         10
  343      30         54       1177        525        120        290         20
  344     166         88      10500          0          0        197         10
  345      74         85       1708          0          0        124         10
  346      28         31       1807         20         30        158         20
  347     158        128         27       1673         60        235         20
  348     101         85       1006          0        120        188         10
  349      76          4       4633       8065          0         76         20
  350      50         80        673       1629        300        404         20
  351     108        151      15000          0        300        395         10
  352      92         61       1511          0        120        257         10
  353      74         63       2340       8107        120        225         20
  354      70         55       3033       1094          0        112         20
  355     100        101        290          0         90        253         10
  356     117         42       1478        505          0        131         20
  357     128         71       1174       2961        150        284         20
  358      14        122        684          0        330        435         10
  359     199         87       1536        511        450        538         20
  360      90         28        374      14626        300        434         20
  361      47         51       2207       5899         30        115         20
  362      34        124         90         22         30        146         20
  363     162        117       2284          0         60        219         10
  364     106         65       3641       1748        150        251         20
  365      54        117         53       5147        120        235         20
  366      56        103       3792          0          0        159         10
  367      87         93       2024          0        150        216         10
  368     173         43       2819          0         90        172         10
  369     135        130       4812          0        120        230         10
  370      18         11        335          0          0        109         10
  371      92        120        250          0         30        162         10
  372       7        116        147       1749        120        281         20
  373     164         90      12955       2045        300        399         20
  374     178        117       2568          0          0        209         10
  375     164         70       1545          0        120        195         10
  376      21          7       1038          0         90        189         10
  377     131         51       2121          0        120        236         10
  378      62         17        162       2237        300        435         20
  379     111         70       5395       2706         90        173         20
  380      56         64       1200          0          0         84         10
  381      33         69         72          0          0        128         10
  382       5         20       1230       6346        120        212         20
  383      66         71       7810       7190          0        103         20
  384     121        142       1557      13443        120        242         20
  385      24        114       1755          0          0        144         10
  386     151         82       1594        107         30        185         20
  387      60        151       1891          0        210        281         10
  388     146        112       3512          0         90        178         10
  389     132         56        254      14746        360        501         20
  390      78         32       7967       2036          0         81         20
  391     193         91       2004          0          0        211         10
  392      99        108       6709          0          0        142         10
  393      50          1        768        190        120        235         20
  394     123        124       6744          0        330        442         10
  395     139         91       1580        714        150        260         20
  396     107         85       1526       8945        120        232         20
  397      11         33       4619          0         30        108         10
  398      77         20        347          0        150        286         10
  399      55         65       4554          0         30        168         10
  400     152        110       1356          0         90        230         10
