400_233

CUSTOMER  VEHICLE
NUMBER	  NUMBER     CAPACITY    DispatchingCost
    400     500          40000       100

CUSTOMER
CUST NO.  XCOORD.   YCOORD.   DDEMAND   PDEMAND   READY TIME  DUE TIME   SERVICE TIME

    0      41         23          0          0          0        960          0
    1      87         81        949          0        360        471         10
    2      20        119         90          0        180        249         10
    3      56         49       1691       6109        120        260         20
    4     176         77       5595          0        120        189         10
    5     149        141         90          0         60        199         10
    6     103        124        181          0        180        286         10
    7     146         33        127          0         60        232         10
    8       6         26       3038       1970          0         96         20
    9      74        120         20          0          0        167         10
   10      20         21       2489       2006        210        291         20
   11      12         98       1233          0         90        246         10
   12      41        145       7246       3055        120        258         20
   13      12         30        303          0        150        227         10
   14      95         90        390       1647        120        235         20
   15      59         85        345        668         30        108         20
   16      97         37        103       2795         30        196         20
   17     119         15       4175       4102         30        159         20
   18      10         44       9023       1791        390        461         20
   19      54         40         95          0        120        220         10
   20      40        155        128         35        180        254         20
   21     133        102         73          0        120        285         10
   22      65        134        847        877        120        230         20
   23      44         78       1873       4411        420        519         20
   24     169         76       4559         30        150        249         20
   25      62        135       1240       2938         90        228         20
   26     192         92       4479        387        360        488         20
   27      41         74        113         41         30         99         20
   28      88         73      14285        715          0        119         20
   29     120        103      13520        261        120        229         20
   30     173         43       2819          0         90        172         10
   31      31        142       5368       2559        390        470         20
   32      93         68       2493          0         30        147         10
   33      90         74       1490          0          0        111         10
   34      68         73       4524       5873        120        191         20
   35      15         41       2076          0        120        262         10
   36      94        118       2191          0        180        250         10
   37      32         74        960       1273        120        220         20
   38      26        126       9670       1506        330        457         20
   39     136        148         58          0         90        228         10
   40     134        122       1104          0        150        279         10
   41     148         23        926          0          0        141         10
   42     121         73         21          0        300        459         10
   43      65         12        287          0          0         72         10
   44      64         71        840       3155        300        416         20
   45      57        117       7204          0         60        140         10
   46     123         54      12556          0        150        238         10
   47     119         11       2041          0          0        132         10
   48      46         52       4362        227          0         80         20
   49      76         87       6305          0        450        525         10
   50      86        140        100       4343          0        176         20
   51     113         48       2963        624        300        410         20
   52      95         82        699          0        120        187         10
   53     150         67        227          0          0        155         10
   54      44         47      13065          0        150        280         10
   55      17        119        170       2379        150        279         20
   56      59        134        864          0        120        196         10
   57      85         61       3805        210         60        151         20
   58      38         31       1285       1542        120        279         20
   59     115         96      11435          0          0        160         10
   60     145        124        149          0          0        191         10
   61      74         95       1290        123         30        163         20
   62      62         46       1630       2155        300        397         20
   63      73         65       1739       4416        120        231         20
   64     131         51       1750          0         90        263         10
   65      76          4       4633       8065          0         76         20
   66     137        143       3153       5087        180        292         20
   67     195         59        736          0         60        200         10
   68     146        130       1611          0        180        278         10
   69      72         92       2616        234          0        161         20
   70       8         10         42       8254        150        292         20
   71     119        140       1919       4387        360        499         20
   72      10        116         86       1521         60        226         20
   73      83         74       1537          0         60        231         10
   74     111         25        700       1224          0        120         20
   75     122        139        175          0        150        254         10
   76      48          5        806       2334          0        142         20
   77     135         26       3579       2020         60        186         20
   78      78         87         56       1532        120        278         20
   79      80         46         21          0        120        224         10
   80     149         29       8095          0          0        151         10
   81      53         37       1685        404        360        499         20
   82     103        127       4593       2410         60        157         20
   83      24        109       1096        166        390        459         20
   84      49         88       1526       1790         90        228         20
   85      96         86        212        673        120        288         20
   86     181         68       1149          0         90        185         10
   87     166         28       2289       1712        180        263         20
   88      10        117       1817          0          0        149         10
   89     154        131      10211       4789        180        289         20
   90      69         51       7005       1959        120        239         20
   91      16         62         77       8312        120        241         20
   92     110         92       2702          0         60        221         10
   93     173         95       3140       2399          0        199         20
   94     111         54         13        436          0        168         20
   95      84         85         81          0        120        253         10
   96      69         21       2988         37        120        196         20
   97      77         42       7692       2905        360        445         20
   98       7         18         66         20        150        265         20
   99      57          0       4103        156        120        247         20
  100     148        116       3610          0        300        445         10
  101      30         38         14       9754        120        254         20
  102     155         24       1664       1500         30        201         20
  103     150         70       3899        511        300        469         20
  104     113         64       5953          0          0        142         10
  105      35        109       2377          0        120        202         10
  106      33         69       8738          0        120        271         10
  107      51        134         14          0        120        275         10
  108     185         98       3330       1980         60        203         20
  109     144         18       1092      13908         60        147         20
  110     109         65      15000          0          0        118         10
  111     164         70       2361       1816        300        428         20
  112      37         14        902          0          0         76         10
  113      16        118       7875       2080        390        525         20
  114      87         73       2733         25        120        285         20
  115     141        142       2973        620         60        236         20
  116     152        146        250          0        390        470         10
  117     198         85       1522        586        120        259         20
  118     181         42       4565       2636          0        180         20
  119      52         61       1464       1944          0        101         20
  120      62         45       3063          0        120        200         10
  121     128         89       1706       1109        150        245         20
  122      17         89       1415          0         60        191         10
  123     151        143         28          0         60        195         10
  124     167        147        140         87         60        233         20
  125     151         92        543       7575          0        168         20
  126     138        128       1884          0         30        182         10
  127      72         99         83       1750        120        274         20
  128       9         44        287          0        390        467         10
  129      58         88        422       1246        150        294         20
  130      94         94       1502          0          0        139         10
  131     102         93       2828       1365        360        427         20
  132      90        124         22          0        120        291         10
  133     102         75       2796          0        210        287         10
  134      47        129       1464         56         30        161         20
  135      64        137       1077       1708        360        530         20
  136      38         32        545        109          0        165         20
  137     151        109        891          0         60        201         10
  138      13         38         27       1613         30         98         20
  139     150         81         97        351        180        289         20
  140     122        101       1641          0         30        166         10
  141     135        121        172        566         60        196         20
  142     107        138        472       3161         60        208         20
  143     135        136         22        397        120        289         20
  144     150         79         92        301         60        226         20
  145     101        111        110          0          0        143         10
  146      24        114        503          0        300        405         10
  147      91         55       6953          0          0        131         10
  148     168        140        643          0        360        454         10
  149     101         97         17         91          0        133         20
  150      52         28        291       1842          0        103         20
  151     142         29      10671        395        300        403         20
  152     143        102       8871       6129        120        259         20
  153     153        148       3786          0         60        219         10
  154     115         60       1628       1011          0        127         20
  155     172        113       2392          0         30        196         10
  156      90         29        600          0        120        192         10
  157     108         38       1775          0         30        193         10
  158      76         31        206      14794          0        166         20
  159     117        146         75       4866        120        193         20
  160      80          5         70          0        150        276         10
  161      26        127        117       1919        330        435         20
  162     123         63       1669       1523         30        186         20
  163     174        119       2449       2204        120        215         20
  164      61         49       1523          0        150        242         10
  165     121         32       2146         93         30        205         20
  166      54        117       2175      12825        150        292         20
  167      87        140       2695       3645        150        220         20
  168      71        129      12904         84          0        154         20
  169      75        126      13578       1422        360        428         20
  170     184         71        335          0        120        196         10
  171      91         95       1931        924         30        144         20
  172      66        119       1551          0        150        227         10
  173     127         93       3480        233        180        254         20
  174      72         39         16          0        120        231         10
  175      85         77       7409          0         60        220         10
  176     177        110         48          0         90        253         10
  177     179        107      12420        142        120        206         20
  178      76         76        191          0         60        220         10
  179      26        113        129          0         30        191         10
  180      16        122        679          0        150        261         10
  181     160        108        591       3008        180        248         20
  182      75         55         74          0        120        232         10
  183      60         37       1380          0        120        233         10
  184     139        104        363       3213        120        213         20
  185      87        139         60          0         90        167         10
  186     126         89       1026         57         60        218         20
  187     109         94       1512       2434         60        186         20
  188      67         94        266          0         30        128         10
  189     137        103       2176       7889        150        249         20
  190     135         51        172         41        120        247         20
  191     180         65        672         19        150        279         20
  192      59        106       1712          0          0        136         10
  193     112         37       2469          0        150        290         10
  194      32         73       3613       1893        360        487         20
  195     148         94      12593       2407        150        227         20
  196     101         20        428       1271        120        184         20
  197     110         21        806          0        330        464         10
  198     138        146       1104          0         60        195         10
  199     158         73        166          0          0        174         10
  200      95         66         82        101          0        108         20
  201     106        103         56        943         90        166         20
  202      11         34        715       1709          0        163         20
  203     151        123       1225          0        120        221         10
  204      11         17        198       1008         30        133         20
  205      57         94       1829          0         90        233         10
  206      53         65        288        392        120        249         20
  207      29        110         55        432         60        199         20
  208     106         66         82       1254         30        183         20
  209      51        114       1974       1723        300        401         20
  210     111         85       3239         34        120        268         20
  211     161         87       2738          0        120        226         10
  212     120        109         22       1769         60        170         20
  213      47         51       2207       5899         30        115         20
  214     139         91       1580        714        150        260         20
  215     101        117        637       2111         60        233         20
  216      18         22       2684          0          0        102         10
  217      41         70        684          0          0        172         10
  218     186         72         91       2136         60        206         20
  219     129        122       2424          0         60        187         10
  220     118         94       3792          0        120        202         10
  221      67         80        420          0        150        258         10
  222     100        116       1072          0          0        158         10
  223      87          8        240          0        120        260         10
  224      73         89       1815       1071        210        282         20
  225      34         65       3800          0        420        522         10
  226     145         69         44          0         30        143         10
  227      43        122       6257          0         30        164         10
  228     129         71       7335          0        180        265         10
  229       7         32         33       3879        120        195         20
  230     188         83       2334          0         90        204         10
  231      16         10      10906       4094         30        169         20
  232      37        100       1221       2447        330        467         20
  233      89         84         46       1461         60        169         20
  234      67         61         30          0          0        127         10
  235      15         10        239          0         30        168         10
  236      36         72       2498        527        300        437         20
  237      42        125       1366          0        390        531         10
  238     127         37       5281        270          0        138         20
  239      85         74       3146        252        150        233         20
  240     198         79       1205          0         90        203         10
  241      73        123        133       1185          0        166         20
  242      28        101        650        261          0        118         20
  243      56         10        115       1992          0        135         20
  244     139         18         43       2453        120        190         20
  245     172         43        183          0         90        186         10
  246     112         20        189          0        120        281         10
  247     132         56       3585          0        120        215         10
  248     152         75       1838       1919        120        224         20
  249      84         75         36       4537        360        525         20
  250      76        127       4385          0        330        405         10
  251     105         68        177        145         30        143         20
  252     117         97        345          0         60        189         10
  253      60         43        136          0        120        193         10
  254      27         84         33      14967         30        165         20
  255     194         82       2787       2387         30        203         20
  256      22        151       8726          0          0        183         10
  257     110        119       1017          0        210        288         10
  258     142         35       6869          0        150        294         10
  259     112        138      13644       1356        120        250         20
  260      49         43       6189          0         30        101         10
  261      21          7       7043        123          0        161         20
  262      42         23       4798          0         30        113         10
  263     176         59       3726          0        150        283         10
  264      53        120        132        741         60        159         20
  265     142         31       1380          0         60        168         10
  266      44         48       1146        110        390        471         20
  267     189         85       1869       1825          0        199         20
  268      71         81       2228       7966         30        173         20
  269      79        119        519        759         60        165         20
  270      22        146       1463       3399        120        285         20
  271     191         57       1758       2206         90        201         20
  272      85         76      13438          0        300        434         10
  273      39         52         90          0          0        107         10
  274     108         46         98          0        120        202         10
  275      93        152       6160          0         30        195         10
  276      31         40      14776        224        120        187         20
  277      75        156        695       5746         60        199         20
  278     116         43       3860          0        120        198         10
  279     119         64      13401          0        360        459         10
  280     197         87        781       2435        300        467         20
  281     176        126       5559          0          0        216         10
  282     117         63      11844          0        150        284         10
  283     134         34        299        201          0        142         20
  284      29        130       1851       2076         30        160         20
  285     197         70       7034          0        210        296         10
  286      61         63        183          0         30        140         10
  287      27         24         52          0          0        138         10
  288      55         47       1285        100        390        490         20
  289     170        139       2300          0        180        263         10
  290      82         90       1382      13618         60        201         20
  291     122         34       1862         70         30        115         20
  292      34        106        384        417          0        148         20
  293      64        132        137          0         60        224         10
  294      51         80         35          0         90        216         10
  295     100         53      13506          0        120        254         10
  296     121         45       2293       7629         90        167         20
  297      13        119       2319          0         60        227         10
  298      77         20       1976       8108          0        167         20
  299     126        132       1472        222         60        196         20
  300     192         62       1622        257          0        205         20
  301      32          5        585          0        120        246         10
  302      77         44       4410          0          0        128         10
  303      63        111       1269       2888          0        123         20
  304     120        117       6626       6368        420        525         20
  305      80         93       2005         32        120        197         20
  306     115         31       1754          0        120        245         10
  307     124         96       1879          0          0        162         10
  308     160         92        750       2077         60        218         20
  309      50         85       1874          0         60        198         10
  310      73         81       3084          0         30        141         10
  311      57         70       1258       2997        360        467         20
  312      92         52       2272         40        120        236         20
  313      38         24       4771       7888          0        169         20
  314     176        111       6331          0        150        293         10
  315      47        141        257          0        300        408         10
  316     121         66       2147          0          0        167         10
  317      42         52       1802          0          0        145         10
  318      58         21       1892          0          0        135         10
  319      44        101       1242          0         30        183         10
  320      99         37       1069          0          0        100         10
  321      28         10        181        583        120        276         20
  322     130         44        237          0        120        229         10
  323     150        127        252        112         90        253         20
  324      24        100       4040          0        150        250         10
  325      66        135       2116          0         90        200         10
  326     114         56       8362          0         30        201         10
  327     141         68       3120          0        330        433         10
  328      44         51        240       1297        120        291         20
  329      54        130       4493        879        180        286         20
  330      36         20        110        718          0        176         20
  331      81        139        847          0         90        196         10
  332      99         58       3995        140        300        401         20
  333      81         23      15000          0        330        401         10
  334     140         47       5638          0        330        494         10
  335      53         61       7335        178          0         76         20
  336     109         51       1301        299        300        459         20
  337     142        136       2434        856        180        240         20
  338      53         45         31          0         30         95         10
  339     153         52        615          0         90        231         10
  340      14        122       9250          0         90        232         10
  341     127        122         14          0        120        266         10
  342      13          8       2823          0          0        149         10
  343      90        102       3642          0        390        518         10
  344      75         34        803       5376        120        253         20
  345      34         33       6923          0          0         76         10
  346      24        148         40       1123        180        277         20
  347     106         10       2243       2026        360        496         20
  348      46        125       1175      13825          0        153         20
  349      71         19       3406        567          0         66         20
  350      93         65        975          0        120        188         10
  351     141         70        269         12        330        458         20
  352      53         70        502          0         60        153         10
  353      90         73        264        575         30        147         20
  354     164         76         51        577        180        251         20
  355      30        106       5649       9351         30        124         20
  356     128         71       1174       2961        150        284         20
  357      88         67        619          0         90        216         10
  358      87        130         12          0         30        164         10
  359      15         52        136       2360        150        242         20
  360     104         70        279       2024        120        183         20
  361     139        107       4140        182         60        172         20
  362      25        117      14638        287          0        134         20
  363      64         40        280          0          0         77         10
  364      95        146       1549          0         90        195         10
  365      85         45        667          0        120        203         10
  366      53         78       5064         22          0        101         20
  367      40         86       6622       8378        450        525         20
  368      29        114      11268          0          0        149         10
  369      32        112       1854          0        120        208         10
  370     157         96       1116        621         90        230         20
  371       8         46       1713          0        180        266         10
  372       5         36       1095          0          0        143         10
  373     142         91       6861          0         90        256         10
  374      10         48         25         20        120        230         20
  375     132        144       4836        131        300        401         20
  376      76         78         13       5049        180        287         20
  377     118         67        576          0         60        167         10
  378      29        108        306       1816        180        277         20
  379      66         58       1700      13300        120        288         20
  380     102         67       1641         27         60        152         20
  381     106         65       3641       1748        150        251         20
  382      92         88         12          0        150        254         10
  383      65         79         29       9866        330        493         20
  384     146         56       1613          0         60        174         10
  385     164         85       1673          0         90        219         10
  386     138         56        108       7691        120        185         20
  387      57        153       7500        437        120        231         20
  388     111         41        306       2191        120        230         20
  389      84         78       6367        925          0        160         20
  390      48         47         97          0          0        132         10
  391     199         74        336          0          0        208         10
  392     144         34       2376       1927        360        436         20
  393      35         63       1931          0          0        100         10
  394       5        113       1464      10147         90        248         20
  395      17         36        277          0         30        157         10
  396     117        145       2555       2247        180        282         20
  397     108        151      15000          0        300        395         10
  398     185         73       1929       2138         60        194         20
  399      55         65        330       1770        120        285         20
  400      84         66        450          0        180        273         10
