400_29

CUSTOMER  VEHICLE
NUMBER	  NUMBER     CAPACITY    DispatchingCost
    400     500          40000       100

CUSTOMER
CUST NO.  XCOORD.   YCOORD.   DDEMAND   PDEMAND   READY TIME  DUE TIME   SERVICE TIME

    0      41         23          0          0          0        960          0
    1     192         92        889       1774         90        205         20
    2      80         48        156          0          0        141         10
    3       2         22       6503          0          0        136         10
    4       5        113       1464      10147         90        248         20
    5     164        107         48          0        180        280         10
    6      70         55        181          0          0        147         10
    7     160        108        591       3008        180        248         20
    8     108         42      11329          0          0        109         10
    9     115         60        742          0         90        220         10
   10     166         88       5588          0         30        195         10
   11     144         54       1416       1838          0        147         20
   12      80         70       2014          0        120        276         10
   13      56         51       3668         21        150        258         20
   14      55        104        169       1793         30        190         20
   15      55         47       1590       1646         30        158         20
   16     170        137       1498      13502         90        218         20
   17      41         74        113         41         30         99         20
   18     134         33        760          0        360        429         10
   19       6         26        103        338         30        167         20
   20      95         82        699          0        120        187         10
   21     186        107       1747          0          0        221         10
   22      26          9         90        686        120        243         20
   23       7         32         14          0        120        230         10
   24     138         53       6618       1944        360        451         20
   25      45         78        146          0         90        165         10
   26     179        114       1724          0         30        220         10
   27     106         81       2116          0          0        128         10
   28      34         63        152          0         60        225         10
   29      63         48       1520       2363        120        255         20
   30     132         36       1052          0        120        198         10
   31     163         99        102          0        120        257         10
   32      76         59       2958          0          0         97         10
   33      83         64        104         25        120        287         20
   34      77         44       4579       3422        120        285         20
   35      73         81         86        312        150        293         20
   36      52          0         76          0          0         73         10
   37     149         34       1568       3152         90        254         20
   38       5        116       2268          0        360        520         10
   39      25         52       5079       2017        180        287         20
   40      15          3        401         98        120        222         20
   41     104         91       1115        109         90        161         20
   42      96         68       2354          0          0        127         10
   43     159         43       5669       1990        360        466         20
   44      11         33       2028          0        120        246         10
   45      81         81       6248       2011          0        134         20
   46      50          1        768        190        120        235         20
   47     104        109       1628        251        180        294         20
   48     174        119       2449       2204        120        215         20
   49      41        145       7246       3055        120        258         20
   50      63         20         81          0         30        101         10
   51     166         28      11551        984         30        194         20
   52     108        151      15000          0        300        395         10
   53     130         44        237          0        120        229         10
   54     107        138        472       3161         60        208         20
   55     126        111       1629       9241        150        251         20
   56      82         90       1382      13618         60        201         20
   57      76          4       4633       8065          0         76         20
   58      91         84       3872          0         60        158         10
   59     108         46         98          0        120        202         10
   60      30        154        476        309        360        461         20
   61      86        140       4314          0        300        416         10
   62     103        128       4840       1094        120        294         20
   63     132        121        147          0        150        259         10
   64      36         72       2498        527        300        437         20
   65      17         18         15        664          0        102         20
   66      17        126         84          0         30        150         10
   67      96         82         90       3809         90        189         20
   68      97         36       1434          0        300        410         10
   69     155         88         83        748         90        186         20
   70       1         25       3149       3212         60        173         20
   71      69         51       7005       1959        120        239         20
   72      25         50       7260       2850        120        236         20
   73      74         95       5497       2199          0        125         20
   74     150         46      10588          0         60        199         10
   75       8         43       2143          0        120        262         10
   76     118         86         13          0        360        498         10
   77     115        114        674          0         30        168         10
   78     154         39       1879          0        300        404         10
   79      56         64       1200          0          0         84         10
   80     127         93       3480        233        180        254         20
   81     167         47       2384          0         60        205         10
   82      41         73       1594          0          0         97         10
   83      82        107       2525        182         60        195         20
   84     111         83        937          0        420        533         10
   85     157         96       1116        621         90        230         20
   86     174         54       1034          0        180        264         10
   87     131         83        299          0         60        155         10
   88     111         54       3504          0          0        113         10
   89     133         70        282      14718          0        151         20
   90     132        144       2415       2478        120        266         20
   91      81        139        847          0         90        196         10
   92     138        146       1104          0         60        195         10
   93      40         86       6622       8378        450        525         20
   94      16         35         87      10255         30        115         20
   95      74         63        354          0        210        277         10
   96      58         88       1900          0        150        271         10
   97      24         59       4918          0        390        502         10
   98      76        127       4385          0        330        405         10
   99      10        116       1261          0          0        149         10
  100     176         77         39          0         60        200         10
  101     133        100       3751       1524        390        527         20
  102      30         54       1177        525        120        290         20
  103     121         91        476          0        150        263         10
  104     120         97         25          0         60        171         10
  105     111         85       3239         34        120        268         20
  106     179         61       8000          0         60        197         10
  107      51        114       1974       1723        300        401         20
  108      90        124        108        137        210        285         20
  109     148         30       5837       1870         90        163         20
  110      46        113       3136          0         60        219         10
  111     126         66        123          0         90        222         10
  112      86         77       1708        227        330        399         20
  113       7         33       2495        190          0         98         20
  114     162        118       1709          0          0        199         10
  115      68         94       4472       1951        120        198         20
  116     129         24       1772       9984        300        461         20
  117     134         55       1993       3211        150        296         20
  118      94        118       2191          0        180        250         10
  119      21         40       3810          0          0        140         10
  120      68         95         50        538          0        122         20
  121     167        147        140         87         60        233         20
  122     174         99       2160        447          0        203         20
  123      74         20       5221       6408        120        229         20
  124      20         39         60        108          0        106         20
  125      65        148       4849          0        300        405         10
  126     173        111       1961          0        120        216         10
  127      75        130        263          0         60        165         10
  128     106         59       4453          0         90        161         10
  129     139         18         43       2453        120        190         20
  130     119         11       2041          0          0        132         10
  131      78         17       2692        337        390        461         20
  132      70        125       1563        238         90        172         20
  133     154         27        443          0        300        426         10
  134      61         49       1523          0        150        242         10
  135     119         55         96       1895         90        199         20
  136     114         56       8362          0         30        201         10
  137      50         64       2911          0          0        109         10
  138     139         70         46          0         30        200         10
  139      95         84       3079          0         90        213         10
  140     146        132       4255          0         60        217         10
  141     125         51       2157          0        120        281         10
  142      52        152       1744          0        120        206         10
  143      39        139        147         13          0        163         20
  144     197         70         83          0         60        208         10
  145      57         29        170          0          0        129         10
  146      80         64        665         95          0         97         20
  147      33        137       1169          9        150        263         20
  148      76         68        612        406        210        281         20
  149     150         20       3561          0        120        197         10
  150     122         83       2054          0        180        253         10
  151     168        109       3646          0         60        190         10
  152     115         61        170          0         60        190         10
  153     100         67      12718          0          0        141         10
  154      41         23       1777          0        120        288         10
  155       7        117        610        100         60        189         20
  156     107         63       3716       4355         30        185         20
  157     137        143       3153       5087        180        292         20
  158     131        104       6827          0        330        469         10
  159      22         92         22        356          0        118         20
  160      13         12       2221       2094          0         93         20
  161      65         88       3389          0        360        517         10
  162     121        147       6372       1923        150        256         20
  163      30         38         14       9754        120        254         20
  164     121         85        191        147        360        438         20
  165      88         63       2453         17         30        116         20
  166      73         89         54          0         90        258         10
  167     129        122       1595       1221        210        279         20
  168     106         68       3813          0        360        514         10
  169      85         76       5364       1506        120        233         20
  170      39         48       1791       1043          0        125         20
  171     164         70       2361       1816        300        428         20
  172       0          8       5321        105        120        223         20
  173      77         63         68       4814         60        167         20
  174      42         14       2710          0         90        230         10
  175     138        128       1884          0         30        182         10
  176     150        108       1173       3114        330        470         20
  177     191        100       3104          0        150        215         10
  178      54         96         16          0        120        248         10
  179     135         51         64       4551          0        135         20
  180      21        101       3626       2067        360        423         20
  181     102         87       2047        179        120        259         20
  182     103        127       4593       2410         60        157         20
  183      68          2         26        174          0        145         20
  184     135        136         22        397        120        289         20
  185      48        154         21        455         90        217         20
  186      50        123        657          0        150        296         10
  187     160         56      13442       1558         90        220         20
  188      73         56         10          0          0        134         10
  189      23        118        170          0          0        141         10
  190     112         47       4377          0        120        200         10
  191      14         39       9754          0        330        465         10
  192      69         92       2542          0        120        291         10
  193      45        116       4319        893          0        140         20
  194      42         23       1844       1205        120        218         20
  195     174         93        530       5280         90        188         20
  196     198         67         52          0          0        199         10
  197     160         74         49       1329        180        288         20
  198     153         42        610          0          0        148         10
  199     115         31       1754          0        120        245         10
  200      75        156        323         11         90        235         20
  201      10         44       9023       1791        390        461         20
  202     115         83       1898          0         60        185         10
  203      87         93        784          0        150        294         10
  204     108         18      11093        260        330        468         20
  205      38         32       1886          0        420        520         10
  206      54          2        181         31          0        110         20
  207     145        124       2437          0        150        252         10
  208     101        111       4531       2816        120        277         20
  209      34         98       1429          0         90        220         10
  210      51        150       1346       4497         90        249         20
  211      99         80       8000          0          0        164         10
  212      16         62         77       8312        120        241         20
  213      45         61       1970        147        120        198         20
  214     195         59       1733          0         30        202         10
  215     181         73       1888          0         30        192         10
  216      44         78       1873       4411        420        519         20
  217     160        101       2010          0          0        176         10
  218      26         76        108       9297        300        404         20
  219     170         82       1975       9336         90        250         20
  220     150         27         93          0        150        227         10
  221      40        112      13471          0        120        186         10
  222     173         85       4842        248         60        183         20
  223      26        142       2377       1745        180        252         20
  224      56        103        362         37          0        132         20
  225      48          5        806       2334          0        142         20
  226      43        129       1640          0         60        141         10
  227     169         35       1862        106          0        162         20
  228     142         35       6869          0        150        294         10
  229     116         85         40          0        330        498         10
  230      79          7       4270       2827        120        280         20
  231     170         36       5879       1769        120        186         20
  232      32        115       6757       1941        390        527         20
  233      21         41       7170          0          0        102         10
  234      88         73      14285        715          0        119         20
  235      63        135       7890        890         60        226         20
  236      11         17       2253        197          0        131         20
  237     162        117       3616          0        210        281         10
  238      13         87       1330          0          0        122         10
  239      91         12       2290          0          0        134         10
  240     107         61       2635          0          0        169         10
  241     177         48        264          0        120        283         10
  242     160        118       6111       1029         90        224         20
  243      65         57         72       2160        120        253         20
  244      56        114        587       1940          0        136         20
  245      60        118       7904       5162         60        141         20
  246      91         73       4176        207         60        131         20
  247      64         54       8731          0        300        438         10
  248     132         56       3585          0        120        215         10
  249      51        101       1613       3528        150        226         20
  250      26        113        236       4829          0        128         20
  251     160         78        606       1253        180        250         20
  252      88         54       1037       7180          0        101         20
  253      33         69       8738          0        120        271         10
  254     100         84       2429          0          0        123         10
  255      43         16        992       1009        120        292         20
  256     123         59       6700       4619         30        204         20
  257      34        137       5813         74        300        434         20
  258      35         26       1192         21        120        234         20
  259      79        130       1720          0        120        191         10
  260      96        112         35          0         60        150         10
  261     148        126       1719          0          0        199         10
  262      14        122       9250          0         90        232         10
  263      37         14        894          0        120        259         10
  264     148         43       1176          0        330        408         10
  265     181         42       4565       2636          0        180         20
  266      82         15      13910          0        120        283         10
  267      13         84        171       3282        360        473         20
  268     156         67       9316       1976         60        164         20
  269      62         67       2332          0        360        441         10
  270      60         49       1543         90         30        166         20
  271      62         45       1457       1225        300        410         20
  272     151        123       9812       5188        360        535         20
  273      66        109       1110          0        180        246         10
  274     112         74        350          0         60        182         10
  275      34        124       9338          0        120        284         10
  276      30         43         37          0        120        253         10
  277      84         85         81          0        120        253         10
  278      82          9      11160        222          0        127         20
  279     187         93      13543       1457        300        436         20
  280      61         30       2067       6210          0         72         20
  281      86        102        531      14469        180        288         20
  282      27         84       1142       3496          0        125         20
  283      49         47        679          0        120        189         10
  284     155         35         78          0         30        161         10
  285      22         99       2276          0         60        134         10
  286      20         21        920       1159        120        285         20
  287     177         74         50        113         60        200         20
  288      23        102        617       2432        390        464         20
  289     153        146       2403       1306        390        533         20
  290     107         77       3438       2076        150        220         20
  291     106         10       2243       2026        360        496         20
  292      95         91       1841       1378          0        166         20
  293     117        100         13          0         30        160         10
  294      38        113       2703         77          0        154         20
  295      17         36        298        746        150        250         20
  296      80         46         21          0        120        224         10
  297     142         19       5356          0        330        423         10
  298      71        129         13        101        120        184         20
  299      32         83       1242       5845        120        219         20
  300     114         77         11        615         30        170         20
  301      46         46         22      11398        120        216         20
  302     120         33       9977          0        390        496         10
  303     131         44        310          0        120        188         10
  304     176        111       1654          0         90        220         10
  305      66        152       3277         72          0        161         20
  306      73         92       5409        719         60        236         20
  307      73        157        383          0        300        456         10
  308     194         65         76          0        180        284         10
  309      57        153        299         30        360        455         20
  310      42        127       2066      12934        120        248         20
  311     145        134        181          0        300        401         10
  312      19         13       1044          0          0         64         10
  313      15         36       1121          0        210        276         10
  314      73         55      14262          0        120        289         10
  315      97         86        559          0         30        147         10
  316      11         48       9418        749          0        125         20
  317      10         51        117          0        150        296         10
  318      67         61        352          0        120        289         10
  319     144         34       2376       1927        360        436         20
  320      57         94       1829          0         90        233         10
  321      36        106       1722       6296        360        463         20
  322      25        155       4785          0        390        528         10
  323     190         58        120          0          0        204         10
  324      45         79       2851          0        120        212         10
  325     142         59        291          0         30        172         10
  326      99         64       1879          0         90        176         10
  327     172         39       6060          0          0        177         10
  328      68         21       3467          0        120        254         10
  329     158         71        370          0          0        169         10
  330     140         38        155        448         90        262         20
  331      21         80       1559        450        420        514         20
  332     106         83       5186          0        300        442         10
  333      64         12       1443          0          0        143         10
  334      17        119      13931       1069         90        263         20
  335      55         60       2170          0        150        232         10
  336      40         67       1644          0        450        523         10
  337     118        100        337          0         60        214         10
  338     120         85         96          0        180        297         10
  339     132         69         13        433         90        230         20
  340     117         97        345          0         60        189         10
  341      81         23      15000          0        330        401         10
  342      59        106       8684          0         60        231         10
  343       1         19        633          0        120        225         10
  344      29        108        306       1816        180        277         20
  345      58         21       1892          0          0        135         10
  346      85        102       2066        249         60        202         20
  347     135        121        172        566         60        196         20
  348      74         92         36          0        120        249         10
  349      15         42       5014       1889        330        436         20
  350     109         98       2338       2432        120        246         20
  351     136         72       1950         36        120        293         20
  352      77          6        503          0        120        228         10
  353     151         49        118       1291        180        247         20
  354     102         75       3753          0         30        136         10
  355     131         89         49          0        120        184         10
  356      86         81       2042          0        300        442         10
  357     196         74       3743          0        210        292         10
  358      42         62         51          0         60        172         10
  359     176        112       3983       1777         60        201         20
  360     132         27         14          0         90        192         10
  361      90         47       2146          0        120        281         10
  362     194         60      12139          0         60        228         10
  363     111         65       3524       6652        360        492         20
  364      42        125       1366          0        390        531         10
  365      11         19       6393          0        120        230         10
  366     132        151         46          0         30        204         10
  367      48         47       2496       5873        210        279         20
  368      73         96       1678       2545        180        255         20
  369     134         73       1174       5745         30        143         20
  370      85         83        263          0          0        127         10
  371      92         61       1511          0        120        257         10
  372     109         94       1274       1998        120        200         20
  373     117         56       7730       2583          0        135         20
  374      81        134       1348         82         60        155         20
  375      13          8       1062          0        120        288         10
  376      89         56        625       1959          0        116         20
  377     131         32       5051        306          0        134         20
  378     121        142       1557      13443        120        242         20
  379      78          7       1618          0         30        115         10
  380     109         51       1301        299        300        459         20
  381     129         72       2012       1440         90        174         20
  382     109        146       4850       6304         60        190         20
  383       5         36       1577          0          0        167         10
  384      91         72        129          0         90        230         10
  385     102        100       1673          0        120        249         10
  386     163         65       2020          0          0        177         10
  387      87         53       8945          0        360        525         10
  388      96         87       1842        147        450        527         20
  389     106         55       4592          0        120        293         10
  390      57        117       7204          0         60        140         10
  391      28         74        252          0         90        172         10
  392      63         52        656          0        150        284         10
  393      37         72       6072       2024        150        287         20
  394      31         76       1982          0          0        164         10
  395     153         27        132       1985        120        191         20
  396     101         81        196          0         60        224         10
  397     101         97         17         91          0        133         20
  398      34        147       1520       1641         60        171         20
  399     110         49         60       2379         90        245         20
  400      96        118        111          0         30        172         10
