400_253

CUSTOMER  VEHICLE
NUMBER	  NUMBER     CAPACITY    DispatchingCost
    400     500          40000       100

CUSTOMER
CUST NO.  XCOORD.   YCOORD.   DDEMAND   PDEMAND   READY TIME  DUE TIME   SERVICE TIME

    0      41         23          0          0          0        960          0
    1      42        107         23       3646         90        236         20
    2      27         46       1424          0          0         86         10
    3      14         34        456          0        120        280         10
    4     127        133        733          0          0        181         10
    5     112         47        105         93        180        265         20
    6      28         74        178          0         30        198         10
    7      83        141         70         23        120        233         20
    8      98         10       1801       7044        120        258         20
    9      80        113       2250       2029         60        191         20
   10     150         20       3561          0        120        197         10
   11      68         73       1260          0        150        261         10
   12     178        101        248          0         60        190         10
   13     126         73       5113          0         30        168         10
   14      57         94       5245        902         30        136         20
   15     132         56        254      14746        360        501         20
   16      55         91       4855          0        120        235         10
   17      13          8       2823          0          0        149         10
   18      27         24         52          0          0        138         10
   19     110         92        300          0          0        159         10
   20     148         94      12593       2407        150        227         20
   21      75        156        695       5746         60        199         20
   22      65         74       2221        200        180        272         20
   23      87          8        237          0          0         92         10
   24     158        142        156        107          0        211         20
   25      86         86         86          0        180        250         10
   26      30         43         37          0        120        253         10
   27      23         35        164          0          0        164         10
   28     121         91      14100        900        180        286         20
   29     124         79         74          0        120        250         10
   30     140        104        856        542        150        230         20
   31     188         95       9335       2946        120        212         20
   32      67         39         15          0          0         95         10
   33     132         27         14          0         90        192         10
   34     169        147       1975       1611         60        223         20
   35     111         35       2054       2821          0        141         20
   36     138        128       1884          0         30        182         10
   37      65         57         72       2160        120        253         20
   38     141         70        269         12        330        458         20
   39      96        118        111          0         30        172         10
   40      58         86         21       9756        150        289         20
   41     103         55         62          0          0        142         10
   42     122         65       7557         88        300        411         20
   43     177         47       2378        271        450        516         20
   44     122        109       1098       3238        180        286         20
   45      93         50        710      14290          0         98         20
   46      57        145      13910          0         60        190         10
   47      20        116       2331      12669        120        252         20
   48     160         66        364        237        300        393         20
   49     101         85        106        287         60        232         20
   50      87        140       2695       3645        150        220         20
   51      86        140       4314          0        300        416         10
   52      34        149        924          0         30        163         10
   53      33         69         72          0          0        128         10
   54     180         58       3535         63          0        196         20
   55      85         46      13520          0          0        164         10
   56     167         35         91        384          0        172         20
   57      77         44       4579       3422        120        285         20
   58     121         81       1570          0         90        223         10
   59      94        103       1518        686        120        260         20
   60     173         95       4225       6623         90        201         20
   61     100         14       1850          0        120        263         10
   62       4         23       1989          0        150        244         10
   63     154         76       5420          0        180        283         10
   64     146         33       2113          0        150        246         10
   65     164         73        887        104        150        229         20
   66      39        107        542       9983          0        161         20
   67     142        126        968         17         30        179         20
   68      30         45         17       1526        150        277         20
   69     137         93       5834          0        300        462         10
   70      57         29       1752          0        120        228         10
   71      83         79       1076          0        120        243         10
   72     121         32       2146         93         30        205         20
   73      65         86         98          0        150        229         10
   74     170        137       1498      13502         90        218         20
   75      27         73       2314          0        300        469         10
   76     185         59       3400       5639        120        206         20
   77     103         67       5652       1649          0        125         20
   78      42         73        305          0        120        233         10
   79      55        102       1082          0         30        173         10
   80      82         74        556          0         90        164         10
   81       9        114        525          0         30        190         10
   82      77        132       1221          0         30        200         10
   83     196         74       1716       1860        120        211         20
   84     173         62        205       1859        120        264         20
   85      49         84       1083          0         60        138         10
   86      15         37       1254       5746        120        257         20
   87     166         28      11551        984         30        194         20
   88     123         52        720          0        180        240         10
   89     131        123       4519          0         60        194         10
   90      79          7       4270       2827        120        280         20
   91     172        108         11       7575        120        286         20
   92     117         56       7730       2583          0        135         20
   93      50          1        768        190        120        235         20
   94     119         45       1008        697          0        129         20
   95     114         56       8362          0         30        201         10
   96      86         99         17        389         30        138         20
   97      89         57        445          0        120        277         10
   98      87        101       5050        279          0        135         20
   99      97        112       2654       1890        120        225         20
  100      76         78       1637       4697         30        108         20
  101     144         18        498        686        120        218         20
  102     167         94        888       5693          0        185         20
  103     110        135       7052       7572        300        400         20
  104      76         44        296        171        120        283         20
  105      44         48        566          0         30        160         10
  106     160         33       2819          0        420        533         10
  107      26        121       3377          0          0        143         10
  108      18         29       2400         69        120        230         20
  109     101         97         17         91          0        133         20
  110     132         93       2419          0         90        231         10
  111      28         14       1745       1926        120        265         20
  112      14        122       9250          0         90        232         10
  113      93         68       2354         34         60        217         20
  114     129         89         81         14         30        162         20
  115      32        112       1854          0        120        208         10
  116     131         44       2513        428        150        226         20
  117     131        104       1308       1932         60        165         20
  118     191         51         74       3792          0        205         20
  119     106         81       1600          0          0        129         10
  120      90         92         15          0        120        228         10
  121     179         67        382       1583         60        193         20
  122      49        148       1504       1889          0        167         20
  123     135        136        303          0          0        197         10
  124     142         59        291          0         30        172         10
  125      13         26      14853        147        360        463         20
  126      48        138        127          0        120        233         10
  127      65         82       2587        500        120        188         20
  128     168        147       1759       3420        120        230         20
  129     130        122       9733          0        150        257         10
  130     139         33      12128       2872        120        282         20
  131     104         55       4342          0        300        417         10
  132     161        117        282          0        120        219         10
  133     154         31        178       7866        180        251         20
  134     104         81       1648       1817          0        132         20
  135      63        135       7890        890         60        226         20
  136     117        100       1616       5146        150        285         20
  137     102         67       1641         27         60        152         20
  138     102         75       2796          0        210        287         10
  139     130         90       3094          0          0        154         10
  140     107        138        758       4478        120        286         20
  141     192         65       1092          0        120        237         10
  142     154         27        443          0        300        426         10
  143      25         47        260          0        120        197         10
  144      53         17         58          0        120        222         10
  145      62        154       5309          0        180        273         10
  146      96         86        212        673        120        288         20
  147     114         19         67          0         30        138         10
  148      88         73      14285        715          0        119         20
  149      53        103        618        889          0        138         20
  150      88         72      14867        133        150        244         20
  151      77         63       6727        423          0        101         20
  152      96         81       1570          0          0        130         10
  153     167         47       2384          0         60        205         10
  154     152        104       5417       1989          0        172         20
  155      56         19       4992       2542          0        140         20
  156     172         43        183          0         90        186         10
  157      82         90       2138       7578         30        154         20
  158      62        151         60          0        180        264         10
  159      66        135       2024          0        120        225         10
  160      26        127       4093          0         90        224         10
  161     123         72        941       1885         60        196         20
  162     101         20        428       1271        120        184         20
  163     148        128       1544       1286         30        200         20
  164     169         76       4559         30        150        249         20
  165     135         51         64       4551          0        135         20
  166     114         77       2484          0        180        260         10
  167      74         66       2529          0          0         94         10
  168      83         99        222          0         30        190         10
  169      65        148       4849          0        300        405         10
  170      16          6        552       5947        120        219         20
  171      52          0       4242          0        120        283         10
  172      13         84        171       3282        360        473         20
  173      15          3        401         98        120        222         20
  174     135         29       2789       1610         30        155         20
  175      11         48       8280       1094         90        192         20
  176     100        101      10151       2654         60        201         20
  177     141         45       1895          0        120        261         10
  178      11         47       6799          0        120        288         10
  179      83         85       4875          0         30        133         10
  180     178         62       1822          0        390        529         10
  181      62         17        162       2237        300        435         20
  182      96         79       1186       1959         60        167         20
  183      38         68      15000          0        120        255         10
  184      55        116       3785          0        150        257         10
  185     112         78        108       1511        120        216         20
  186     142         31       1749          0          0        146         10
  187     121         45        684          0          0        118         10
  188     162        104        601       1506        120        279         20
  189     150         81       1824       1361          0        156         20
  190      85         75        110          0          0        115         10
  191      19         90       1074          0        120        287         10
  192     158         71        370          0          0        169         10
  193      61         30         40          0        120        292         10
  194     158         73        166          0          0        174         10
  195     110        119       4225          0        180        249         10
  196     161         36      14657        343        390        502         20
  197      19         98       5993          0        330        470         10
  198     137         49       8190       1015          0        145         20
  199      14          4         53       4356        120        222         20
  200      67         61         30          0          0        127         10
  201     148         23        926          0          0        141         10
  202      22         15       1910          0        120        219         10
  203     139         18         43       2453        120        190         20
  204      51         80         62          0        150        227         10
  205      78         43       1788          0        420        504         10
  206     134         89        282        197        360        437         20
  207      70         64        104       5643        300        427         20
  208      52         92       3688          0        150        259         10
  209      73         91       7911        860        450        526         20
  210     193         92       2155       4270          0        207         20
  211       2         17       1772          0         30        156         10
  212      39         48       2016        286        300        401         20
  213      92         84       1989         56         60        146         20
  214      31         76       1011        179        330        426         20
  215     186         72         91       2136         60        206         20
  216      28         72       6093        365        120        196         20
  217     134         73        233        192          0        162         20
  218      29        110       1016         30         60        157         20
  219     121         85        191        147        360        438         20
  220     118         86         13          0        360        498         10
  221     149         80        984          0         90        235         10
  222     168         96         60        818          0        194         20
  223      79        130       3610          0         90        248         10
  224     127         93       3266          0         30        163         10
  225     117         97        345          0         60        189         10
  226      37        100       2569          0        120        286         10
  227       5         20       1230       6346        120        212         20
  228      27        127       1363       1951         60        162         20
  229       1         25         21       2013         30        188         20
  230      85        102       2066        249         60        202         20
  231      79        131        170          0         30        158         10
  232     183        102       2558        334        120        228         20
  233      64         71        840       3155        300        416         20
  234     108        137        182       1571        180        286         20
  235     158         30         30          0        330        494         10
  236      95         82        699          0        120        187         10
  237      87        113       6124          0        120        229         10
  238      88         61        363          0        330        474         10
  239     100         85       1769          0         90        199         10
  240     188         79        566        126          0        216         20
  241      35        124       6109        251          0        146         20
  242      11         33       4619          0         30        108         10
  243      32         56        182       1771        120        271         20
  244      63        150       1004       1465        120        232         20
  245     122         59        641          0         30        183         10
  246     146        141         94       2659         60        199         20
  247     176        126       5559          0          0        216         10
  248      80        139        255          0         90        196         10
  249      90         29         45          0         90        186         10
  250     127        122         14          0        120        266         10
  251      78         74        443          0         60        140         10
  252      31        107        326       1156         30        201         20
  253      61         63        183          0         30        140         10
  254     198         67       1886          0         30        195         10
  255     127         37         54         92         30        159         20
  256      88         54      11096          0         30        109         10
  257      57         45       1460          0        330        503         10
  258     141         58       4199       2130        360        473         20
  259      86         56       7609       7391          0        132         20
  260      56        103       1715          0         60        191         10
  261     128         71       1174       2961        150        284         20
  262     135         26       2810       1097        390        452         20
  263      36        143       1200          0         60        213         10
  264      30        106         40      11057        180        280         20
  265     186         73         74          0         60        190         10
  266      81          8       1000        363        300        394         20
  267     107         70       6738          0        360        463         10
  268      23        110        406          0        300        412         10
  269     122         30       1750         48        120        247         20
  270      62         67       2332          0        360        441         10
  271     146        112       3512          0         90        178         10
  272       7         28       1609          0        180        298         10
  273     122         77        442        345        120        188         20
  274      74        119        540          0        150        227         10
  275      81        134       4190        363          0        165         20
  276      83         25       2025         40          0        157         20
  277     111         70       2613       8002        120        181         20
  278     106         82       1920       3037          0        161         20
  279     151         82       1594        107         30        185         20
  280      56        102        780         34        420        502         20
  281     145         69       2080       4330        420        492         20
  282     134        122       1104          0        150        279         10
  283      66         63        617        672        360        469         20
  284     163         29       4002          0        150        229         10
  285     131         17        190          0          0        154         10
  286     173         85       4842        248         60        183         20
  287      41         23       1777          0        120        288         10
  288     172         77        358          0         60        193         10
  289      66        152       3277         72          0        161         20
  290     116         94        824       1815         30        203         20
  291      60         37       1380          0        120        233         10
  292      63         20        614          0        120        226         10
  293      66         71       7810       7190          0        103         20
  294     106         10       2243       2026        360        496         20
  295     179        107      12420        142        120        206         20
  296     179         61       1605       5657         90        180         20
  297      21         78      12793       2207        120        225         20
  298      84         66       3127          0        300        434         10
  299     195         59       1733          0         30        202         10
  300      23         93       3399          0         60        129         10
  301      82          9      11160        222          0        127         20
  302      16         10       2501          0        330        477         10
  303     191        100       3104          0        150        215         10
  304     120        129        100       8516        210        289         20
  305     150        127        252        112         90        253         20
  306      48         46       3295       5889          0        146         20
  307      34        122        556          0          0        129         10
  308      87        130       3686          0         60        158         10
  309     108         46        128          0        150        249         10
  310      71        107        655          0          0        133         10
  311      50         93        804       2139          0        105         20
  312      82         12       2968          0          0        175         10
  313      56         49         44          0          0         94         10
  314      64         12       2020          0          0         84         10
  315     120        117       2765          0         30        158         10
  316      31         13       1844        847        120        221         20
  317      58         88       1900          0        150        271         10
  318     121         49       3096        618        150        220         20
  319     103        127        110        439         60        169         20
  320      34        124       9338          0        120        284         10
  321     104         68        144         74          0        133         20
  322      34        106        384        417          0        148         20
  323     127        105       1265          0         30        192         10
  324      48         47         97          0          0        132         10
  325     169         49       4252          0        300        436         10
  326     120         86         94          0        330        491         10
  327       6         12       1818          0         30         97         10
  328     168        140        643          0        360        454         10
  329       8         11       1860        996         60        162         20
  330      71         81       2228       7966         30        173         20
  331      95         87       2218       4579         60        171         20
  332     170         36       5879       1769        120        186         20
  333      24        114        503          0        300        405         10
  334      85         52         67          0        120        248         10
  335       2         22       6503          0          0        136         10
  336       7         21        230        615        150        248         20
  337      22        101         82      14918         60        137         20
  338     190         58        120          0          0        204         10
  339      38         32       1886          0        420        520         10
  340     148         92       1711          0          0        173         10
  341      72          3       5874       5907        120        259         20
  342     163        118       1518        345        150        220         20
  343     118         94       3792          0        120        202         10
  344      42         62         51        253         30         98         20
  345      50         80        673       1629        300        404         20
  346     163        111       1648       5955        120        258         20
  347     132         43         85       1833         60        194         20
  348     170         82       4985          0        120        219         10
  349     188         83       2334          0         90        204         10
  350     106         68       1741       8171        150        275         20
  351     109         75       1710        193         30        155         20
  352     117         63      11844          0        150        284         10
  353      69        134       1438         28         90        203         20
  354      48         74       3945          0          0        110         10
  355     180         95         29          0        300        423         10
  356      98         53       1297          0          0        172         10
  357       3         88      15000          0        120        230         10
  358      44         78       1873       4411        420        519         20
  359       8         46       1713          0        180        266         10
  360      86         81       2042          0        300        442         10
  361      42        125       1889          0        120        194         10
  362     106         55       4592          0        120        293         10
  363     143         87       1059          0        120        296         10
  364     146        129        181       1118         30        189         20
  365      39        139        663        180        180        290         20
  366     142        102       4128       3302         60        184         20
  367     145        114       8961          0        420        494         10
  368       7         18         66         20        150        265         20
  369      53         57        538         68          0         75         20
  370     133         37      13294       1706          0        127         20
  371     105         81         58          0        120        290         10
  372      97         36       9156       2225          0        165         20
  373      96         68       1630          0          0        108         10
  374      99         57        146         58          0        141         20
  375      55         67        252         43          0        112         20
  376     107         63        800       1174         90        243         20
  377      27        110        745       1298        120        193         20
  378      97         37        103       2795         30        196         20
  379      34        127       8560          0        300        454         10
  380      21         41       7170          0          0        102         10
  381     150        140         35          0        120        296         10
  382       3         90       6679       2977          0        141         20
  383     121        129       1783          0        420        536         10
  384     105        126         36          0        120        200         10
  385      22        149       4698         82         30        175         20
  386     148        116        105          0        120        216         10
  387      69         45       1895       8738          0        109         20
  388      71        131        146        655         90        198         20
  389      13         38       2296          0        150        274         10
  390      21         23       4100       1571          0        108         20
  391     123         66       1816          0        330        410         10
  392      51         47       3775       1544          0        159         20
  393     178        117       2568          0          0        209         10
  394     146         56       1613          0         60        174         10
  395      99        144       1870        142         60        171         20
  396      37         15       3805        746        420        522         20
  397     123         53        438       5972         30        192         20
  398      15         36       1121          0        210        276         10
  399      45         54       3180       6006         30        108         20
  400      78         65        960       4741         60        203         20
