400_264

CUSTOMER  VEHICLE
NUMBER	  NUMBER     CAPACITY    DispatchingCost
    400     500          40000       100

CUSTOMER
CUST NO.  XCOORD.   YCOORD.   DDEMAND   PDEMAND   READY TIME  DUE TIME   SERVICE TIME

    0      41         23          0          0          0        960          0
    1     179         61       1605       5657         90        180         20
    2      74        142       2887          0         60        193         10
    3      58         86       1700         43        120        201         20
    4     113         71       2990          0        180        265         10
    5     106         59       4453          0         90        161         10
    6      91         72        129          0         90        230         10
    7      77          6       2198          0          0        100         10
    8      70         72       2362        180          0        108         20
    9     135         26       2810       1097        390        452         20
   10     106         82       1914          0        120        193         10
   11      27        127       1363       1951         60        162         20
   12     156         67       9316       1976         60        164         20
   13      80         48        173       3613        120        194         20
   14     121         45       2293       7629         90        167         20
   15      50         93        804       2139          0        105         20
   16      57         91        748          0        120        257         10
   17      59        134       2995          0        300        470         10
   18      78         87         56       1532        120        278         20
   19       8         81        232         34        120        191         20
   20      16        118       7875       2080        390        525         20
   21      78         35        821       1711          0        108         20
   22      48         74       4997          0        360        489         10
   23       3         90       6679       2977          0        141         20
   24     156         42        432         72        300        408         20
   25      72         92       2616        234          0        161         20
   26     121         71       4982          0        360        530         10
   27     171         66       1122       7730         30        191         20
   28      49        131       3327          0          0        159         10
   29     192         88       4583       1308        120        231         20
   30     159         75       7375          0        330        468         10
   31      40        133       1587       5873         60        158         20
   32     121        120        603      14397         90        164         20
   33       3         88      15000          0        120        230         10
   34      16          6       2550          0          0         86         10
   35      95         82        699          0        120        187         10
   36      45        116       4319        893          0        140         20
   37     176         52       2360          0        300        472         10
   38      94        118       2191          0        180        250         10
   39     100         65       3415          0          0        128         10
   40      80         70       1403          0        120        221         10
   41      56        103        362         37          0        132         20
   42      27        110       4283       4190        390        472         20
   43      33         20       2257       6831          0         69         20
   44      11         34        715       1709          0        163         20
   45      83         99         78          0         30        137         10
   46      54        117       2175      12825        150        292         20
   47      46        125       1175      13825          0        153         20
   48     192         92       5136          0        120        296         10
   49      26          9        681          0        120        261         10
   50     137         17        493       2819        300        460         20
   51     127        122       7628          0        120        278         10
   52      72         86       1687       1497        180        254         20
   53      95         90        390       1647        120        235         20
   54     100         14       1850          0        120        263         10
   55      93         50         90          0         30        199         10
   56      24        109       1096        166        390        459         20
   57     128         97        756       7047        330        403         20
   58      52        152       3862          0        180        245         10
   59      99        144       1870        142         60        171         20
   60      31          7       1702         87        120        292         20
   61      53         37       5955       2429        120        290         20
   62      63         20        614          0        120        226         10
   63      96        112        291          0         60        234         10
   64      85         71        338          0          0        149         10
   65     117         56       8002        836        330        431         20
   66      42        125       1889          0        120        194         10
   67     200         68       2537         42          0        220         20
   68     115         96      11435          0          0        160         10
   69      87         53       8945          0        360        525         10
   70      31         13       1844        847        120        221         20
   71     176         70        576          0        360        443         10
   72       6         49       4040          0        120        231         10
   73     152         75       1838       1919        120        224         20
   74     115         61         14          0         60        166         10
   75      11         33       2028          0        120        246         10
   76     161         35       5904          0        150        244         10
   77     144         54       1416       1838          0        147         20
   78     146         33       2113          0        150        246         10
   79      21         23        210          0          0        167         10
   80      80        117       1938          0        150        247         10
   81     138        106       3816       2415         90        163         20
   82      70         55        181          0          0        147         10
   83     188         66         98       2542        210        288         20
   84      29         11       2827          0        120        261         10
   85     100         67       6851         56         30        135         20
   86     131        104       6827          0        330        469         10
   87     107         93       2516        758        360        430         20
   88     152        110       1356          0         90        230         10
   89     139         33      12128       2872        120        282         20
   90     123         52        138          0        210        273         10
   91     123         66       3302          0         60        224         10
   92     103         55       7407        148        120        197         20
   93      20         98       2460         49         30        206         20
   94     164         70       1545          0        120        195         10
   95      85         74       7744         73         90        252         20
   96     146         40         17          0        180        247         10
   97     114         77       2484          0        180        260         10
   98      35          8        130        263        120        294         20
   99      28        101        650        261          0        118         20
  100      32        112       1854          0        120        208         10
  101      46         52        105          0          0        172         10
  102      20         21        920       1159        120        285         20
  103      79          7       2256          0        120        196         10
  104       4         16       2745      12255        150        230         20
  105     188         83       2334          0         90        204         10
  106     164         85        630       5376          0        171         20
  107     154        105       2750         12        180        285         20
  108     154         25         16        113        120        191         20
  109     115         31      12292         35        120        289         20
  110      93         65        975          0        120        188         10
  111     102        120       1840          0         90        252         10
  112      88         87       9970          0        180        279         10
  113     109         94        292          0         30        172         10
  114     171         80      14914         86        120        198         20
  115     148         32        768       1958        150        278         20
  116      55         67       2489          0        150        227         10
  117      47         96       5906          0         90        190         10
  118     136         72       5681        483        360        525         20
  119     147         39       2024       2295         90        195         20
  120       1         17         29       1669         60        230         20
  121      15         42       5014       1889        330        436         20
  122      80         11      15000          0          0         73         10
  123      96         81       1570          0          0        130         10
  124     110         98         56       7374         90        178         20
  125      56        114        587       1940          0        136         20
  126      79         16        548          0        120        259         10
  127     176        111       1654          0         90        220         10
  128     155         88        274          0        120        268         10
  129      13         87       2832          0          0        124         10
  130      26        142       2365         31         30        168         20
  131      90         29         45          0         90        186         10
  132     168         96       2000        101          0        192         20
  133      85         10       3602       3479        150        245         20
  134     194         60       6296        390         60        206         20
  135      78         74        443          0         60        140         10
  136     167         35      11558       3442        150        218         20
  137      13         38       2296          0        150        274         10
  138      65        100       1999       2382         60        161         20
  139      78         43       1788          0        420        504         10
  140      27         84         33      14967         30        165         20
  141     180         58        107          0         90        264         10
  142     131         44        310          0        120        188         10
  143     109         75       5146          0         60        170         10
  144     160         33       2819          0        420        533         10
  145     137         38       5135          0        210        280         10
  146     189        101        830          0        180        281         10
  147      38         68      15000          0        120        255         10
  148      85         76       5364       1506        120        233         20
  149      59         54      11876          0        390        459         10
  150     106         83       5186          0        300        442         10
  151     120        124       6209          0         60        223         10
  152      69        134       1305          0        180        259         10
  153     182         66      10279          0        150        225         10
  154      96         82         90       3809         90        189         20
  155      73        111        437      14563        330        453         20
  156     139         66       7243       6474        300        410         20
  157      55         11        984          0        360        470         10
  158      17         36        298        746        150        250         20
  159      45         78        146          0         90        165         10
  160      99        113        134          0         60        156         10
  161      93         94        631       7181         60        138         20
  162      29        131       1225       2550        300        396         20
  163     137         37       2291          0          0        132         10
  164     104         81       5116       4558        120        202         20
  165      17        119      13931       1069         90        263         20
  166      91        122        228          0         60        190         10
  167      13         26      14853        147        360        463         20
  168     121        147       1605          0        150        260         10
  169     123         54      12556          0        150        238         10
  170      91         12       2290          0          0        134         10
  171      31        101       5872          0        120        217         10
  172     138         37       3221       1807        330        431         20
  173      46         50        234       4176        120        284         20
  174      86         67        120          0          0        159         10
  175     168        139         35        643        120        278         20
  176     121         81         92          0         60        173         10
  177      70        125      13341       1659         30        196         20
  178      88         41       2209          0        120        216         10
  179     170        137         53          0         60        216         10
  180      45         54       1677          0        120        294         10
  181     120        129       7679       6372        180        276         20
  182      63         52        656          0        150        284         10
  183     112         36         58          0          0        143         10
  184     151         92        543       7575          0        168         20
  185     197         70       7034          0        210        296         10
  186     110         21        806          0        330        464         10
  187      12         45       2192          0         60        133         10
  188      69         24       3371          0          0        172         10
  189      21          7       7043        123          0        161         20
  190     171         74       1026       6737        180        290         20
  191     130        148       1672          0        150        233         10
  192      57        145         64          0         60        221         10
  193      96         68       1630          0          0        108         10
  194     160         56        553        465          0        177         20
  195     130         52       2295          0        390        472         10
  196      73         89       1815       1071        210        282         20
  197      34         74       2410          0        120        186         10
  198      74         85       1708          0          0        124         10
  199     124         96       1879          0          0        162         10
  200     162         96         16          0         90        220         10
  201     163        111       2219       7051        210        277         20
  202      98         46        101      14899          0         92         20
  203      15          3        841       1915         30        187         20
  204      61         76      13149          0        300        400         10
  205      11         48       9418        749          0        125         20
  206      30         36        468       2067        390        494         20
  207      21         24       1893        322          0         66         20
  208     113        121       2180       2542         30        172         20
  209      23        141        982          0          0        156         10
  210      83         25        442       3136         30        159         20
  211      94        103       1518        686        120        260         20
  212     152        146       1043          0         90        200         10
  213     194         94        300          0          0        216         10
  214     105         68        177        145         30        143         20
  215      54         96         16          0        120        248         10
  216     109         51       1301        299        300        459         20
  217      33         70        712       2199         30        183         20
  218      69         51       7005       1959        120        239         20
  219     116         49       3116       4606         30        172         20
  220      78         84       2387          0          0        148         10
  221      43        122         40          0         90        165         10
  222      42         14       1514          0          0        159         10
  223      22        146       5088          0        180        266         10
  224     167         94        888       5693          0        185         20
  225      81        134       4190        363          0        165         20
  226     163         77       6210       1909        210        272         20
  227      63        111        378          0         90        262         10
  228      44         78       1873       4411        420        519         20
  229     198         93       5274          0         60        215         10
  230     137        145        199      11844        120        246         20
  231      28         45       7004          0         30        130         10
  232     167         57       3868        200         60        201         20
  233      52         92        577          0        180        285         10
  234     127         93       3266          0         30        163         10
  235     125         51       2157          0        120        281         10
  236      35         97        196          0         90        170         10
  237      82         72       2382        526         30        199         20
  238      81          8        254         86          0         85         20
  239     109         29        608       3418        120        223         20
  240      87         69        696       8189        150        256         20
  241      37         14        902          0          0         76         10
  242      60        118       7904       5162         60        141         20
  243      16         10       2201         31          0        130         20
  244      83        141       1653          0        150        252         10
  245     155         27        325          0         60        164         10
  246      26        121       3377          0          0        143         10
  247      92        120       2713          0        150        226         10
  248     150         76        910         20         30        187         20
  249      95         24         60       2219          0        153         20
  250     188         95       2958          0        120        232         10
  251      60         49       1543         90         30        166         20
  252     129        122       2424          0         60        187         10
  253      90         73         89          0          0        134         10
  254     150         20        176        388         90        174         20
  255      66        152       1090          0         60        227         10
  256      88         61        363          0        330        474         10
  257     138        128       1884          0         30        182         10
  258     193         92       2155       4270          0        207         20
  259       7          4       1847        908        120        253         20
  260      49         47         31        747          0        101         20
  261      61         31       3879         69        120        288         20
  262     102         87         11        383        150        245         20
  263     166         28      11551        984         30        194         20
  264     119         11       1680          0          0        131         10
  265     161         95        238         61        120        215         20
  266     164         76       6937       8000         30        189         20
  267      46        113        442          0          0        171         10
  268      27        100       2133       1839        390        531         20
  269      91         55         90        839          0        158         20
  270     199         87       1536        511        450        538         20
  271     111         41        503         55        150        291         20
  272     119         33        108         80        150        220         20
  273     108        151      15000          0        300        395         10
  274      29         31        135          0          0         88         10
  275     160         22       1246        151        390        467         20
  276      57        117       7204          0         60        140         10
  277      87        113       6124          0        120        229         10
  278      87        130       3686          0         60        158         10
  279      67         96       9040          0        120        249         10
  280      65         32       1190        196          0         74         20
  281     122        139        175          0        150        254         10
  282      29         38       2338        449          0        138         20
  283     107         61       2635          0          0        169         10
  284      47         62        621       3243        120        279         20
  285      20        119         90          0        180        249         10
  286      90        119       4742          0        120        256         10
  287      36        106        805       1798        120        231         20
  288     112         37       4280          0          0        140         10
  289     129         24       1772       9984        300        461         20
  290      57         37       1885      13115          0        114         20
  291      93         68        831         85        150        222         20
  292      80         64        665         95          0         97         20
  293     141        103       2428          0          0        171         10
  294     137         49       8190       1015          0        145         20
  295      58         88       1900          0        150        271         10
  296     122         66       2433          0          0        148         10
  297     135        121       2524      12476        210        294         20
  298      66         63        237        665          0        160         20
  299      18         11       4858       2220        300        412         20
  300     183         79       2944         36        120        287         20
  301      86        135         18       2115         90        257         20
  302     151         77      13526       1474        120        190         20
  303      62         76       3624        766        150        236         20
  304     102         47         56          0         60        229         10
  305     199         60        253       1149        180        248         20
  306      97        113       1510       3134         60        192         20
  307     107         70       6738          0        360        463         10
  308      41         70         30       1036        120        248         20
  309     142         31       1380          0         60        168         10
  310      30         43         37          0        120        253         10
  311      68         73      10273       4727          0        101         20
  312      29         68       1074          0         60        197         10
  313      79        101        403        306        120        259         20
  314     104         68        144         74          0        133         20
  315     108         38       1929       1123        120        204         20
  316      53        103       1890          0          0        159         10
  317     142         35       6869          0        150        294         10
  318     143         66         95       1872         60        148         20
  319     160         74         49       1329        180        288         20
  320      56         10        115       1992          0        135         20
  321      31          4       4408         12        330        490         20
  322     172         43        183          0         90        186         10
  323     185         56        943       2538        300        477         20
  324     148         30       5837       1870         90        163         20
  325     144         86       6707       6109        120        228         20
  326     109        122         23       6880        120        190         20
  327     119         64      13401          0        360        459         10
  328      82         99        454       5804        180        275         20
  329      91         35        111          0          0        115         10
  330     120         78       4018       3401        330        482         20
  331     146         88      10696          0         30        163         10
  332      92         52       2272         40        120        236         20
  333     101         85        237       1403        120        254         20
  334     132         48       6880         18        120        228         20
  335     125        103        998       2362        150        279         20
  336      16        122        679          0        150        261         10
  337      81         66        124          0         60        166         10
  338     142         91        108       4191        120        287         20
  339      49         43       6189          0         30        101         10
  340      38         31       1285       1542        120        279         20
  341       5         36       1577          0          0        167         10
  342      69         22        101          0          0        143         10
  343     120        117       1615       1636          0        157         20
  344     163         99       6623         76          0        186         20
  345      74        119         60          0        120        261         10
  346      57         70       3068          0        120        217         10
  347      79        122       2645          0         60        220         10
  348      32          5        585          0        120        246         10
  349      73        157       5588        126         90        171         20
  350     110         92        300          0          0        159         10
  351      84         85         81          0        120        253         10
  352     104         55       4342          0        300        417         10
  353      35         26       1192         21        120        234         20
  354      48         46       3295       5889          0        146         20
  355      64        119        103      14897         60        155         20
  356      74         92         36          0        120        249         10
  357     162        118       2536          0        120        284         10
  358     105         62         42          0         90        172         10
  359      66        136       1576        686         60        191         20
  360     154         76        333       2490         60        226         20
  361     141         70        269         12        330        458         20
  362      64         44       1758       7409          0        122         20
  363     174        119       1642          0        120        243         10
  364      53         69         82       2826         90        194         20
  365      61         49       1523          0        150        242         10
  366     105        126        525          0         60        171         10
  367      60         37       1380          0        120        233         10
  368      70        126        143          0         60        170         10
  369      62        135       1240       2938         90        228         20
  370      35        124       6109        251          0        146         20
  371      81         18      11287       2416        120        228         20
  372     102         93       2636       9336        180        295         20
  373     115         60        742          0         90        220         10
  374      78          6       6345       6106        120        248         20
  375     152         87        973         97         90        170         20
  376     117        100         13          0         30        160         10
  377     176         59        200       2283        150        254         20
  378     134         73        233        192          0        162         20
  379     111         65       3524       6652        360        492         20
  380     134         89        282        197        360        437         20
  381      49        148        772          0          0        161         10
  382      89         56       1257          0         30        139         10
  383     139        107        481          0        120        230         10
  384     131        123       4519          0         60        194         10
  385     191         51       3545          0          0        204         10
  386     153         75       6006          0         30        178         10
  387      38        141        250       1250         60        199         20
  388     151        120       2582          0        300        443         10
  389     102         49       4353       1293        150        286         20
  390      40         86       6622       8378        450        525         20
  391      57         94        752          0         90        164         10
  392      63         48         62      13911         30        155         20
  393     130        122       4586       1802        360        521         20
  394      53         57        538         68          0         75         20
  395      88         72      14867        133        150        244         20
  396     122         65       7557         88        300        411         20
  397     126        133       1838          0        330        431         10
  398      89         36         11        504          0         79         20
  399      62        151         60          0        180        264         10
  400     130         46         72          0        120        263         10
