400_272

CUSTOMER  VEHICLE
NUMBER	  NUMBER     CAPACITY    DispatchingCost
    400     500          40000       100

CUSTOMER
CUST NO.  XCOORD.   YCOORD.   DDEMAND   PDEMAND   READY TIME  DUE TIME   SERVICE TIME

    0      41         23          0          0          0        960          0
    1     117         42       1478        505          0        131         20
    2      90         29        600          0        120        192         10
    3     186         73       2487        847         90        194         20
    4      98        122       2566          0        120        290         10
    5      91         84        464          0          0        127         10
    6     114         77       2484          0        180        260         10
    7     160        117         82        290         30        183         20
    8      35        109       2089          0        120        225         10
    9     191        100        149        279        120        285         20
   10     160         37         33       2088        120        246         20
   11     112         20       8802          0        360        539         10
   12      15        118       1205          0        330        404         10
   13      75        156        695       5746         60        199         20
   14     119         45         22          0          0        141         10
   15     103         96        112       9040        150        289         20
   16     180         58       3535         63          0        196         20
   17     154        131      10211       4789        180        289         20
   18     140         38        393       2089          0        150         20
   19      86         77        357        986        180        260         20
   20      53         69        817         90          0        143         20
   21     129        122       2424          0         60        187         10
   22     176         77       5595          0        120        189         10
   23     200         68       2537         42          0        220         20
   24      28        101        540       1706         90        248         20
   25      83         99         78          0         30        137         10
   26      23          9       1198          0          0        109         10
   27     152        110       6086         34        180        248         20
   28     127        122         14          0        120        266         10
   29      65         12       3769          0          0         80         10
   30     169         82        150         17        120        225         20
   31      60         60        208        908        120        192         20
   32     158         71        370          0          0        169         10
   33      32          5        585          0        120        246         10
   34     161         35       5373          0        360        441         10
   35     120         62        394        119          0        147         20
   36     188         95        130        385          0        214         20
   37     168        109       3646          0         60        190         10
   38     153        115       1624          0          0        184         10
   39     104         81       5116       4558        120        202         20
   40      13         87       1330          0          0        122         10
   41     167        103      14692        308        150        214         20
   42      66         71        920          0        210        274         10
   43      20        116       2331      12669        120        252         20
   44     171         80      14914         86        120        198         20
   45     109         94       1512       2434         60        186         20
   46      14        122        684          0        330        435         10
   47      46         18       1403          0          0        159         10
   48     142         59        291          0         30        172         10
   49     117        100       6469       8004          0        157         20
   50      35         23        852        784        120        222         20
   51      15         37         90       6257        180        253         20
   52      76          4       4633       8065          0         76         20
   53       1         25       3149       3212         60        173         20
   54      68         96         65          0        150        242         10
   55      28         81       4605          0          0        105         10
   56      82          8        280          0          0        133         10
   57      78          8       4580          0        330        430         10
   58     121        147       1605          0        150        260         10
   59       7         28         13          0         30        187         10
   60      84         66       3127          0        300        434         10
   61      86        102        615       2112        150        285         20
   62     148         30       1881       2382         90        218         20
   63     150        127       3450         58         90        181         20
   64      81         66        124          0         60        166         10
   65     173        111       5692          0        420        498         10
   66     100         19       9275       4376        420        523         20
   67     155         24         30          0        120        262         10
   68     100         67      12718          0          0        141         10
   69      93         94       1154        595         60        127         20
   70      38         32        545        109          0        165         20
   71     162        117       2284          0         60        219         10
   72     146         88      10696          0         30        163         10
   73      52         62       1715       3401          0        108         20
   74      36        106         73          0         60        140         10
   75      11         17        198       1008         30        133         20
   76     192         62       1622        257          0        205         20
   77      83         79       1076          0        120        243         10
   78      48        154         21        455         90        217         20
   79     127         93       3266          0         30        163         10
   80      42         52       1802          0          0        145         10
   81     134         55       1993       3211        150        296         20
   82      15         81       1625          0        180        276         10
   83     143         87        250          0         90        252         10
   84      96        112        291          0         60        234         10
   85      91         55         90        839          0        158         20
   86      76         76       5203         53          0        173         20
   87      26        121       3377          0          0        143         10
   88     148        116        105          0        120        216         10
   89      73         92      15000          0        300        413         10
   90      70        126        143          0         60        170         10
   91     115         31      12292         35        120        289         20
   92      31         40       6651       4849        150        222         20
   93     135        121        169          0         30        182         10
   94      21        101       3626       2067        360        423         20
   95      86        140        100       4343          0        176         20
   96      45         79       1104          0        150        227         10
   97      87         93       2024          0        150        216         10
   98     148        114        581          0        210        286         10
   99     142        131       1723        563        330        459         20
  100     106         68        277       1874          0        123         20
  101     163         99       6623         76          0        186         20
  102     100         23        584          0        120        222         10
  103     103         95       5044       8107          0        150         20
  104      41         74         87          0         90        169         10
  105     195         59        736          0         60        200         10
  106     120         33       9977          0        390        496         10
  107      90         47      14522          0          0        106         10
  108     115         60       1628       1011          0        127         20
  109     142        126       1391       1528         60        227         20
  110      70         76         19      11041          0        104         20
  111     141        142       2973        620         60        236         20
  112     183         79         57          0         60        220         10
  113      34        149        924          0         30        163         10
  114     100         78        250       3370        120        280         20
  115      26        126       1513          0        360        522         10
  116     181         73      15000          0        120        257         10
  117     160        108        591       3008        180        248         20
  118      96         81         56         17        120        204         20
  119      94         69       1537       6086         30        107         20
  120     139         91       1580        714        150        260         20
  121      82          7        160       5421        360        526         20
  122      40         29        124          0          0        175         10
  123       0          8       2948          0          0        106         10
  124     112         37       2469          0        150        290         10
  125     110         21        806          0        330        464         10
  126      16        118       3419        191        120        232         20
  127      57        117       7204          0         60        140         10
  128      81          8       1604          0          0        135         10
  129      52        152       1744          0        120        206         10
  130     184         71        335          0        120        196         10
  131      47        125        734          0          0        161         10
  132      26         76        108       9297        300        404         20
  133     192         92        889       1774         90        205         20
  134      50         93        804       2139          0        105         20
  135      95         24         60       2219          0        153         20
  136      19          8       4343          0          0         69         10
  137      82         90       1382      13618         60        201         20
  138      87        101         84        149         60        127         20
  139     174         54       1034          0        180        264         10
  140     121         45        684          0          0        118         10
  141      47        137         33          0        120        298         10
  142     117        145       2555       2247        180        282         20
  143      74        142       2500          0         30        161         10
  144      46         46         22      11398        120        216         20
  145     101        117       3956          0        330        441         10
  146      18         37         47         17        120        254         20
  147      90         73        264        575         30        147         20
  148     137         49       8190       1015          0        145         20
  149      22         44       4416          0        360        458         10
  150      84         56        142       7646        210        292         20
  151     174         99        805        140        180        246         20
  152      19         13       1044          0          0         64         10
  153      65         57       1104          0          0         75         10
  154      26        127       4093          0         90        224         10
  155     143         31       4301          0        120        231         10
  156     134         89        282        197        360        437         20
  157     131         44        310          0        120        188         10
  158      98         53       1297          0          0        172         10
  159      67         87       1522        122        120        225         20
  160     112         74        350          0         60        182         10
  161      85         58        441          0          0        166         10
  162      79         16        706       6211        360        441         20
  163      88         87         35       5653        180        289         20
  164     135        136        303          0          0        197         10
  165     158         74        345       1149        150        275         20
  166      28         74        178          0         30        198         10
  167      66        152       1090          0         60        227         10
  168      29         11       8445          0        390        470         10
  169      62         45       3063          0        120        200         10
  170     138        146         31          0         90        208         10
  171      34        136         68          0        120        204         10
  172      79        119        274          0        210        284         10
  173      24         59       4918          0        390        502         10
  174     121         66       7575          0        180        259         10
  175      68         95         50        538          0        122         20
  176      79        131        170          0         30        158         10
  177      66         63        617        672        360        469         20
  178      77        120         22          0         90        230         10
  179      70         55       4856        199        120        229         20
  180     140        104        856        542        150        230         20
  181     106         66        294          0        180        275         10
  182     112        112       8742          0        420        526         10
  183     109        146       4850       6304         60        190         20
  184     180         65       1322          0         90        232         10
  185     130         44        237          0        120        229         10
  186      12         45       2192          0         60        133         10
  187      21          7       7043        123          0        161         20
  188      39         52        100          0        120        201         10
  189     116         43        480       1500          0        129         20
  190     175         51       1655          0          0        169         10
  191     124        136        994          0         60        188         10
  192     166         88       5588          0         30        195         10
  193      17         18         15        664          0        102         20
  194      68         73       1260          0        150        261         10
  195     121        142       1553          0        120        205         10
  196      65         86         98          0        150        229         10
  197     116         94        181          0        120        203         10
  198     122        139        175          0        150        254         10
  199     146         33       2113          0        150        246         10
  200      43        122       6257          0         30        164         10
  201      91         95       1257       6161         30        123         20
  202      71        131        146        655         90        198         20
  203      33        155       6212          0        390        519         10
  204      80        139        255          0         90        196         10
  205     158         24       8394        614        120        284         20
  206     168         96         60        818          0        194         20
  207     198         79       3403          0         60        222         10
  208     193         92       2155       4270          0        207         20
  209     120        116        786          0         90        184         10
  210     151        109        891          0         60        201         10
  211     141         70        269         12        330        458         20
  212      10         51        613        348        120        259         20
  213      36        146       6099        397        300        473         20
  214      23        100         30         36          0        126         20
  215     106         55       1939          0          0        108         10
  216     100         53      13506          0        120        254         10
  217     115         64       2545          0        150        292         10
  218      95         87         33          0         30        133         10
  219     151         22       1517          0         30        160         10
  220      98         69       2480        219         60        174         20
  221     148         33       4248          0        450        511         10
  222      82         56       2214          0          0         86         10
  223      48         74       3945          0          0        110         10
  224      39        156         94         70        330        447         20
  225     164         90      12955       2045        300        399         20
  226      65         82       2587        500        120        188         20
  227     198         93       5805          0        360        531         10
  228     119         11       2041          0          0        132         10
  229      55         16        739          0        360        507         10
  230      65         74       2221        200        180        272         20
  231      97         36       1434          0        300        410         10
  232      21         98       3613       6345        120        220         20
  233      85         52         67          0        120        248         10
  234      63        150         15       1030        330        403         20
  235      12         55       3909         68        120        256         20
  236     182         66      10279          0        150        225         10
  237     176        112         90       6575         90        255         20
  238      68         21       3467          0        120        254         10
  239      58         21        451          0          0        174         10
  240      44         49       2711          0        120        291         10
  241     176         70        576          0        360        443         10
  242     129         24       1772       9984        300        461         20
  243      71        107       3481          0         30        188         10
  244     125         79       5792         22         30        167         20
  245      95         82       2682          0        120        265         10
  246     108         42      11329          0          0        109         10
  247      55        102         15          0          0        129         10
  248     147         38       1937         50         90        223         20
  249      40         67       1644          0        450        523         10
  250      51        115         15       6725         60        187         20
  251      60         37       1380          0        120        233         10
  252     122         34       2224          0        120        223         10
  253      53        120      13142       1858          0        170         20
  254      88        103         82        326         60        134         20
  255     104         68        144         74          0        133         20
  256      83         85       4875          0         30        133         10
  257      67         39         15          0          0         95         10
  258      34         79       2759          0         90        263         10
  259      91         35        111          0          0        115         10
  260     142         35       6869          0        150        294         10
  261      27         24         52          0          0        138         10
  262     131         51       1750          0         90        263         10
  263      55        116       3785          0        150        257         10
  264      13         38       2296          0        150        274         10
  265     114         56       8362          0         30        201         10
  266      78         35       6575          0        120        185         10
  267      53         37       5955       2429        120        290         20
  268     131         17        190          0          0        154         10
  269     115         61         14          0         60        166         10
  270     146        132       6216          0        180        260         10
  271     132        121        147          0        150        259         10
  272     106         65       3641       1748        150        251         20
  273     107         61       2635          0          0        169         10
  274      22        149       4211          0        450        521         10
  275     111         25        700       1224          0        120         20
  276      88         13         60       1333          0        126         20
  277      77         20       1976       8108          0        167         20
  278      28         45       4270          0          0        110         10
  279      88         63       2453         17         30        116         20
  280      35         63       1931          0          0        100         10
  281      42         73        305          0        120        233         10
  282      80        113       2250       2029         60        191         20
  283     123         59       6700       4619         30        204         20
  284      21         40         48          0        120        196         10
  285      34         49         84         22          0         96         20
  286     127         53       1804          0        120        225         10
  287     145        134        181          0        300        401         10
  288     144        128        172        300        300        396         20
  289     106        103         56        943         90        166         20
  290      43         16        992       1009        120        292         20
  291     132         43         85       1833         60        194         20
  292      56         64       1200          0          0         84         10
  293     131         83        299          0         60        155         10
  294     109         29        608       3418        120        223         20
  295      73         81       1936         35        150        261         20
  296     107         98         82       5359         60        193         20
  297      15         10       2020          0         90        184         10
  298      25         47       1602       3877        180        258         20
  299      53         21       1800          0          0        105         10
  300     151         77         87          0          0        160         10
  301      87        113       1519          0         90        169         10
  302      56         10        887      14113        120        216         20
  303     145         38         40          0         30        156         10
  304      92         88       2076         67         90        250         20
  305     147         94       1976          0        120        251         10
  306      67         91       2857       4092         30        203         20
  307      87        140       2695       3645        150        220         20
  308      57         29       1752          0        120        228         10
  309     164         45        514          0         30        193         10
  310     152         56       1331       1863        150        267         20
  311       5         20       1230       6346        120        212         20
  312      78         98        462       2331         90        237         20
  313      77         42        512          0        120        271         10
  314      47        129        723       1308        120        221         20
  315      25         55       1492          0        120        282         10
  316      60        151       1891          0        210        281         10
  317     116         75         63       5651         30        135         20
  318      95         84       3947          0        210        271         10
  319       5        113       1464      10147         90        248         20
  320      80         48        156          0          0        141         10
  321     106         81       1600          0          0        129         10
  322      18         29       2400         69        120        230         20
  323     132         62        422          0        120        291         10
  324     111         54       3504          0          0        113         10
  325     162        118       1841          0        180        255         10
  326     107        138        472       3161         60        208         20
  327     199         60        253       1149        180        248         20
  328      88         16        700          0          0         96         10
  329      44        101       1242          0         30        183         10
  330      98         99       3156          0          0        148         10
  331      23        141        982          0          0        156         10
  332     120        124       6209          0         60        223         10
  333      30         73       1538      13462        300        427         20
  334      42         62         51        253         30         98         20
  335      34         65       3800          0        420        522         10
  336      53         44        287          0        150        256         10
  337      57         94       1994          0        390        490         10
  338      43        136      12933          0        390        500         10
  339      74         95       1290        123         30        163         20
  340     122         83       1952          0        180        277         10
  341     142         91       6861          0         90        256         10
  342      85         83       6623          0          0        111         10
  343     153        148       3786          0         60        219         10
  344      51         98       5190       6318        180        266         20
  345      44         48        566          0         30        160         10
  346     197         58         60         56          0        214         20
  347      87         53       8945          0        360        525         10
  348      51         80         62          0        150        227         10
  349      99         58       3995        140        300        401         20
  350     139        107       4140        182         60        172         20
  351      57         70       3068          0        120        217         10
  352     111         85       3239         34        120        268         20
  353     136         72       4622        182          0        150         20
  354      89         36         11        504          0         79         20
  355     154        105       2750         12        180        285         20
  356     126         66        123          0         90        222         10
  357      31         13       1210       3648        180        277         20
  358     155         88         83        748         90        186         20
  359     130         52       2295          0        390        472         10
  360      42         16       2135          0        120        252         10
  361      86         67       6081          0        420        528         10
  362     133         37      13294       1706          0        127         20
  363      52         61         60          0          0        111         10
  364     188         66         84          0         30        196         10
  365      93        152        603      14397         90        182         20
  366     131         89         49          0        120        184         10
  367      88        127       4289          0         30        203         10
  368     123        124       6744          0        330        442         10
  369      35          8       1992       2702        120        286         20
  370      27        110       4283       4190        390        472         20
  371     105         62         42          0         90        172         10
  372      39         96        594          0        390        498         10
  373     120         85        853       2631          0        163         20
  374      78         74        999          0          0        124         10
  375     119         33        108         80        150        220         20
  376      11         19       5746        781        300        400         20
  377     103         67       5652       1649          0        125         20
  378     185         59      14193        807        420        517         20
  379      89         84         46       1461         60        169         20
  380      49         47        679          0        120        189         10
  381     141         30        886          0         60        212         10
  382     132        136       5071          0        360        528         10
  383      53         57        538         68          0         75         20
  384     122         66       2433          0          0        148         10
  385      74         63       2340       8107        120        225         20
  386      10         15        283          0        120        283         10
  387      13          8       1062          0        120        288         10
  388     149         94        165        502        180        259         20
  389      94         62       3090          0        150        231         10
  390     110         69       7646         29        300        400         20
  391      85         77       7409          0         60        220         10
  392      62        154       5309          0        180        273         10
  393      66        109       1110          0        180        246         10
  394      97         86        559          0         30        147         10
  395     114         49       2303          0        150        228         10
  396     144         18        498        686        120        218         20
  397      93         65        975          0        120        188         10
  398      85         45        142          0          0         96         10
  399     122        109         11          0         30        166         10
  400      54         96       4930          0          0        112         10
