400_273

CUSTOMER  VEHICLE
NUMBER	  NUMBER     CAPACITY    DispatchingCost
    400     500          40000       100

CUSTOMER
CUST NO.  XCOORD.   YCOORD.   DDEMAND   PDEMAND   READY TIME  DUE TIME   SERVICE TIME

    0      41         23          0          0          0        960          0
    1      25        155       4785          0        390        528         10
    2      79         16        548          0        120        259         10
    3     132         56       3585          0        120        215         10
    4     147        113       1183        841        300        440         20
    5     148         47       1068       9983          0        148         20
    6      57         26         62         59        120        216         20
    7      55         91       4855          0        120        235         10
    8     160         66        364        237        300        393         20
    9      48         56       1950          0          0        162         10
   10      96         81         56         17        120        204         20
   11     107         61        197          0         90        251         10
   12     102         27       6474       2134          0         95         20
   13      12         45       2192          0         60        133         10
   14      15          3        401         98        120        222         20
   15      37         15      15000          0          0         77         10
   16      58         21       1892          0          0        135         10
   17      34        149       2036          0         60        235         10
   18      42         52       1613       2243          0        127         20
   19     154         25         16        113        120        191         20
   20     103        124       3789         80         60        232         20
   21     107        138        472       3161         60        208         20
   22      99         57        924          0        450        525         10
   23     151        109        891          0         60        201         10
   24     115         60        742          0         90        220         10
   25      89         36         11        504          0         79         20
   26      86         99         17        389         30        138         20
   27      29         68         18          0         90        218         10
   28      51         47        233          0          0        102         10
   29     135         51         64       4551          0        135         20
   30      37        123        451       2447        300        410         20
   31      35        109       2089          0        120        225         10
   32     112         36         58          0          0        143         10
   33      78         10       8007          0        120        252         10
   34      78          6       2902       1882        120        196         20
   35      56         49         44          0          0         94         10
   36      57         91        215          0        120        253         10
   37     150         76         49          0         30        195         10
   38     154        105       2024       1850        420        494         20
   39      97         46       1528        525          0         99         20
   40      32          5        585          0        120        246         10
   41       8         43       2143          0        120        262         10
   42      71         59       6086       1430        120        224         20
   43     110        119       4225          0        180        249         10
   44     130         52       2295          0        390        472         10
   45     137        103       1733          0         30        170         10
   46      51        150       1346       4497         90        249         20
   47       7         33       2495        190          0         98         20
   48       4         23        236        920        120        223         20
   49      81          8       1427          0          0        127         10
   50      97         24       2089          0        120        250         10
   51      81        139        847          0         90        196         10
   52     120         78       4018       3401        330        482         20
   53      97        144       8517        605        420        494         20
   54      53         65        434         10          0        103         20
   55      32        112       1555       1924        120        220         20
   56     179         61       8000          0         60        197         10
   57     158         71       3592        231          0        160         20
   58      57          0         86          0          0         67         10
   59      64        132        137          0         60        224         10
   60      81         75       2086          0         60        174         10
   61     140        133       2982      10695         60        203         20
   62     140        104         98          0         90        171         10
   63     113        121       2180       2542         30        172         20
   64     108         46        128          0        150        249         10
   65      35         49         56        259        300        410         20
   66     149        141         90          0         60        199         10
   67      59         81        835          0        120        188         10
   68      24        114        503          0        300        405         10
   69      77        132       1221          0         30        200         10
   70       8         11       1860        996         60        162         20
   71      82         56        213          0          0        102         10
   72      21         12      15000          0          0        142         10
   73      29        135        888          0        210        287         10
   74      15        118      14294          0        210        277         10
   75      24        148         40       1123        180        277         20
   76     186        107       2703       5379         90        246         20
   77       5         36       1095          0          0        143         10
   78      59         85        345        668         30        108         20
   79      81         56        315          0        120        199         10
   80      53         37       5955       2429        120        290         20
   81      45         78        146          0         90        165         10
   82      71         81       9982         59         60        128         20
   83     117         42      12636          0        120        188         10
   84      46        116        290          0        180        280         10
   85      99         37        108       1210        120        283         20
   86      63         90       7354       1614        120        204         20
   87     186         83         22       9806          0        202         20
   88      31         13       1210       3648        180        277         20
   89      57        153       7500        437        120        231         20
   90      96         66       7052          0        150        258         10
   91      77        153       1501          0         30        174         10
   92     141         58       2693      10925         30        158         20
   93      34        136       1030          0          0        146         10
   94     191        100        149        279        120        285         20
   95      16         10       2201         31          0        130         20
   96       9         49       1501          0        150        257         10
   97      37         14        894          0        120        259         10
   98     173         87       5332          0        300        410         10
   99     152         87       2636          0         60        186         10
  100      54        130         76       1859         60        165         20
  101      92         84       1989         56         60        146         20
  102     131         44       2513        428        150        226         20
  103     163        111       1648       5955        120        258         20
  104     142         31       1380          0         60        168         10
  105      93         50         90          0         30        199         10
  106      34         67      10530        127        120        294         20
  107      76          4       9807       2333        330        431         20
  108      26         73       6403         37        300        478         20
  109      38         96       3676       2220        330        499         20
  110     115         96       3288          0        150        214         10
  111      10         48        395       6125        120        186         20
  112      77         44       4579       3422        120        285         20
  113     138        128       1884          0         30        182         10
  114     102        120       3112          0        210        291         10
  115      80        113       2250       2029         60        191         20
  116      34         65       3800          0        420        522         10
  117     142        124        720         23        120        254         20
  118      91        122        228          0         60        190         10
  119     104         91       5658          0         90        225         10
  120      61         76      13149          0        300        400         10
  121      86         81       2042          0        300        442         10
  122      77         63         68       4814         60        167         20
  123      29         11       2827          0        120        261         10
  124     162        104       9484        514         60        195         20
  125      73         92       5409        719         60        236         20
  126     112         37       4280          0          0        140         10
  127      10        116         86       1521         60        226         20
  128     144         34       3247       1430          0        135         20
  129      65         82       2587        500        120        188         20
  130      95         66        265          0          0        149         10
  131      16          6        552       5947        120        219         20
  132     109         65      15000          0          0        118         10
  133      36         87        913      10752        180        297         20
  134      97         86        559          0         30        147         10
  135      88         41       1275          0        120        221         10
  136     160        127        157          0        300        440         10
  137      36        106        805       1798        120        231         20
  138      83         64        104         25        120        287         20
  139     132        144       4836        131        300        401         20
  140     136        148         64          0        210        279         10
  141     111         25        700       1224          0        120         20
  142     150         79      12923          0        210        287         10
  143      28         74        252          0         90        172         10
  144       7         28       1609          0        180        298         10
  145     120        117       2765          0         30        158         10
  146      99         64       1879          0         90        176         10
  147     179         72       1473        197         90        224         20
  148      17        126         84          0         30        150         10
  149      42        107         23       3646         90        236         20
  150      57         70       1258       2997        360        467         20
  151      97        113      10426         61         30        166         20
  152      13         12       1157       1527          0        129         20
  153      50          1        768        190        120        235         20
  154     108         38       1775          0         30        193         10
  155      62         67       2332          0        360        441         10
  156     106         81         47          0        150        218         10
  157      42         62         51          0         60        172         10
  158      48        138        563          0        180        260         10
  159      71        129      12904         84          0        154         20
  160     118         45       1597        289         30        129         20
  161     167         94        888       5693          0        185         20
  162     146         40       1068       5200        120        237         20
  163      53         78       5064         22          0        101         20
  164      79        119        274          0        210        284         10
  165      29        110         55        432         60        199         20
  166     132         44       1508          0         60        221         10
  167     164         90      12955       2045        300        399         20
  168     121         81         92          0         60        173         10
  169     131        104       6827          0        330        469         10
  170      16        118       3419        191        120        232         20
  171      52         63       2572          0         90        232         10
  172      85         52         67          0        120        248         10
  173      20         98       1926          0         60        237         10
  174      48        129       2461          0          0        177         10
  175      41         73         30          0        300        443         10
  176      73        123        133       1185          0        166         20
  177      90         47       2146          0        120        281         10
  178     132         48       6880         18        120        228         20
  179     194         94       1959          0        360        456         10
  180     170        139       2300          0        180        263         10
  181      98         53       1297          0          0        172         10
  182      99         54       2078          0          0        135         10
  183     101         85       1800          0          0        127         10
  184      72         39         16          0        120        231         10
  185     125        103        998       2362        150        279         20
  186      72         99       1519       3868        180        290         20
  187      20         39         60        108          0        106         20
  188      78         98       1310       2948         60        153         20
  189      91         70        147        589          0        143         20
  190     111         67      14177        823        120        256         20
  191     103         95       5044       8107          0        150         20
  192     188         95       2958          0        120        232         10
  193      17         36       1330         14          0         99         20
  194     167        103      14692        308        150        214         20
  195      45         54       1677          0        120        294         10
  196     119         98         19          0        120        243         10
  197      86         86         86          0        180        250         10
  198      63         20        614          0        120        226         10
  199      29         24       3492        215        300        427         20
  200     110         98         56       7374         90        178         20
  201      51        114       3536       5974         60        194         20
  202      75         34        803       5376        120        253         20
  203      19         90       1074          0        120        287         10
  204     122        139        424         47         90        186         20
  205     132         27         14          0         90        192         10
  206     106         59        129        287        150        220         20
  207     131         18      11000        112        120        193         20
  208     109         51       1301        299        300        459         20
  209      12         55       3909         68        120        256         20
  210     155         55        178          0        150        248         10
  211      27         84         33      14967         30        165         20
  212      15         37       1254       5746        120        257         20
  213     101         20         13          0          0        101         10
  214      92         88         12          0        150        254         10
  215     148         94       7866          0        450        539         10
  216      68         86       1828          0        120        194         10
  217     154         27       2820          0         30        145         10
  218      67         95       1760        192        120        213         20
  219     174         54       2139          0          0        172         10
  220     123         52        138          0        210        273         10
  221      79        101        403        306        120        259         20
  222      85         71        857       3492         30        142         20
  223     190         58       1529          0          0        199         10
  224      86         67        991          0          0         96         10
  225      68          2        198        181          0        115         20
  226      86         80        127        211         30        172         20
  227     162        118       1709          0          0        199         10
  228      56        103       1715          0         60        191         10
  229      48         46       3295       5889          0        146         20
  230      30         54       1318          0          0        134         10
  231     111         83        937          0        420        533         10
  232      83         74       2364          0        120        260         10
  233      45        126         61          0          0        154         10
  234     104         81       1648       1817          0        132         20
  235     105        152         77       1742        180        292         20
  236     104         68         23       1460        120        292         20
  237     116         43        480       1500          0        129         20
  238      60        148        713       1749         30        182         20
  239     122         83       1952          0        180        277         10
  240      89         57        445          0        120        277         10
  241     176        126       5559          0          0        216         10
  242      66        152       1090          0         60        227         10
  243      44         78       1873       4411        420        519         20
  244      29         38         22          0         90        162         10
  245     118        100       3564          0        360        465         10
  246     146         92         82         74        180        250         20
  247      34        124       9338          0        120        284         10
  248      76         31        364          0        330        409         10
  249      47         62        621       3243        120        279         20
  250     117         97       9680          0        360        462         10
  251      96        112         35          0         60        150         10
  252      86        140       9337         12        150        278         20
  253     149        136       1418       5946        120        280         20
  254     119         94        388       2215         60        200         20
  255     138        146       1104          0         60        195         10
  256     169         82        150         17        120        225         20
  257      80         11      15000          0          0         73         10
  258      28         10        181        583        120        276         20
  259     116         49      14757          0        300        440         10
  260     141        142       2973        620         60        236         20
  261      88        127       1988        553         60        149         20
  262     197         58         60         56          0        214         20
  263     139         70         46          0         30        200         10
  264      37        100       1221       2447        330        467         20
  265      69         92       2542          0        120        291         10
  266      65         86         98          0        150        229         10
  267     197         87        781       2435        300        467         20
  268     148        114        581          0        210        286         10
  269      28         31       1807         20         30        158         20
  270      21         80       1559        450        420        514         20
  271     168         75       4492        515          0        183         20
  272     151         22       3910          0          0        168         10
  273      85        135        377          0        120        220         10
  274      28        101        650        261          0        118         20
  275     122         34       1862         70         30        115         20
  276     100         23        584          0        120        222         10
  277      66         86       3604          0         90        173         10
  278      69         90       1998          0         30        196         10
  279     139         91       2344       1685        150        245         20
  280      50         80        673       1629        300        404         20
  281     120         85        615        452         90        220         20
  282     188         83       2334          0         90        204         10
  283      38         68      15000          0        120        255         10
  284      31        106        686          0         30        169         10
  285      78         74        999          0          0        124         10
  286      85         77        259       1035          0        175         20
  287      90         29         45          0         90        186         10
  288      95         87       2218       4579         60        171         20
  289      21         40       3810          0          0        140         10
  290      60        151       1891          0        210        281         10
  291      52         62       8107       3808          0         77         20
  292      22        149       4698         82         30        175         20
  293      55         67       2489          0        150        227         10
  294      59         48         38         80          0         95         20
  295     142         91        108       4191        120        287         20
  296     151         77         87          0          0        160         10
  297      44         49       7334          0        360        431         10
  298      30         73       2255        840        150        287         20
  299      59        134        864          0        120        196         10
  300      94        118       2191          0        180        250         10
  301     158         73       3051          0        360        466         10
  302      39         52         90          0          0        107         10
  303      65         79         29       9866        330        493         20
  304      40         67       1644          0        450        523         10
  305      56        114        587       1940          0        136         20
  306     100         73         96          0        150        256         10
  307      46         50        234       4176        120        284         20
  308     160        118       6111       1029         90        224         20
  309      23        110        406          0        300        412         10
  310     101        117       3956          0        330        441         10
  311     177        110       2025          0        120        261         10
  312      93         68        831         85        150        222         20
  313     174         93        530       5280         90        188         20
  314      31        107        326       1156         30        201         20
  315      95         90       1636          0        150        272         10
  316     113         37         38       1293          0        132         20
  317      97         36       1434          0        300        410         10
  318     136         72       1133       4854        150        260         20
  319      66        117       1096          0        150        231         10
  320     173         56        817       2138        120        258         20
  321     103         55         62          0          0        142         10
  322      53         61       7335        178          0         76         20
  323     120         62      15000          0          0        143         10
  324     169         76         21          0         30        185         10
  325     162         96         16          0         90        220         10
  326     126        111       9991       3234        180        256         20
  327      63         62        200          0        300        405         10
  328      75        156        695       5746         60        199         20
  329       6         26        103        338         30        167         20
  330     181         42        294          0         60        204         10
  331      48        151       1789         40        330        460         20
  332      38         31       1285       1542        120        279         20
  333      36        153        203        144        390        475         20
  334      32        100       2565          0        150        222         10
  335     150         20        176        388         90        174         20
  336      15         41       2076          0        120        262         10
  337     110        135       7052       7572        300        400         20
  338     192         92       4479        387        360        488         20
  339      32         73       3613       1893        360        487         20
  340     111         35       3046        350        300        441         20
  341      59         14       2558         67        120        248         20
  342      17        119      13931       1069         90        263         20
  343     156         67       9316       1976         60        164         20
  344      95         38        433          0          0        100         10
  345      69         51       7005       1959        120        239         20
  346     193         91       1440       5669        150        225         20
  347      60         43        136          0        120        193         10
  348     158         24       5374          0          0        166         10
  349       8         10        216       2069        150        286         20
  350     172         43        620        280         30        178         20
  351     122        146        344        287        300        451         20
  352      86        135         18       2115         90        257         20
  353       0         90       7975       4343        360        506         20
  354      78         84       1819         76         90        260         20
  355      66        109       1110          0        180        246         10
  356     157         96       1116        621         90        230         20
  357     119        140       1919       4387        360        499         20
  358     148         92       1711          0          0        173         10
  359     122         66       3521          0         90        246         10
  360     121         45        684          0          0        118         10
  361      26        142       2365         31         30        168         20
  362      47        133       4963          0         60        232         10
  363      95         68         42          0         30        115         10
  364     134        130       2799       3850        120        274         20
  365     163         65       2020          0          0        177         10
  366      52         46       2445       1778          0         66         20
  367     172         77        358          0         60        193         10
  368      18         29       2139        442        120        258         20
  369     158        128       2022          0        210        278         10
  370      19        124       6407        627        120        283         20
  371      60         37       1380          0        120        233         10
  372     146        129        181       1118         30        189         20
  373      51        115        567       3605         30        192         20
  374     114         48       4493          0        330        462         10
  375     155         35         78          0         30        161         10
  376      66         63        418          0        150        221         10
  377      96        118        579       5307        180        297         20
  378     110         21       2830          0          0        110         10
  379     174         99        805        140        180        246         20
  380      34         63        152          0         60        225         10
  381     164         73       5735          0         60        200         10
  382      25        117       5161       1943        330        486         20
  383     154         76        274          0         60        234         10
  384      32         74        960       1273        120        220         20
  385      98         63       5465        451        330        494         20
  386     106         68       3813          0        360        514         10
  387     194         97        122          0          0        214         10
  388     149         34       3794          0        360        424         10
  389      21         78       3399          0         60        163         10
  390      57        145      11350          0        120        190         10
  391     102        100       1673          0        120        249         10
  392     132         69        268        345         30        186         20
  393      12         16        690          0        150        288         10
  394      76         78       3955       4377        120        287         20
  395      80        139        255          0         90        196         10
  396      31          4       2093          0        120        275         10
  397     186         74      10924          0        300        457         10
  398     158         33        775       1136          0        160         20
  399     187         54       3502          0          0        189         10
  400      34         98       1429          0         90        220         10
