400_277

CUSTOMER  VEHICLE
NUMBER	  NUMBER     CAPACITY    DispatchingCost
    400     500          40000       100

CUSTOMER
CUST NO.  XCOORD.   YCOORD.   DDEMAND   PDEMAND   READY TIME  DUE TIME   SERVICE TIME

    0      41         23          0          0          0        960          0
    1     153         48        280          0         90        171         10
    2      82         85      15000          0        120        227         10
    3      40        112       1854          0        390        460         10
    4     101         20         13          0          0        101         10
    5      15         41       2076          0        120        262         10
    6      97         46         56       6099        120        244         20
    7     163         22       5394         85          0        176         20
    8      44        133        690        106        150        216         20
    9     160         78        270          0        120        188         10
   10      87        140       2695       3645        150        220         20
   11      76         78       7643          0         90        229         10
   12     127        122         14          0        120        266         10
   13      99         37        108       1210        120        283         20
   14     158         33        775       1136          0        160         20
   15     154         76        274          0         60        234         10
   16      77         44       4579       3422        120        285         20
   17      24        114       1755          0          0        144         10
   18     197         87        781       2435        300        467         20
   19      72         99       1519       3868        180        290         20
   20      66        135       2024          0        120        225         10
   21     134        130       2799       3850        120        274         20
   22       8         43         94      14906         60        198         20
   23     146        141         94       2659         60        199         20
   24     175         51       1655          0          0        169         10
   25      73         92       5409        719         60        236         20
   26       1         17         29       1669         60        230         20
   27      95        146       1549          0         90        195         10
   28     150        140       3400       2503        120        215         20
   29     103         55         62          0          0        142         10
   30     142        136       2434        856        180        240         20
   31     190         58        120          0          0        204         10
   32     137         30        589         90          0        140         20
   33     117         42      12636          0        120        188         10
   34     153        122        284       3327         90        200         20
   35     177         47       2378        271        450        516         20
   36      41         70         30       1036        120        248         20
   37     173         95       4225       6623         90        201         20
   38     112         47       4377          0        120        200         10
   39      77         42        512          0        120        271         10
   40     176         52       2360          0        300        472         10
   41      24        109       1096        166        390        459         20
   42     162        118       2536          0        120        284         10
   43      42         23       4798          0         30        113         10
   44     131         83        299          0         60        155         10
   45      17         18       3480          0          0        104         10
   46      97        112       2654       1890        120        225         20
   47      57         37         14          0        150        219         10
   48     121         81       1570          0         90        223         10
   49     108         18      11093        260        330        468         20
   50     120         33       9977          0        390        496         10
   51      95         87         33          0         30        133         10
   52     169        111        290          0        150        221         10
   53     102         67       1641         27         60        152         20
   54      42        125        199       1517         60        233         20
   55      47        133       4963          0         60        232         10
   56      45         78        146          0         90        165         10
   57      17         36        298        746        150        250         20
   58      92         61       1511          0        120        257         10
   59      39        156         94         70        330        447         20
   60      78         98        462       2331         90        237         20
   61     164         73        887        104        150        229         20
   62      68          2        198        181          0        115         20
   63      47        129        171          0         60        154         10
   64     170        139       2300          0        180        263         10
   65      44         86         37          0          0         99         10
   66      57         94       1994          0        390        490         10
   67     137         93       5834          0        300        462         10
   68      68         96         65          0        150        242         10
   69      73         56         10          0          0        134         10
   70      50         93        396          0        150        258         10
   71     198         85       1522        586        120        259         20
   72      62         56         40        248        120        258         20
   73      87         69        696       8189        150        256         20
   74      60         49       1543         90         30        166         20
   75     139         70       1661          0        150        255         10
   76      91         12       2290          0          0        134         10
   77     144        128        172        300        300        396         20
   78      53         21       2094          0        120        230         10
   79     151         92        543       7575          0        168         20
   80     122         34       2224          0        120        223         10
   81     119         33        108         80        150        220         20
   82     127         53       1804          0        120        225         10
   83     106         66         82       1254         30        183         20
   84      69         90       3243          0        390        495         10
   85      71        129      12904         84          0        154         20
   86      50         64       1747       2222         90        160         20
   87     112         75         74          0        300        435         10
   88     103         96         36          0         90        165         10
   89      88         87         35       5653        180        289         20
   90      11         47       6799          0        120        288         10
   91      52         63       2572          0         90        232         10
   92       5         14        439      14561        120        295         20
   93     135         51         64       4551          0        135         20
   94      39         48       1791       1043          0        125         20
   95     137        103       1733          0         30        170         10
   96     101        117       3956          0        330        441         10
   97      64         12       1443          0          0        143         10
   98      11         17        198       1008         30        133         20
   99     137        145        199      11844        120        246         20
  100      27        127       6599          0        300        414         10
  101     150         76         49          0         30        195         10
  102     164        107         48          0        180        280         10
  103      10        116         86       1521         60        226         20
  104      62        135       1240       2938         90        228         20
  105      93         50        710      14290          0         98         20
  106      86         81       2386       1256        120        232         20
  107      34        127       5945          0        120        254         10
  108     128        111       2939          0          0        162         10
  109      58         21        451          0          0        174         10
  110      88         61        363          0        330        474         10
  111      20        119         90          0        180        249         10
  112      81        134       4190        363          0        165         20
  113     104         39        228          0          0        130         10
  114      88         41       1275          0        120        221         10
  115     160         33       2819          0        420        533         10
  116     153         27       4494       1051          0        153         20
  117      36         79         86        212        450        517         20
  118      57        117       7204          0         60        140         10
  119     167         94        888       5693          0        185         20
  120      85         77       7409          0         60        220         10
  121      90        119       1869       9807        360        431         20
  122      77        120         22          0         90        230         10
  123       6         26        103        338         30        167         20
  124      22         44       4416          0        360        458         10
  125      13         87       1330          0          0        122         10
  126       6         12         30        210          0         73         20
  127     154         39       2164          0          0        164         10
  128      61         76      13149          0        300        400         10
  129      71         91       5401       1945          0        140         20
  130      16        122       1708          0         30        145         10
  131     185         59       3400       5639        120        206         20
  132      74         92       1473       3547        120        246         20
  133      30        117       1507          0         60        160         10
  134     109         64       2869         98         90        217         20
  135      76        127       4385          0        330        405         10
  136      82         15        133          0        120        254         10
  137      76         76        191          0         60        220         10
  138       0          8       2947         34        180        294         20
  139      56        103        362         37          0        132         20
  140      96         86        212        673        120        288         20
  141      15         54         12        107        180        278         20
  142     133        100       3751       1524        390        527         20
  143     126         66        123          0         90        222         10
  144     154        105       2750         12        180        285         20
  145      42         73        305          0        120        233         10
  146      69        134       1438         28         90        203         20
  147      96         36         74          0        120        220         10
  148      35         23         16          0          0        114         10
  149      29         35        280          0          0        128         10
  150      37         15       3805        746        420        522         20
  151      65         88        745        299        150        232         20
  152      17        126         84          0         30        150         10
  153     127        105       1265          0         30        192         10
  154      36         87        913      10752        180        297         20
  155     122         59        641          0         30        183         10
  156     106         84       3643          0        150        289         10
  157     179        114       2024        197         60        211         20
  158      56         80        470          0         90        225         10
  159      86        135      15000          0          0        164         10
  160      87         81        949          0        360        471         10
  161      35        109       2089          0        120        225         10
  162      44         51        240       1297        120        291         20
  163      59         48         38         80          0         95         20
  164      60        118       7904       5162         60        141         20
  165      34         63        152          0         60        225         10
  166     142         91        108       4191        120        287         20
  167      38         73         30          0          0        110         10
  168     173         56        817       2138        120        258         20
  169     120        149       3823       1756        300        392         20
  170     136         72       1950         36        120        293         20
  171      93         68       2493          0         30        147         10
  172     142        124        720         23        120        254         20
  173     162        117       2284          0         60        219         10
  174      38         68      15000          0        120        255         10
  175     191        100        149        279        120        285         20
  176     194         94        300          0          0        216         10
  177      81          8       1427          0          0        127         10
  178      79          7       4270       2827        120        280         20
  179     160         23        108        270        120        203         20
  180       5         20       7372       2237         90        255         20
  181      55         65        330       1770        120        285         20
  182      50        123        657          0        150        296         10
  183     129         71       1103          0        360        501         10
  184     143         66         95       1872         60        148         20
  185      81         56        315          0        120        199         10
  186      22        129       4578          0        210        292         10
  187      57         29       9626          0        120        190         10
  188     151         49       6368          0          0        160         10
  189      29         81         33       4814         60        189         20
  190     145         71       8935       1819        330        466         20
  191     178        101         14          0        180        250         10
  192      29        131       1225       2550        300        396         20
  193      17         49       1940         15        120        213         20
  194      94         69        107          0        150        254         10
  195     102         93       2636       9336        180        295         20
  196     152        146       3114       1844        120        205         20
  197     179         61       8000          0         60        197         10
  198      28         31       1807         20         30        158         20
  199     100         84       2429          0          0        123         10
  200     116         83        550       1777         30        197         20
  201      73         83         28          0          0        139         10
  202     200         68       2537         42          0        220         20
  203      53         70        502          0         60        153         10
  204      29        114      11268          0          0        149         10
  205     148         30       1881       2382         90        218         20
  206     115         96      11435          0          0        160         10
  207      14         34        456          0        120        280         10
  208      63         90        106         72        150        283         20
  209     191         51       3545          0          0        204         10
  210      32         73       3613       1893        360        487         20
  211     119         94        388       2215         60        200         20
  212      82         12        151          0          0         97         10
  213     140         38        155        448         90        262         20
  214      53         78       5064         22          0        101         20
  215      49         47        679          0        120        189         10
  216      73        123        133       1185          0        166         20
  217     120        124       6209          0         60        223         10
  218      79         16      14945         55          0        154         20
  219      97         84       3915       6296         90        249         20
  220     111         54       3504          0          0        113         10
  221     121         66       2282       3179        150        259         20
  222     119         11       1680          0          0        131         10
  223     193         91       2004          0          0        211         10
  224      78         87         56       1532        120        278         20
  225      89         57        445          0        120        277         10
  226     185        103       2736       5906        210        287         20
  227     148         92       1711          0          0        173         10
  228     158         75       1639       1839         60        206         20
  229     109         65      15000          0          0        118         10
  230     137         49        501          0          0        157         10
  231     104         70        279       2024        120        183         20
  232      71         19       3406        567          0         66         20
  233     133        123      11040         38        120        225         20
  234       4         23        236        920        120        223         20
  235     109         29        608       3418        120        223         20
  236      64         44       1758       7409          0        122         20
  237     181         76        134        217        120        247         20
  238     172         77      11057       1016        300        402         20
  239      89         56        625       1959          0        116         20
  240     176        112         90       6575         90        255         20
  241      49         43       6189          0         30        101         10
  242      68         95         50        538          0        122         20
  243     161         87       2738          0        120        226         10
  244      87         93       2024          0        150        216         10
  245      53        103       1890          0          0        159         10
  246      85        128       6740       2399        120        299         20
  247      69         21       2988         37        120        196         20
  248      65         32       1190        196          0         74         20
  249     148         94      12593       2407        150        227         20
  250      11         19       6393          0        120        230         10
  251     100         14        396          0        120        255         10
  252      32         83       1242       5845        120        219         20
  253      52         46       2445       1778          0         66         20
  254     141         68       3120          0        330        433         10
  255      96         81       1570          0          0        130         10
  256     160        108        591       3008        180        248         20
  257      21         78      12793       2207        120        225         20
  258     159         75       5376       3804          0        175         20
  259     123         47       8172          0        360        470         10
  260     168        109       2850      11299        180        286         20
  261      20         78       3380      11620         90        171         20
  262      12         15       1272          0         90        189         10
  263      86         67        120          0          0        159         10
  264      46         52        105          0          0        172         10
  265     168         96         60        818          0        194         20
  266      27         46        210         59        120        204         20
  267     170         65        288          0         60        226         10
  268     122         40         14          0        150        289         10
  269      46         50        234       4176        120        284         20
  270      82          8        280          0          0        133         10
  271      74         95       5497       2199          0        125         20
  272      43         16        992       1009        120        292         20
  273      75         55       2917        363        120        281         20
  274     134         55       3496          0        120        276         10
  275      16         10      10906       4094         30        169         20
  276     174         99        805        140        180        246         20
  277      31         76       1011        179        330        426         20
  278     188         66         84          0         30        196         10
  279      57         70       1258       2997        360        467         20
  280      80         11       1799          0        360        524         10
  281      60        122        249       3793         60        219         20
  282     107         85         75       5377         60        132         20
  283     167         35         91        384          0        172         20
  284      45         61       1970        147        120        198         20
  285      34         74       1589          0        150        274         10
  286     117         63       4027       1999        120        279         20
  287      67         91       2857       4092         30        203         20
  288     132         27         14          0         90        192         10
  289      81         81        604          0          0        135         10
  290      95         82        699          0        120        187         10
  291     123         52        138          0        210        273         10
  292     141        142       2973        620         60        236         20
  293     117         97        345          0         60        189         10
  294     189        101        830          0        180        281         10
  295       8         11       1860        996         60        162         20
  296     148         33       4248          0        450        511         10
  297      21         40         48          0        120        196         10
  298      71        131        146        655         90        198         20
  299      13          8       1062          0        120        288         10
  300      69         24        108        117          0        144         20
  301      13         12       1157       1527          0        129         20
  302      22        151       8726          0          0        183         10
  303      52         61       1464       1944          0        101         20
  304      39        107       3078       1042          0        129         20
  305      99        113        202          0          0        153         10
  306     109         75       1710        193         30        155         20
  307       8         81       1748         91         60        162         20
  308     146        112       3512          0         90        178         10
  309     174        119       2449       2204        120        215         20
  310      81         18      11287       2416        120        228         20
  311     125         29      15000          0        150        295         10
  312     112         78        108       1511        120        216         20
  313     100         67       6851         56         30        135         20
  314      45        147       1805        111        120        191         20
  315      51        150         20        746          0        173         20
  316      78         65         89          0        120        287         10
  317      93        152        603      14397         90        182         20
  318     121         73         21          0        300        459         10
  319     116         85        152          0         60        141         10
  320      31        142       5368       2559        390        470         20
  321      64        132        137          0         60        224         10
  322      93         94       1154        595         60        127         20
  323     117         79       4099        671        330        475         20
  324      54        104        194      14806        120        186         20
  325     123         34        106         87          0        132         20
  326       7        114       1255          0         60        173         10
  327      56         64        170       5400         60        195         20
  328     185         44         40          0         60        220         10
  329     106         68        277       1874          0        123         20
  330     198         79       3403          0         60        222         10
  331      88         67       3417        697        390        526         20
  332     118         94        325       1706         60        162         20
  333     182        107         65        399          0        206         20
  334     158        128       2022          0        210        278         10
  335     192         88       4583       1308        120        231         20
  336     126         89       1838        339         30        207         20
  337     157         59         52          0         90        166         10
  338     181         73       1888          0         30        192         10
  339     121         45        684          0          0        118         10
  340      70         72       2362        180          0        108         20
  341      86         77       1708        227        330        399         20
  342     120        109         22       1769         60        170         20
  343      68         73         36          0        150        251         10
  344     131        123        786       5873         30        190         20
  345     162         63        310       3296        390        526         20
  346      94        118       2191          0        180        250         10
  347     106         54        218        169        180        243         20
  348      86         76        670          0          0        120         10
  349     104         55       4342          0        300        417         10
  350     144         34       2376       1927        360        436         20
  351     100        101        290          0         90        253         10
  352      53         69        817         90          0        143         20
  353     131         32       2471          0        300        432         10
  354      62        151         60          0        180        264         10
  355      62        154         13       2433        210        296         20
  356     155         55        452       9990         30        184         20
  357      73        111        437      14563        330        453         20
  358      95         38      10533          0        300        398         10
  359      55         47       1285        100        390        490         20
  360      34        142        432        389          0        171         20
  361     137        143       3153       5087        180        292         20
  362     120        117       1615       1636          0        157         20
  363     128         97        756       7047        330        403         20
  364      77          6       2198          0          0        100         10
  365      64         40        280          0          0         77         10
  366     160        127        157          0        300        440         10
  367      39         33        673        169        420        497         20
  368      55         67       2489          0        150        227         10
  369     132         43         85       1833         60        194         20
  370       1         25       3149       3212         60        173         20
  371     105         41       4551       1073          0        169         20
  372      50         80        673       1629        300        404         20
  373     166         28      11551        984         30        194         20
  374     139         66       7243       6474        300        410         20
  375     133         52       4356          0         60        130         10
  376     151         77      13526       1474        120        190         20
  377      15        118      14294          0        210        277         10
  378     159        127       2388       2516         60        201         20
  379       9         49       1501          0        150        257         10
  380      76         44        296        171        120        283         20
  381      44         47      13065          0        150        280         10
  382      26          9         90        686        120        243         20
  383      82         72       2382        526         30        199         20
  384      55        104        169       1793         30        190         20
  385     167         57       1475          0         60        181         10
  386      30         73       1538      13462        300        427         20
  387     122        128       3545       1686        300        399         20
  388     112         37       4280          0          0        140         10
  389      59         54      11876          0        390        459         10
  390     100         29       3137        668          0        114         20
  391     161        117        282          0        120        219         10
  392     114         80        646          0        150        224         10
  393     160        136       1923          0        360        466         10
  394      97        144       8517        605        420        494         20
  395      88        127       1988        553         60        149         20
  396     123         66       1816          0        330        410         10
  397     146         56        260          0         30        161         10
  398     198         67       1886          0         30        195         10
  399      34        106        384        417          0        148         20
  400      90         73         89          0          0        134         10
