400_291

CUSTOMER  VEHICLE
NUMBER	  NUMBER     CAPACITY    DispatchingCost
    400     500          40000       100

CUSTOMER
CUST NO.  XCOORD.   YCOORD.   DDEMAND   PDEMAND   READY TIME  DUE TIME   SERVICE TIME

    0      41         23          0          0          0        960          0
    1      51         47       3775       1544          0        159         20
    2     164         85       1673          0         90        219         10
    3     115         81       2084          0          0        142         10
    4      57         29       9626          0        120        190         10
    5     173        111       1961          0        120        216         10
    6     106         59        129        287        150        220         20
    7      80         93       2005         32        120        197         20
    8     153        115       1624          0          0        184         10
    9     180         58       3535         63          0        196         20
   10     148         47       1068       9983          0        148         20
   11      78         43       1788          0        420        504         10
   12      99        113        134          0         60        156         10
   13      53        103        618        889          0        138         20
   14     198         79       3403          0         60        222         10
   15      85         75       4920        383        120        220         20
   16      37        100       8374        891        300        458         20
   17     176        113         45          0        120        275         10
   18      54        130       4493        879        180        286         20
   19      52         61       1464       1944          0        101         20
   20      73         81       3084          0         30        141         10
   21     121        142       1553          0        120        205         10
   22     101         85        431       3769        420        521         20
   23     158         71       3592        231          0        160         20
   24     105         62       2193          0        150        234         10
   25      92        120        250          0         30        162         10
   26      91         70        763          0        120        218         10
   27     100         73         28          0         60        138         10
   28      42        127       2066      12934        120        248         20
   29      66        117      10176        845          0        175         20
   30      17         36        524          0          0        104         10
   31     117        152        102       6373        210        283         20
   32      42         52       1802          0          0        145         10
   33      36         20       2287        292        120        282         20
   34     101        120       1250          0        360        469         10
   35      84         75         36       4537        360        525         20
   36      44         49       2711          0        120        291         10
   37       7        117        610        100         60        189         20
   38      87         69        696       8189        150        256         20
   39     188         79        566        126          0        216         20
   40     162        118       2536          0        120        284         10
   41      49         43       6547          0          0         81         10
   42     126         72       2306       4765         90        190         20
   43     125         79       5792         22         30        167         20
   44     114         80        646          0        150        224         10
   45      46        113       3136          0         60        219         10
   46      62         46       1630       2155        300        397         20
   47      67         95       1760        192        120        213         20
   48      95         24         60       2219          0        153         20
   49     195         99       3484       2738        120        232         20
   50     121         66       7575          0        180        259         10
   51     134         73       1174       5745         30        143         20
   52      81        134       4190        363          0        165         20
   53     146         33        127          0         60        232         10
   54      21          7        812          0         90        164         10
   55     155         24       1664       1500         30        201         20
   56     176        111       6331          0        150        293         10
   57     110         69       1453        121         60        230         20
   58      57        145         64          0         60        221         10
   59      44        133        690        106        150        216         20
   60      99         64       1879          0         90        176         10
   61      90        124         22          0        120        291         10
   62      29         35        280          0          0        128         10
   63     131         51       1750          0         90        263         10
   64      94         62       3090          0        150        231         10
   65     116         85         40          0        330        498         10
   66      69         90       3243          0        390        495         10
   67     181         42       4565       2636          0        180         20
   68      32         56        182       1771        120        271         20
   69       7         21        633          0          0        121         10
   70      72         92       2616        234          0        161         20
   71      19        124       5553        619          0        135         20
   72      69         24       3234        160        120        282         20
   73      38         31       2308      12692        300        399         20
   74       9         49         10       1737        120        191         20
   75     122         66       3521          0         90        246         10
   76      26        126       3808       1708        180        277         20
   77     112         37       4280          0          0        140         10
   78     122        109       1098       3238        180        286         20
   79     111         85       2903          0        120        279         10
   80     173         85       4842        248         60        183         20
   81     106        143       1942          0         60        181         10
   82     126        132       1749       1716         60        228         20
   83      78         35       6575          0        120        185         10
   84      90         73         89          0          0        134         10
   85     150         81       1824       1361          0        156         20
   86     191         51         74       3792          0        205         20
   87     115         61        170          0         60        190         10
   88     126        111       9991       3234        180        256         20
   89      93         68       2354         34         60        217         20
   90      47        125       4866       6351         30        156         20
   91     122        139        424         47         90        186         20
   92      30         42        540          0          0         80         10
   93     122         30       1750         48        120        247         20
   94      93         84       3602          0        120        227         10
   95      95        146       1531        690         60        175         20
   96     142         35       6869          0        150        294         10
   97      77         55        280       1511          0        110         20
   98      34        124       9338          0        120        284         10
   99      10         51        117          0        150        296         10
  100     144         54       5306          0          0        146         10
  101      68         73       1260          0        150        261         10
  102      88         61        363          0        330        474         10
  103     135         23        213       3093        360        519         20
  104     112        138      13644       1356        120        250         20
  105     120        129        108          0        150        252         10
  106     106         68       3813          0        360        514         10
  107     108         35       1516        169        120        214         20
  108      51        134         14          0        120        275         10
  109     184         71       5419       1364         60        201         20
  110     107         77       3438       2076        150        220         20
  111     171         66        210       5151         30        180         20
  112      51        150       1346       4497         90        249         20
  113      42         16       2135          0        120        252         10
  114     103         95       5044       8107          0        150         20
  115     113         38         34          0        390        525         10
  116      65         57       1104          0          0         75         10
  117      86         81       2042          0        300        442         10
  118      86        135         18       2115         90        257         20
  119     104         70        279       2024        120        183         20
  120     116         49       3116       4606         30        172         20
  121      34        149       2036          0         60        235         10
  122     171        104        123          0         60        225         10
  123      61          1        456        424        120        278         20
  124      35         63       2025          0          0        138         10
  125     167         35      11558       3442        150        218         20
  126     128         89       1706       1109        150        245         20
  127      75        126      13578       1422        360        428         20
  128      53         65         70          0         60        199         10
  129     188         95        130        385          0        214         20
  130     132         44       3422          0        210        282         10
  131      34         74       2410          0        120        186         10
  132     112        136      14399        334        390        523         20
  133     158         74        345       1149        150        275         20
  134      12         15       1272          0         90        189         10
  135      52         92       3688          0        150        259         10
  136     169         82        150         17        120        225         20
  137     134         89        282        197        360        437         20
  138     102         93       2636       9336        180        295         20
  139      99         37        108       1210        120        283         20
  140     159         43       5669       1990        360        466         20
  141      11         34       5652       3785          0         79         20
  142      15         52       4024        235          0        169         20
  143      71        107       3481          0         30        188         10
  144     103         96       1321        433         90        195         20
  145      51          1       1834       3239         30        141         20
  146      52         62       1715       3401          0        108         20
  147     178        101         14          0        180        250         10
  148      34         63       2827          0        300        400         10
  149      43         16       3023        129        120        231         20
  150      49        148       1504       1889          0        167         20
  151      53         37       1685        404        360        499         20
  152       7         18         66         20        150        265         20
  153      52         46       4320       2221        120        249         20
  154      40         29        860          0        120        283         10
  155     101        111       4531       2816        120        277         20
  156     137        143        188          0         60        189         10
  157      68         21       1661          0        150        229         10
  158      92         52       2272         40        120        236         20
  159      60         49       1543         90         30        166         20
  160     107         70       6738          0        360        463         10
  161     107        138        472       3161         60        208         20
  162      27         84         33      14967         30        165         20
  163      87        140       2695       3645        150        220         20
  164      32        112        584          0         30        174         10
  165      34        137       5813         74        300        434         20
  166     155         27       3282          0         30        205         10
  167      53         21       1800          0          0        105         10
  168     100         85       1769          0         90        199         10
  169     138         37      14957         43        120        277         20
  170      75        130        263          0         60        165         10
  171      40        133       1587       5873         60        158         20
  172      34        127       8560          0        300        454         10
  173     160         37       2511          0         60        153         10
  174      75        156        695       5746         60        199         20
  175     113         37         38       1293          0        132         20
  176     148        116       3610          0        300        445         10
  177      82         74        556          0         90        164         10
  178       7         28         13          0         30        187         10
  179      99         57        146         58          0        141         20
  180     123         59       1081          0        390        528         10
  181     144        128        172        300        300        396         20
  182     121        129       1783          0        420        536         10
  183      13         87       1330          0          0        122         10
  184     116         83        365          0        120        227         10
  185     147         22       3684          0        300        434         10
  186       3         88      15000          0        120        230         10
  187     107         98         82       5359         60        193         20
  188      66        152       3277         72          0        161         20
  189     163         22        272        788        120        243         20
  190      73         96       1678       2545        180        255         20
  191      73         83         28          0          0        139         10
  192      74         95       5497       2199          0        125         20
  193     179         61       1605       5657         90        180         20
  194      28         74        178          0         30        198         10
  195     164         45        514          0         30        193         10
  196      31          7       1702         87        120        292         20
  197      53         44        287          0        150        256         10
  198      73         89         54          0         90        258         10
  199      15         10       2020          0         90        184         10
  200      63         52        656          0        150        284         10
  201      60         37       1380          0        120        233         10
  202     158         30         30          0        330        494         10
  203      65         32       1190        196          0         74         20
  204     105         81         58          0        120        290         10
  205     128        111       2939          0          0        162         10
  206      23        141        982          0          0        156         10
  207      53         45         31          0         30         95         10
  208      76        127       4385          0        330        405         10
  209     160        101       2010          0          0        176         10
  210     123         67       3124       2437         60        203         20
  211      34        136       6807        100          0        156         20
  212      99        144        154        442         60        203         20
  213      88         87       9970          0        180        279         10
  214     128         72      13201       1799        210        287         20
  215     126         89       1026         57         60        218         20
  216     179         48        908        433          0        183         20
  217     120        149       3823       1756        300        392         20
  218      13         38         27       1613         30         98         20
  219     189        101        830          0        180        281         10
  220     175        124       9326          0          0        214         10
  221     131         32       5051        306          0        134         20
  222     183        102       2558        334        120        228         20
  223     114         56       1924          0        150        277         10
  224      16         10       2501          0        330        477         10
  225     194         60       6296        390         60        206         20
  226     152         91        170          0        120        197         10
  227      24         59       4918          0        390        502         10
  228       1         25         21       2013         30        188         20
  229     127        122       7628          0        120        278         10
  230     131        123       4519          0         60        194         10
  231      51         98        407       8859          0        107         20
  232      37         14        902          0          0         76         10
  233      81          4      15000          0          0        139         10
  234      87         53       8945          0        360        525         10
  235     154         31        879        338        120        246         20
  236     143        112       2682        236        360        469         20
  237      39         52        100          0        120        201         10
  238      49         88       1526       1790         90        228         20
  239     114         49       2303          0        150        228         10
  240     137         70        260       5735          0        151         20
  241     117        100         13          0         30        160         10
  242     136        148         58          0         90        228         10
  243      57         91        197       3956        390        532         20
  244      78          7       1210        450         30        145         20
  245       3         94       8935         24         30        143         20
  246      60         13        324          0          0        103         10
  247      71        100       5973          0         30        121         10
  248      39          4       6177        873        330        456         20
  249     115         96       2703          0        120        281         10
  250      44         48        566          0         30        160         10
  251      53         57        538         68          0         75         20
  252     167        103      14692        308        150        214         20
  253      86        140       9337         12        150        278         20
  254     141        142       8313          0          0        206         10
  255     117         42       1478        505          0        131         20
  256     195         84       2484          0         60        218         10
  257     181         68       1149          0         90        185         10
  258     108         21         28          0          0        103         10
  259      77        120         22          0         90        230         10
  260       6         12       1818          0         30         97         10
  261     122         40         14          0        150        289         10
  262     137         49       8190       1015          0        145         20
  263     150         46       3578       1196         30        162         20
  264     174         99       2160        447          0        203         20
  265      83         86         89          0         90        182         10
  266      57         26         62         59        120        216         20
  267     177         47       2378        271        450        516         20
  268      81          8        254         86          0         85         20
  269      34         67      10530        127        120        294         20
  270      83        141        744          0        150        228         10
  271      33        131       2198        336        150        232         20
  272      20        145         87          0         90        241         10
  273     149         34       3794          0        360        424         10
  274     110        119       4225          0        180        249         10
  275     159         75       7375          0        330        468         10
  276     187         54       3502          0          0        189         10
  277     108         38       1775          0         30        193         10
  278      33        137       1169          9        150        263         20
  279     128         56        200       1556        150        241         20
  280      34         61       7125          0        300        408         10
  281      86         67        991          0          0         96         10
  282     145         38         40          0         30        156         10
  283      63        111       1269       2888          0        123         20
  284      30         36        468       2067        390        494         20
  285     192         65       1092          0        120        237         10
  286     150         76        910         20         30        187         20
  287      27         76        563       7334          0        108         20
  288       7         97         54         17          0        171         20
  289     131        104         65          0         30        166         10
  290     190         58       1529          0          0        199         10
  291     124        136        994          0         60        188         10
  292      48         47       2496       5873        210        279         20
  293     180         65        672         19        150        279         20
  294     200         68       2537         42          0        220         20
  295     132         27        922          0          0        140         10
  296      57         70       3068          0        120        217         10
  297      47        133       4963          0         60        232         10
  298     105        126        525          0         60        171         10
  299      73        113        524       3301        180        286         20
  300      22         91        197          0        180        281         10
  301     101         81         40        319        120        263         20
  302     123        124       6744          0        330        442         10
  303     168        109       3646          0         60        190         10
  304      74         85       1708          0          0        124         10
  305      16         35         87      10255         30        115         20
  306     104        109       3716          0         60        233         10
  307      55        116      10997        108         30        131         20
  308      71        131        146        655         90        198         20
  309     107         93       2516        758        360        430         20
  310     125         29       4183        151        450        535         20
  311     143         31         67          0        210        278         10
  312     154        131      10211       4789        180        289         20
  313      31        106        686          0         30        169         10
  314      25        114        338         84         60        226         20
  315      30        106       3753          0        150        219         10
  316     137         17        493       2819        300        460         20
  317      13         26      14853        147        360        463         20
  318      27        100       2133       1839        390        531         20
  319     114         19         67          0         30        138         10
  320      23        102        617       2432        390        464         20
  321     141        103         49       1836          0        171         20
  322      20        116        977        107        150        222         20
  323     135         26       3579       2020         60        186         20
  324      91         35        111          0          0        115         10
  325     160        108         90        124         30        191         20
  326     168        147       1759       3420        120        230         20
  327     153         48        280          0         90        171         10
  328      63        135       7890        890         60        226         20
  329       1         19        633          0        120        225         10
  330      42         14       1514          0          0        159         10
  331     170         65        288          0         60        226         10
  332     121         91        476          0        150        263         10
  333     115         60        742          0         90        220         10
  334     194         72       2010       1000        180        292         20
  335      93         50         90          0         30        199         10
  336      55         91       4855          0        120        235         10
  337      21         24       1893        322          0         66         20
  338     139         70       9240       2162         30        201         20
  339      48        129       2461          0          0        177         10
  340     148         23        926          0          0        141         10
  341     106         81       2116          0          0        128         10
  342      57        142       9688         26         90        170         20
  343     104         55       4342          0        300        417         10
  344       7        114         82       2419         60        193         20
  345      51        115        567       3605         30        192         20
  346     143        102       8871       6129        120        259         20
  347      73         43       1570          0        120        199         10
  348      54        104        194      14806        120        186         20
  349     102        100      13923          0         60        133         10
  350     121        120        603      14397         90        164         20
  351      64         12       1443          0          0        143         10
  352      51         80         62          0        150        227         10
  353     153         27       4494       1051          0        153         20
  354     139         18         43       2453        120        190         20
  355      48        154         21        455         90        217         20
  356     132         93       2419          0         90        231         10
  357     185         98       2153          0         30        214         10
  358     104         81       1122          0        150        219         10
  359     160         56      13442       1558         90        220         20
  360     135         29       2789       1610         30        155         20
  361     100         23        730          0          0        133         10
  362      40        112      13471          0        120        186         10
  363      37         15       3805        746        420        522         20
  364     106         84        841       1474         60        133         20
  365     125         51       2157          0        120        281         10
  366     109         64       2869         98         90        217         20
  367      70        125       1563        238         90        172         20
  368     195         59       1733          0         30        202         10
  369      29        131       3180          0        180        290         10
  370      31         40       6651       4849        150        222         20
  371      91         95       1931        924         30        144         20
  372      84         85        648          0          0        141         10
  373     166         28       2289       1712        180        263         20
  374     156        115       1299        588        120        296         20
  375      74         66       2215          0        120        250         10
  376      61         76       6572          0         30        164         10
  377     168        139       3851          0        120        259         10
  378      96         68       2354          0          0        127         10
  379      78         74        443          0         60        140         10
  380     171         74        200          0        120        283         10
  381      85         76        465          0        150        278         10
  382      22        101         82      14918         60        137         20
  383     142        126        968         17         30        179         20
  384     117         35        497       2383          0        120         20
  385     186         89       2076          0        120        260         10
  386      56         64        170       5400         60        195         20
  387     150        131       1010          0        180        250         10
  388     118         86         13          0        360        498         10
  389     148         43       1176          0        330        408         10
  390      39         48       2016        286        300        401         20
  391     108        137        182       1571        180        286         20
  392       7         32         14          0        120        230         10
  393      37         72       6072       2024        150        287         20
  394     161         95       5649          0         90        199         10
  395     179         72         30         54         60        190         20
  396     119         11       1680          0          0        131         10
  397     103         55         62          0          0        142         10
  398     170        137         53          0         60        216         10
  399      80          5         37          0        120        287         10
  400     157         96       1116        621         90        230         20
