400_292

CUSTOMER  VEHICLE
NUMBER	  NUMBER     CAPACITY    DispatchingCost
    400     500          40000       100

CUSTOMER
CUST NO.  XCOORD.   YCOORD.   DDEMAND   PDEMAND   READY TIME  DUE TIME   SERVICE TIME

    0      41         23          0          0          0        960          0
    1      27        110       4283       4190        390        472         20
    2     161         63       1848          0         90        223         10
    3      23         10        612          0        120        194         10
    4     123         66       3302          0         60        224         10
    5      88        127       4289          0         30        203         10
    6     131        123       4519          0         60        194         10
    7     139         18         43       2453        120        190         20
    8      32         43        822       2524        120        255         20
    9     145         69       2080       4330        420        492         20
   10      41         74         87          0         90        169         10
   11      55         67       2489          0        150        227         10
   12     153         27        132       1985        120        191         20
   13     120        116       7832          0          0        178         10
   14     169        147       1975       1611         60        223         20
   15     121         66       2282       3179        150        259         20
   16     129         71       7335          0        180        265         10
   17      21         12      15000          0          0        142         10
   18      88        106       5334          0        420        526         10
   19      12         45       1481       6546          0         80         20
   20      80         46        735        107          0        168         20
   21     116         49      14757          0        300        440         10
   22      63         48       1520       2363        120        255         20
   23      30         43       2209          0        120        293         10
   24     151        109       2331        785        120        188         20
   25      86         77        357        986        180        260         20
   26      76         59       1014          0         60        225         10
   27      79        122       3671          0        180        260         10
   28     120        129        100       8516        210        289         20
   29     140         38        155        448         90        262         20
   30      51          1       1834       3239         30        141         20
   31     133        142      15000          0        330        473         10
   32      45        116        336       7032         90        264         20
   33      31        101       5872          0        120        217         10
   34     160         23        108        270        120        203         20
   35     109         75       1710        193         30        155         20
   36     100         53        137       1460          0        110         20
   37      51        115         15       6725         60        187         20
   38     198         67       1886          0         30        195         10
   39      74        142       2887          0         60        193         10
   40      52         63       2572          0         90        232         10
   41      82        107       2525        182         60        195         20
   42      61         31       3879         69        120        288         20
   43     146        112       3512          0         90        178         10
   44     192         62         41       2702          0        202         20
   45      50         93        396          0        150        258         10
   46     167         35      11558       3442        150        218         20
   47     132         61        202       6386          0        142         20
   48      47         51       2207       5899         30        115         20
   49     111         67      14177        823        120        256         20
   50      66        117       1096          0        150        231         10
   51      13         12       1157       1527          0        129         20
   52      78         74        999          0          0        124         10
   53      98         53       1297          0          0        172         10
   54      87          8        237          0          0         92         10
   55     124         79         15          0          0        145         10
   56      63        135       7890        890         60        226         20
   57      18         37         47         17        120        254         20
   58     109         29       6576       2690          0        161         20
   59     101         85       1006          0        120        188         10
   60     137        143       3153       5087        180        292         20
   61     121         49       3096        618        150        220         20
   62      51        150       1346       4497         90        249         20
   63     154         27        443          0        300        426         10
   64     107         77       3716          0          0        153         10
   65      88         87       9970          0        180        279         10
   66     173         95       3140       2399          0        199         20
   67      81         18      11287       2416        120        228         20
   68      66         63        237        665          0        160         20
   69      24        114        503          0        300        405         10
   70     151         77       4561       1854         90        228         20
   71       8         81       1748         91         60        162         20
   72      35         23      11040        503        120        281         20
   73     150         79         92        301         60        226         20
   74      90         83       2995          0         60        163         10
   75      38         32       1886          0        420        520         10
   76     160         74         49       1329        180        288         20
   77     195         84         17          0          0        215         10
   78      30        155       1745       2364        120        269         20
   79     158         30         30          0        330        494         10
   80     153         52        615          0         90        231         10
   81     154         76        333       2490         60        226         20
   82      18         11        335          0          0        109         10
   83      57         37       1885      13115          0        114         20
   84      10        117       1817          0          0        149         10
   85     150         76        910         20         30        187         20
   86      70         72       2362        180          0        108         20
   87      63         90        106         72        150        283         20
   88      60         10       2247          0          0         93         10
   89      31        128       3008        982          0        138         20
   90     122         66       7045        313         90        224         20
   91     170        139       2300          0        180        263         10
   92     151        123       1225          0        120        221         10
   93      76         56         43       5681         30        174         20
   94     155         24       1664       1500         30        201         20
   95     122         59        641          0         30        183         10
   96      89         56        625       1959          0        116         20
   97      92        120        250          0         30        162         10
   98      38         73       1018        562        150        294         20
   99       7         21        633          0          0        121         10
  100     156         67       9316       1976         60        164         20
  101     191        100        149        279        120        285         20
  102      11         33       4619          0         30        108         10
  103     188         95       2958          0        120        232         10
  104       5         14        439      14561        120        295         20
  105      76         76       5203         53          0        173         20
  106      39        139        147         13          0        163         20
  107      24         59       4918          0        390        502         10
  108     146        130       1611          0        180        278         10
  109     115         60        742          0         90        220         10
  110      40         67       9378          0          0         95         10
  111      85         83        263          0          0        127         10
  112      90         47       2146          0        120        281         10
  113      86        102        615       2112        150        285         20
  114      33         64       1687       1516        120        268         20
  115      75         90       5745          0        150        217         10
  116     172        113       2392          0         30        196         10
  117      95        146       1531        690         60        175         20
  118      23        110        406          0        300        412         10
  119      60         37       1380          0        120        233         10
  120      56         19         11          0        120        254         10
  121      89         80        448       1710        120        230         20
  122      79        130       1720          0        120        191         10
  123     145         71       8935       1819        330        466         20
  124     137         38        404       1879        120        217         20
  125      56         64        170       5400         60        195         20
  126     183         79       2944         36        120        287         20
  127      74         85       1708          0          0        124         10
  128      10         15       1552          0          0        100         10
  129      93         94       1154        595         60        127         20
  130     180         65       1322          0         90        232         10
  131      57         94       1994          0        390        490         10
  132     168        140        643          0        360        454         10
  133     140        109         60          0         90        199         10
  134      80        113       2250       2029         60        191         20
  135      52         10         94         97        120        287         20
  136      71         19         17        443          0        140         20
  137     158         33        775       1136          0        160         20
  138      15         41       2076          0        120        262         10
  139      46        113        442          0          0        171         10
  140     124         96        178       1901          0        175         20
  141      38         96        576        433        180        244         20
  142      52          0       4242          0        120        283         10
  143      25        155       4785          0        390        528         10
  144     135        121       2524      12476        210        294         20
  145      20         98       1926          0         60        237         10
  146     119         11       2041          0          0        132         10
  147     144         86       6707       6109        120        228         20
  148      97         36       9156       2225          0        165         20
  149      90         73        264        575         30        147         20
  150     134         33        760          0        360        429         10
  151     191         51         74       3792          0        205         20
  152      85         74       7744         73         90        252         20
  153      35         26       1192         21        120        234         20
  154     140        133       2253          0         60        196         10
  155      64         12       2020          0          0         84         10
  156      97        113       1510       3134         60        192         20
  157     102         93       2636       9336        180        295         20
  158      33        131       1500          0        120        250         10
  159      96        112         35          0         60        150         10
  160      50         64       2911          0          0        109         10
  161     103        127       4593       2410         60        157         20
  162      42        125        199       1517         60        233         20
  163      12         55       1489          0        330        424         10
  164      12         98      14989         11        330        433         20
  165     186        106       9756          0        120        221         10
  166     186         73       2487        847         90        194         20
  167      34        136         68          0        120        204         10
  168      41         79       1984       2822         90        197         20
  169      67         95       1760        192        120        213         20
  170      79         16      14945         55          0        154         20
  171     153         48        280          0         90        171         10
  172      57         45        202        137        120        186         20
  173      85         75       4920        383        120        220         20
  174     135         29       4413       2159         30        143         20
  175     109         64       3963          0        300        428         10
  176     179        114       1724          0         30        220         10
  177     131        104       1858          0        150        263         10
  178      15         10       2020          0         90        184         10
  179      91         35       4009         41          0        172         20
  180      59         81         90       3021        120        228         20
  181     131         32       5051        306          0        134         20
  182     168         49       2697       2025          0        168         20
  183      19         98       5993          0        330        470         10
  184      23         35        164          0          0        164         10
  185     119         45         22          0          0        141         10
  186     113         64        311          0        150        291         10
  187      61         76      13149          0        300        400         10
  188      40        112      13471          0        120        186         10
  189     117        100         13          0         30        160         10
  190      76          4       4633       8065          0         76         20
  191     110        135       7052       7572        300        400         20
  192     160         66        364        237        300        393         20
  193      60        122       4717          0          0        139         10
  194     185         98       2153          0         30        214         10
  195      16         62       4458          0          0        103         10
  196      31         40       1222          0          0        143         10
  197      85        135        480       1379         90        228         20
  198      20        145        101          0          0        177         10
  199     164         76       6937       8000         30        189         20
  200     135        130       4812          0        120        230         10
  201     123         54        288         45         60        232         20
  202      72         92       1613          0        150        298         10
  203      48         46       1206          0        330        504         10
  204     139         33      12128       2872        120        282         20
  205      20        116       2331      12669        120        252         20
  206      32         73       3613       1893        360        487         20
  207     120         97         25          0         60        171         10
  208      18         29       2400         69        120        230         20
  209      77         42        512          0        120        271         10
  210     173         85       4842        248         60        183         20
  211     195         99        192          0         60        213         10
  212      55         47       1285        100        390        490         20
  213      84         78       2544          0         60        190         10
  214     128         56        200       1556        150        241         20
  215     116         94        181          0        120        203         10
  216      64         90         81          0        360        493         10
  217      71        131        146        655         90        198         20
  218      29         31        135          0          0         88         10
  219     133         37      13294       1706          0        127         20
  220     150        127        252        112         90        253         20
  221     103         56       4371       2547        300        475         20
  222     197         70       7034          0        210        296         10
  223      86         56       7609       7391          0        132         20
  224     162        146       2028          0        120        228         10
  225     117         63      11844          0        150        284         10
  226     101         97         17         91          0        133         20
  227     153        115       1744         97        120        275         20
  228      47        141        257          0        300        408         10
  229      27        127       6599          0        300        414         10
  230      70         76         19      11041          0        104         20
  231      23        102        617       2432        390        464         20
  232     112         47        105         93        180        265         20
  233      68         21       1661          0        150        229         10
  234     192         92       1307          0        120        217         10
  235      70        119       3059          0          0        148         10
  236      68         73       4524       5873        120        191         20
  237     179        107      12420        142        120        206         20
  238      84         85        648          0          0        141         10
  239      97        112       2654       1890        120        225         20
  240      29         24       6196       8804          0         66         20
  241      87        101       5050        279          0        135         20
  242      28         45       7004          0         30        130         10
  243      99         56       4284          0         60        165         10
  244      40         86       6622       8378        450        525         20
  245      47        129        723       1308        120        221         20
  246      73         81        256          0          0        157         10
  247      75        156        323         11         90        235         20
  248     145        134        181          0        300        401         10
  249      89         57        156         83         60        141         20
  250     100        101        290          0         90        253         10
  251     132         27        922          0          0        140         10
  252     110         21       2830          0          0        110         10
  253      29        101       2168         29         30        159         20
  254      97         37       1253         95         30        153         20
  255     128         89       1706       1109        150        245         20
  256      31          4       2093          0        120        275         10
  257      91         12       8584          0        300        465         10
  258      22         15         90          0         30        174         10
  259     196         74       1716       1860        120        211         20
  260     170        118       1758          0        390        454         10
  261     147         57       1502       7667        360        522         20
  262     106         59        129        287        150        220         20
  263     134         73        233        192          0        162         20
  264     140        128       1927       1818         90        188         20
  265      67         91       2857       4092         30        203         20
  266     146        132       6216          0        180        260         10
  267     112        112       8742          0        420        526         10
  268     162        104        601       1506        120        279         20
  269     120         86         94          0        330        491         10
  270     112         75         24       2024          0        129         20
  271     159         75       7375          0        330        468         10
  272     105         68      10387        223        120        288         20
  273      20         39       2089       5003        150        253         20
  274     167         57       3868        200         60        201         20
  275      82          9      11160        222          0        127         20
  276      33         70        712       2199         30        183         20
  277      48        138        563          0        180        260         10
  278     160         78        270          0        120        188         10
  279      67         87       3590          0         90        258         10
  280     142        136       2434        856        180        240         20
  281     188         83      14970         30         30        210         20
  282      60        134         15          0        120        190         10
  283      78         10        112          0        120        199         10
  284     116         75         63       5651         30        135         20
  285     194         82       4993         99         60        206         20
  286     176         59        200       2283        150        254         20
  287      39         33        673        169        420        497         20
  288      41         73        120          0         30        163         10
  289      81          6       4267          0        150        255         10
  290      95         66        265          0          0        149         10
  291     122        139        424         47         90        186         20
  292      95         84       3947          0        210        271         10
  293      89         84         46       1461         60        169         20
  294     117        145       2555       2247        180        282         20
  295     186         72         91       2136         60        206         20
  296      21         40         48          0        120        196         10
  297      29         38       2338        449          0        138         20
  298     119         15       4175       4102         30        159         20
  299       8         11       1860        996         60        162         20
  300     125         79       1293       1492        300        410         20
  301      77        120       1854       2136          0        144         20
  302     151        143        783         35        150        291         20
  303     131         89       1708          0         30        159         10
  304     109         94        292          0         30        172         10
  305     172         43        620        280         30        178         20
  306      70         46       3340          0        300        461         10
  307     122         34       1862         70         30        115         20
  308     163         22        272        788        120        243         20
  309     123         62       1825          0        300        403         10
  310     156         42        432         72        300        408         20
  311      73         43       1570          0        120        199         10
  312     120        103      13520        261        120        229         20
  313     107         63        800       1174         90        243         20
  314      75         55         74          0        120        232         10
  315     117        152        102       6373        210        283         20
  316      32         23       2963       2419        300        425         20
  317      69         24       3234        160        120        282         20
  318      98         10        165          0          0        133         10
  319      52         92       3688          0        150        259         10
  320     175        124       9326          0          0        214         10
  321     123         67       3124       2437         60        203         20
  322      48         56       1950          0          0        162         10
  323      28         74        252          0         90        172         10
  324      52         62       8107       3808          0         77         20
  325      41         70         30       1036        120        248         20
  326      29        108        466         91         30        135         20
  327      87        140       2695       3645        150        220         20
  328      93         50        710      14290          0         98         20
  329     108         18        373       1719          0        141         20
  330      73         89       1815       1071        210        282         20
  331      67        115        280       8547         60        199         20
  332      85         76       2490       5313        120        185         20
  333     142        102       3349          0        450        528         10
  334      78          8       4580          0        330        430         10
  335      15         52       4024        235          0        169         20
  336     139         70         46          0         30        200         10
  337      86         81       2386       1256        120        232         20
  338     132         43         85       1833         60        194         20
  339     117         56       7730       2583          0        135         20
  340     110        134         18          0        120        254         10
  341      53         69        817         90          0        143         20
  342      64         44       1799       6800        120        218         20
  343      66         71        920          0        210        274         10
  344       9         44        287          0        390        467         10
  345      26         76        108       9297        300        404         20
  346     153        134        116       1745         90        221         20
  347     102         47         56          0         60        229         10
  348      45         54       1677          0        120        294         10
  349     176        126       5559          0          0        216         10
  350      15         81       3726       2012          0        103         20
  351     130         46         72          0        120        263         10
  352     179         72       1473        197         90        224         20
  353      48        129       2502        151          0        169         20
  354     192         64      11845          0        420        535         10
  355     163         65       2020          0          0        177         10
  356      32        112       1854          0        120        208         10
  357      46         52       4362        227          0         80         20
  358     120         33       9977          0        390        496         10
  359     152        146        250          0        390        470         10
  360      17         36       1330         14          0         99         20
  361     106         83       5186          0        300        442         10
  362     142         28      14988         12        150        244         20
  363     110         69       1453        121         60        230         20
  364     178         62       1822          0        390        529         10
  365      73         91       7911        860        450        526         20
  366      88         54       1037       7180          0        101         20
  367      74        121        458          0         60        167         10
  368      44        101       1242          0         30        183         10
  369     163         77       6210       1909        210        272         20
  370      71         91        672        305          0        125         20
  371     110         98        255          0         30        131         10
  372      39        107        542       9983          0        161         20
  373      53         65        434         10          0        103         20
  374     148         30       5837       1870         90        163         20
  375      87         93       2024          0        150        216         10
  376     174         54       2139          0          0        172         10
  377     194         60       6296        390         60        206         20
  378     131         83        315       1751         90        220         20
  379     152         87        973         97         90        170         20
  380     151         49        118       1291        180        247         20
  381      32         83         84        564          0        134         20
  382      17         18         15        664          0        102         20
  383      49         43       6189          0         30        101         10
  384     116        147         93        425        300        398         20
  385     162        118       1709          0          0        199         10
  386      20        119         90          0        180        249         10
  387     155         55        452       9990         30        184         20
  388     150         53       3160       1628        120        251         20
  389      50          1        768        190        120        235         20
  390      21         80       1559        450        420        514         20
  391      92         61       1511          0        120        257         10
  392     121         45       2293       7629         90        167         20
  393     105         79       1959          0        180        242         10
  394      34        124       9338          0        120        284         10
  395     136        148         64          0        210        279         10
  396      20         21       2489       2006        210        291         20
  397      56         10        115       1992          0        135         20
  398      96         68        840          0          0        137         10
  399      27         24         52          0          0        138         10
  400     110         92        300          0          0        159         10
