400_294

CUSTOMER  VEHICLE
NUMBER	  NUMBER     CAPACITY    DispatchingCost
    400     500          40000       100

CUSTOMER
CUST NO.  XCOORD.   YCOORD.   DDEMAND   PDEMAND   READY TIME  DUE TIME   SERVICE TIME

    0      41         23          0          0          0        960          0
    1     137         49        173          0          0        158         10
    2     160         56        553        465          0        177         20
    3      67        115        280       8547         60        199         20
    4     121        129       1491          0         90        263         10
    5      60         43        136          0        120        193         10
    6     102         27       6474       2134          0         95         20
    7     153         48        280          0         90        171         10
    8     117         42       1478        505          0        131         20
    9      25        117       5161       1943        330        486         20
   10      20         98       1926          0         60        237         10
   11      66         71       7810       7190          0        103         20
   12      63        150       1004       1465        120        232         20
   13     191         97         40        691        180        290         20
   14      40        112       1854          0        390        460         10
   15     176        126       3465       1746         30        209         20
   16      28         74        178          0         30        198         10
   17     142         28      14988         12        150        244         20
   18     172        113       2392          0         30        196         10
   19      14         39       9754          0        330        465         10
   20      60         37       1380          0        120        233         10
   21     160         74       8312          0         60        171         10
   22     121         66       2147          0          0        167         10
   23     135        136        303          0          0        197         10
   24      31         13       1844        847        120        221         20
   25     119         55       1464          0         30        165         10
   26     106         68       1741       8171        150        275         20
   27     135        121        172        566         60        196         20
   28      21         24       1893        322          0         66         20
   29      22         15         90          0         30        174         10
   30      25         47      14315          0          0        133         10
   31      99         74       3110       1521        120        197         20
   32      88         63       5628          0        300        404         10
   33     194         94        300          0          0        216         10
   34      63         20        614          0        120        226         10
   35     111         70       2613       8002        120        181         20
   36      61         30         40          0        120        292         10
   37     100         19       9275       4376        420        523         20
   38     192         88         85          0        180        287         10
   39      26        113        129          0         30        191         10
   40      33        131       2198        336        150        232         20
   41     104         91       1115        109         90        161         20
   42      71        130       1104          0         90        263         10
   43     139        107        481          0        120        230         10
   44      47        137         33          0        120        298         10
   45       5         36       1577          0          0        167         10
   46      47        133      11397          0        120        249         10
   47     102         93       2828       1365        360        427         20
   48      13         12       1157       1527          0        129         20
   49     101         55       4728          0        420        528         10
   50     152        110       1356          0         90        230         10
   51      78         10       8007          0        120        252         10
   52      25         52       2409          0        120        276         10
   53     139         66       1790          0        150        219         10
   54      13         84        171       3282        360        473         20
   55      42         23       1844       1205        120        218         20
   56      96         81       6831          0        120        198         10
   57     131        123        786       5873         30        190         20
   58     160         66        364        237        300        393         20
   59     158         74        345       1149        150        275         20
   60      95         24        380        190          0        143         20
   61      18         22        690        281        150        232         20
   62      51        150       1346       4497         90        249         20
   63      43        122         40          0         90        165         10
   64      57         70       3068          0        120        217         10
   65      83        141         70         23        120        233         20
   66      20        119       9298          0        120        206         10
   67     130        122       4586       1802        360        521         20
   68     126         73       5113          0         30        168         10
   69     185         56        943       2538        300        477         20
   70     122         83       4009          0         60        228         10
   71      87         69         16          0        120        230         10
   72      86         77        357        986        180        260         20
   73       6         12       1818          0         30         97         10
   74      96        112        291          0         60        234         10
   75      97         46         56       6099        120        244         20
   76      41         23          0          0          0        960          0
   77      85         76       2490       5313        120        185         20
   78     108        137        182       1571        180        286         20
   79      34        124         90         22         30        146         20
   80      82          8        280          0          0        133         10
   81      80         93        138       2224        120        205         20
   82     170         65        288          0         60        226         10
   83     136        148         64          0        210        279         10
   84     148         33       4248          0        450        511         10
   85      26        121       3377          0          0        143         10
   86     119         11       2041          0          0        132         10
   87     131         83        315       1751         90        220         20
   88      31        101       1764         43        390        459         20
   89     167         94        888       5693          0        185         20
   90      22         92         22        356          0        118         20
   91      53         38       1377        666        450        529         20
   92      64         71        840       3155        300        416         20
   93      26          9        681          0        120        261         10
   94      30         43         37          0        120        253         10
   95     101         85       1800          0          0        127         10
   96     117         97        345          0         60        189         10
   97      88         41       1275          0        120        221         10
   98     111         35       2054       2821          0        141         20
   99      63         90       7354       1614        120        204         20
  100     141        103       2428          0          0        171         10
  101      52         61         60          0          0        111         10
  102       3         94       8935         24         30        143         20
  103      85         58       7139          0         60        223         10
  104      52         28       8254       2295        420        513         20
  105     129         89         34          0         30        169         10
  106     168         96       2000        101          0        192         20
  107      12         45       2192          0         60        133         10
  108      94         62       3090          0        150        231         10
  109      80         11      15000          0          0         73         10
  110       7        114         82       2419         60        193         20
  111      11         33       4619          0         30        108         10
  112     110         49         60       2379         90        245         20
  113      57        142       9688         26         90        170         20
  114      15         10        239          0         30        168         10
  115      73         81        256          0          0        157         10
  116     154         27       2820          0         30        145         10
  117      49        131       3327          0          0        159         10
  118      47         62        190          0        120        243         10
  119     160         92        750       2077         60        218         20
  120     132         56        254      14746        360        501         20
  121      53        153         46          0         90        175         10
  122     154        105       2750         12        180        285         20
  123     186         83       3419       8738         60        216         20
  124     160         33       2819          0        420        533         10
  125      15         52        136       2360        150        242         20
  126     167         57       1475          0         60        181         10
  127     111         41        503         55        150        291         20
  128      83         79       1076          0        120        243         10
  129     129         75        220          0        330        427         10
  130     110         69       1453        121         60        230         20
  131     132         27         14          0         90        192         10
  132     122         66       7045        313         90        224         20
  133      91         84        464          0          0        127         10
  134     194         65         76          0        180        284         10
  135     107         85         75       5377         60        132         20
  136      89         60       1136          0        420        513         10
  137      86         67       6081          0        420        528         10
  138      55         67       2489          0        150        227         10
  139     155         55        452       9990         30        184         20
  140     121         71       2620       5274          0        126         20
  141       1         19        633          0        120        225         10
  142      88         61        363          0        330        474         10
  143     168         75       4492        515          0        183         20
  144      83         85       4875          0         30        133         10
  145      76        127       4385          0        330        405         10
  146      24         59       3281          0        120        220         10
  147     160         77         26       3784          0        164         20
  148     132         44         36          0          0        139         10
  149     107         61        197          0         90        251         10
  150     170        118       1758          0        390        454         10
  151     128         71         92          0        120        292         10
  152      13          8       1062          0        120        288         10
  153     117         79       4099        671        330        475         20
  154      12         15       1272          0         90        189         10
  155      92         70       2000       2991        330        401         20
  156     130         90       3094          0          0        154         10
  157     139         70       9240       2162         30        201         20
  158     153         75       6006          0         30        178         10
  159     106        103         17          0         60        194         10
  160     135         78       1444       5113        120        224         20
  161      31          4       2093          0        120        275         10
  162     150         53       3160       1628        120        251         20
  163      52         10         94         97        120        287         20
  164      48         74       4997          0        360        489         10
  165     178        101         14          0        180        250         10
  166      86         99         17        389         30        138         20
  167     150        108       1173       3114        330        470         20
  168      31        106        686          0         30        169         10
  169      76         59       1014          0         60        225         10
  170     162        104        601       1506        120        279         20
  171     131        104       6827          0        330        469         10
  172      27         73        330         57        120        289         20
  173     132        144       2415       2478        120        266         20
  174      17        126         84          0         30        150         10
  175      23        102        617       2432        390        464         20
  176      50         85      15000          0          0        125         10
  177      58         86       1700         43        120        201         20
  178     118        100        337          0         60        214         10
  179     111         87         10       1976        180        263         20
  180     137         70       3093        941          0        175         20
  181     132         93       2419          0         90        231         10
  182     110        119       1017          0        210        288         10
  183     188         95        130        385          0        214         20
  184     155         74       1604       7172        180        274         20
  185     132        121        147          0        150        259         10
  186      48        129       2502        151          0        169         20
  187      22         77      15000          0         30        200         10
  188     110         21        806          0        330        464         10
  189     147         94       1976          0        120        251         10
  190      90         73        264        575         30        147         20
  191      73         92       5409        719         60        236         20
  192     103         95       5044       8107          0        150         20
  193      57         29       1752          0        120        228         10
  194     107        138        758       4478        120        286         20
  195      86         80        127        211         30        172         20
  196      48         83       1995      13005          0         99         20
  197      82         92       4707       1260        300        440         20
  198      44         78       1824        841        120        244         20
  199      99         56       4284          0         60        165         10
  200      17         89       1542         38        120        289         20
  201      26        126        346        593         60        190         20
  202     121        120        603      14397         90        164         20
  203      36         79         86        212        450        517         20
  204      72          3       5874       5907        120        259         20
  205     122        109         11          0         30        166         10
  206     109         94       1512       2434         60        186         20
  207      29         68       1074          0         60        197         10
  208      92         88         12          0        150        254         10
  209     101        111       4531       2816        120        277         20
  210     146         88        105          0         60        223         10
  211      73        157       1944          0        180        263         10
  212     126        132       1749       1716         60        228         20
  213       8         43         94      14906         60        198         20
  214      22        149       4211          0        450        521         10
  215      36        146       6099        397        300        473         20
  216      34         67       2009        514          0         86         20
  217     133        102         73          0        120        285         10
  218      90         92         15          0        120        228         10
  219     198         93       5805          0        360        531         10
  220      99         80       8000          0          0        164         10
  221       9         49         10       1737        120        191         20
  222     181         76        134        217        120        247         20
  223      58          2        324          0         30        200         10
  224      16          6        552       5947        120        219         20
  225      82         56       2214          0          0         86         10
  226      35        109       2089          0        120        225         10
  227      15          3        401         98        120        222         20
  228       0          8       5321        105        120        223         20
  229       5         20       7372       2237         90        255         20
  230     170         81       3004      10698         60        191         20
  231      62         46       1630       2155        300        397         20
  232      74        142       2500          0         30        161         10
  233      15         37       1254       5746        120        257         20
  234      57          0         86          0          0         67         10
  235      60        122       4717          0          0        139         10
  236      33         69       8738          0        120        271         10
  237      34         63       2827          0        300        400         10
  238     167         35         91        384          0        172         20
  239      40         29        860          0        120        283         10
  240     148         47       1791       3160        150        259         20
  241      23         93       3399          0         60        129         10
  242      33        155       6212          0        390        519         10
  243      96         82         90       3809         90        189         20
  244     120        109         22       1769         60        170         20
  245     112         20       8802          0        360        539         10
  246     173         97        683          0        180        293         10
  247     114         80       1772       2472         60        224         20
  248      89         80        448       1710        120        230         20
  249      15         81       3726       2012          0        103         20
  250     144         54       1767       3023          0        147         20
  251      44         86         37          0          0         99         10
  252      96         66       7052          0        150        258         10
  253     122         40         14          0        150        289         10
  254      31        128        343          0        150        251         10
  255      46         52        105          0          0        172         10
  256      69          1       3049          0        120        237         10
  257      39        156        179       3625          0        176         20
  258      68         21       3467          0        120        254         10
  259     184         71       5419       1364         60        201         20
  260      65         88       3389          0        360        517         10
  261     106         82       1920       3037          0        161         20
  262      76         78         13       5049        180        287         20
  263      91         35       4009         41          0        172         20
  264     131         51       2121          0        120        236         10
  265     117        152        102       6373        210        283         20
  266     186         89       2076          0        120        260         10
  267      18         37       1460        890        120        218         20
  268      27        127       6599          0        300        414         10
  269     116        147         93        425        300        398         20
  270     195         84       2484          0         60        218         10
  271      29         81         33       4814         60        189         20
  272      23        118       6397          0         60        201         10
  273     123         59       6700       4619         30        204         20
  274      85         10       3602       3479        150        245         20
  275     126         66        123          0         90        222         10
  276      99         64       1879          0         90        176         10
  277       0         21        474         54          0        167         20
  278      79        131        170          0         30        158         10
  279      31         40       6651       4849        150        222         20
  280     106         81       2116          0          0        128         10
  281     126         89       1026         57         60        218         20
  282      22         99       2276          0         60        134         10
  283      41         73       1594          0          0         97         10
  284      20         78       3380      11620         90        171         20
  285     144        128        172        300        300        396         20
  286     150         79         92        301         60        226         20
  287     124         96       1879          0          0        162         10
  288     107         63        800       1174         90        243         20
  289     159        127       2388       2516         60        201         20
  290      60        148       1697       5044         30        189         20
  291      34        127       5945          0        120        254         10
  292     174         99        805        140        180        246         20
  293      55         16        739          0        360        507         10
  294      69         21       2988         37        120        196         20
  295      77         63       6727        423          0        101         20
  296     100         29       3137        668          0        114         20
  297     147         22       3684          0        300        434         10
  298     109         29       6576       2690          0        161         20
  299      38         31       1285       1542        120        279         20
  300      23         35        164          0          0        164         10
  301     109         64      14768        232         30        131         20
  302     179         72       1473        197         90        224         20
  303     145         38         40          0         30        156         10
  304     167        147        140         87         60        233         20
  305      41         74         87          0         90        169         10
  306     186         73         74          0         60        190         10
  307      82         12        151          0          0         97         10
  308     132         43       7489          0          0        166         10
  309     102        114         11          0        330        432         10
  310     128        111       2939          0          0        162         10
  311     144         18       1092      13908         60        147         20
  312       1         25         21       2013         30        188         20
  313      42        107       1530         99        120        238         20
  314     138         53       6618       1944        360        451         20
  315     116         83        550       1777         30        197         20
  316      56        103        362         37          0        132         20
  317      27         84         33      14967         30        165         20
  318      45         86       3936       3369         30        202         20
  319     200         68       2537         42          0        220         20
  320     100         53      13506          0        120        254         10
  321     148         30       5837       1870         90        163         20
  322      70         55       4856        199        120        229         20
  323      22        146       5088          0        180        266         10
  324     160        108        591       3008        180        248         20
  325     127        105       1265          0         30        192         10
  326      10        117       1920         10         60        148         20
  327      51         80         62          0        150        227         10
  328     143         87       1059          0        120        296         10
  329      73         89         54          0         90        258         10
  330      71        107        655          0          0        133         10
  331     108         29       6317          0        420        527         10
  332      15         54         12        107        180        278         20
  333      21          7       1038          0         90        189         10
  334     137         38        404       1879        120        217         20
  335      28         81       4333          0         30        135         10
  336      21         12      15000          0          0        142         10
  337      19         90        912          0        180        252         10
  338     142         35        252          0        180        260         10
  339      12         16        690          0        150        288         10
  340     125         79       1293       1492        300        410         20
  341      51         98        407       8859          0        107         20
  342     139        104        363       3213        120        213         20
  343      47        129       1464         56         30        161         20
  344      32        112       1854          0        120        208         10
  345      77        120       1854       2136          0        144         20
  346      54        117         53       5147        120        235         20
  347     133        142      15000          0        330        473         10
  348     152         56       2295          0        390        515         10
  349     101         97       3191          0         30        197         10
  350       6         26       3038       1970          0         96         20
  351     105         62       2193          0        150        234         10
  352      78         74        999          0          0        124         10
  353     148         23       5155          0        450        515         10
  354     112         75         24       2024          0        129         20
  355      34         61       7125          0        300        408         10
  356      52         62       1715       3401          0        108         20
  357      44         47      13065          0        150        280         10
  358     101        117         30        643         60        155         20
  359     100         23        584          0        120        222         10
  360     156         67       9316       1976         60        164         20
  361     117        100         13          0         30        160         10
  362      48         54       2908          0          0         67         10
  363     120         78       4018       3401        330        482         20
  364     155         88         83        748         90        186         20
  365      73         83         28          0          0        139         10
  366     142         31       1749          0          0        146         10
  367      46        113        442          0          0        171         10
  368      58         21        451          0          0        174         10
  369     122        139        424         47         90        186         20
  370     147         39       2024       2295         90        195         20
  371     134        130       2799       3850        120        274         20
  372     155        145        238          0         60        233         10
  373      85         71        857       3492         30        142         20
  374      50        123        657          0        150        296         10
  375      61        103       2360       8296        180        274         20
  376      11         47       5680          0         30        205         10
  377     128         72      13201       1799        210        287         20
  378      69         92       2542          0        120        291         10
  379     179         61       3315         98        180        262         20
  380      56         64       1200          0          0         84         10
  381     185         59      14193        807        420        517         20
  382     172         43        620        280         30        178         20
  383      99         37       1069          0          0        100         10
  384     172         39       6060          0          0        177         10
  385     110         98        255          0         30        131         10
  386      96         36        517       1205         90        264         20
  387      34        142        432        389          0        171         20
  388     114         77       2484          0        180        260         10
  389     112         36         58          0          0        143         10
  390      68         95       1511          0          0        119         10
  391     117        146        498          0        180        249         10
  392      84         85         81          0        120        253         10
  393      38        113        470       2221         60        207         20
  394      66        152       3277         72          0        161         20
  395      47         96        920          0        210        283         10
  396      33        137       1169          9        150        263         20
  397      95         18        146       1667         30        129         20
  398      28        122        563          0          0        135         10
  399     104         70        513       4698         60        165         20
  400     135         23        213       3093        360        519         20
