400_312

CUSTOMER  VEHICLE
NUMBER	  NUMBER     CAPACITY    DispatchingCost
    400     500          40000       100

CUSTOMER
CUST NO.  XCOORD.   YCOORD.   DDEMAND   PDEMAND   READY TIME  DUE TIME   SERVICE TIME

    0      41         23          0          0          0        960          0
    1      73        111        437      14563        330        453         20
    2      73         89         54          0         90        258         10
    3     106         84        841       1474         60        133         20
    4      89         80       6860          0         30        142         10
    5      68         86       1828          0        120        194         10
    6     192         92       4479        387        360        488         20
    7      10         51        117          0        150        296         10
    8      79        130       1720          0        120        191         10
    9      37         72       1536          0         30        201         10
   10     126        106        997        107         90        173         20
   11      42         62         51          0         60        172         10
   12      81          8       1604          0          0        135         10
   13      85         46      13520          0          0        164         10
   14      67         87       1522        122        120        225         20
   15     155        145        396          0         30        204         10
   16     150         76         49          0         30        195         10
   17     119         55         96       1895         90        199         20
   18      57        145      13910          0         60        190         10
   19      88         73       2290       7406          0        142         20
   20      16          3       1657       9040          0         99         20
   21     104         70        513       4698         60        165         20
   22     160         74       8312          0         60        171         10
   23     158         71        370          0          0        169         10
   24     135        121       2524      12476        210        294         20
   25      86        140       9337         12        150        278         20
   26     106         81         47          0        150        218         10
   27      75        156        695       5746         60        199         20
   28     115         64         92          0        150        252         10
   29     132         93       5072          0         90        212         10
   30      61         31         55       1184        120        253         20
   31     148        128       1544       1286         30        200         20
   32      16        118       3419        191        120        232         20
   33      53         17       4330          0          0         77         10
   34     170         65        288          0         60        226         10
   35      80         48        173       3613        120        194         20
   36      37         15       3805        746        420        522         20
   37      85         61       8938          0        330        460         10
   38     196         74       1716       1860        120        211         20
   39      35         26       1192         21        120        234         20
   40     132        151         46          0         30        204         10
   41      79        119        274          0        210        284         10
   42     200         68       2480          0        120        293         10
   43     131        104       1308       1932         60        165         20
   44      97         58      13022       1978        330        415         20
   45     140        104         98          0         90        171         10
   46      30        155       1745       2364        120        269         20
   47      30         73       1538      13462        300        427         20
   48     107         98         82       5359         60        193         20
   49     135        136        303          0          0        197         10
   50      42         23       4798          0         30        113         10
   51     100        101      10151       2654         60        201         20
   52      11         34       5652       3785          0         79         20
   53      95         66        265          0          0        149         10
   54      24        114       1755          0          0        144         10
   55      71         59       6086       1430        120        224         20
   56     159         75       5376       3804          0        175         20
   57     126         36         51        569        120        254         20
   58     179         48         45      11000         90        189         20
   59     170         36       5879       1769        120        186         20
   60     131         51       1750          0         90        263         10
   61      25         55       1492          0        120        282         10
   62     120        149       3823       1756        300        392         20
   63       8         10         42       8254        150        292         20
   64     105         68      10387        223        120        288         20
   65     189        101        830          0        180        281         10
   66      81         11       1613          0        120        234         10
   67     130         52       2295          0        390        472         10
   68      99         58       3995        140        300        401         20
   69     176         47       5280          0         90        196         10
   70     148         23        926          0          0        141         10
   71      60        122        249       3793         60        219         20
   72       7         21        230        615        150        248         20
   73      46        113       3136          0         60        219         10
   74      39         48       2016        286        300        401         20
   75      64        119        103      14897         60        155         20
   76      60        118       7904       5162         60        141         20
   77      76         59       2958          0          0         97         10
   78     144         18       1092      13908         60        147         20
   79      62         56         21          0          0        155         10
   80     160        118       6111       1029         90        224         20
   81      61         30         40          0        120        292         10
   82      29         38       2338        449          0        138         20
   83     118         94        325       1706         60        162         20
   84      73         91       7911        860        450        526         20
   85      79        122       2645          0         60        220         10
   86      95        146       1549          0         90        195         10
   87      73         55      14262          0        120        289         10
   88     154         76        274          0         60        234         10
   89      49        131       3327          0          0        159         10
   90      91         73        314          0        420        530         10
   91      52         62       1715       3401          0        108         20
   92      99        108       6709          0          0        142         10
   93       7         28         13          0         30        187         10
   94      56        114        587       1940          0        136         20
   95      53         45         31          0         30         95         10
   96       7         32         33       3879        120        195         20
   97      34        124       9338          0        120        284         10
   98     118        100        337          0         60        214         10
   99      52        152       1744          0        120        206         10
  100      12         98       1233          0         90        246         10
  101       6         12       1818          0         30         97         10
  102      46         52        105          0          0        172         10
  103     141         58       4199       2130        360        473         20
  104     150        127       3450         58         90        181         20
  105      68         21       3467          0        120        254         10
  106      48        138        127          0        120        233         10
  107      27         76       2700          0         60        142         10
  108     124         79         74          0        120        250         10
  109      68          2         26        174          0        145         20
  110      82         99        454       5804        180        275         20
  111      35         63       2025          0          0        138         10
  112      20        116        977        107        150        222         20
  113       9        114        525          0         30        190         10
  114      23        141       2280          0        150        231         10
  115     106         82       1920       3037          0        161         20
  116     162        118       1841          0        180        255         10
  117     111        131       1290          0          0        180         10
  118      56        102        780         34        420        502         20
  119      73         43       1570          0        120        199         10
  120     129         72       2012       1440         90        174         20
  121     137         70       3093        941          0        175         20
  122      81         18        225         22          0         89         20
  123     115         31       1754          0        120        245         10
  124      20         21        920       1159        120        285         20
  125      86         77       1708        227        330        399         20
  126      45        116       4319        893          0        140         20
  127      28         72       6093        365        120        196         20
  128      31         40      14776        224        120        187         20
  129     121         91        476          0        150        263         10
  130     163         99       6623         76          0        186         20
  131      42        127       2066      12934        120        248         20
  132      12         15       1272          0         90        189         10
  133     100         73         28          0         60        138         10
  134     177         48         15          0          0        183         10
  135      30         36        468       2067        390        494         20
  136      70         51       7914         34        300        437         20
  137      48          5        806       2334          0        142         20
  138      92         61       1511          0        120        257         10
  139      64         44        384       2694         30        124         20
  140     169         35       1862        106          0        162         20
  141      78         17       2692        337        390        461         20
  142     188         95       1525         75        150        291         20
  143     131         17        190          0          0        154         10
  144      28         45       4270          0          0        110         10
  145      40         67       1644          0        450        523         10
  146     148         94       7866          0        450        539         10
  147      90        111       1208       9251         60        161         20
  148     109         94        292          0         30        172         10
  149     195         59        736          0         60        200         10
  150     151         82       1594        107         30        185         20
  151     130         44        237          0        120        229         10
  152     160         66        364        237        300        393         20
  153      20        119         90          0        180        249         10
  154     172        113         47          0         60        231         10
  155     160         77         26       3784          0        164         20
  156      44        133        690        106        150        216         20
  157     107         93       2516        758        360        430         20
  158      85        102      11109          0          0        122         10
  159     103         56       4371       2547        300        475         20
  160     100         84       2429          0          0        123         10
  161     135         23        213       3093        360        519         20
  162     146        129        181       1118         30        189         20
  163      57         45        202        137        120        186         20
  164     169        147         10          0         60        217         10
  165      52          0       4242          0        120        283         10
  166     142         29      10671        395        300        403         20
  167     118         45       1597        289         30        129         20
  168      69         21         28          0        150        280         10
  169      14         39       9754          0        330        465         10
  170     111         70       2613       8002        120        181         20
  171     118         67        576          0         60        167         10
  172      88         87         35       5653        180        289         20
  173      97         86        559          0         30        147         10
  174      30         38       1519        107         90        253         20
  175      51         80         35          0         90        216         10
  176     176         46       2784        182         90        183         20
  177     122         83       1952          0        180        277         10
  178      54        130         76       1859         60        165         20
  179     123         52        138          0        210        273         10
  180     121         73         21          0        300        459         10
  181      83        141         70         23        120        233         20
  182      70        119       3059          0          0        148         10
  183     151        123       1225          0        120        221         10
  184     120         85         96          0        180        297         10
  185     147         61       1269          0        420        495         10
  186      66        117       1096          0        150        231         10
  187     142        124       3269          0        120        281         10
  188     109         64       2869         98         90        217         20
  189      25         72         97       1414         60        171         20
  190      85         58       7139          0         60        223         10
  191      44         48        566          0         30        160         10
  192      78         74        999          0          0        124         10
  193     132        144       2415       2478        120        266         20
  194     151        109        891          0         60        201         10
  195      91         72        141          0        120        291         10
  196      26        126       3808       1708        180        277         20
  197      88        127       4289          0         30        203         10
  198      36        143       1200          0         60        213         10
  199      70        126        143          0         60        170         10
  200     115        114       1889          0        120        206         10
  201     125        102        145          0         60        221         10
  202      82         92       4707       1260        300        440         20
  203     185         56        943       2538        300        477         20
  204      64         12       1443          0          0        143         10
  205      96        112        291          0         60        234         10
  206      44         51        240       1297        120        291         20
  207      48         54       2908          0          0         67         10
  208      38         31       1285       1542        120        279         20
  209     192         62       1622        257          0        205         20
  210       1         19        633          0        120        225         10
  211      60        148       1697       5044         30        189         20
  212      25         47       1602       3877        180        258         20
  213      76         56         43       5681         30        174         20
  214      79         16        548          0        120        259         10
  215     110         69       7646         29        300        400         20
  216     177        110         48          0         90        253         10
  217     106         59       4453          0         90        161         10
  218      90         74       1490          0          0        111         10
  219      80        117       1938          0        150        247         10
  220      25        114        338         84         60        226         20
  221       3         90       6679       2977          0        141         20
  222      17         89       1542         38        120        289         20
  223      36        146        280       3622         60        189         20
  224      85         52         67          0        120        248         10
  225      30         43         37          0        120        253         10
  226     121         85        191        147        360        438         20
  227      57         70       1258       2997        360        467         20
  228     129         89         34          0         30        169         10
  229      79        131        170          0         30        158         10
  230     198         86       2360       2542         30        214         20
  231     164         73       5735          0         60        200         10
  232      60         64       1366       6937        120        254         20
  233      99         37        108       1210        120        283         20
  234     169        111       1118       3641        120        248         20
  235     106         85        844          0         60        169         10
  236     175         51       9905        298        300        435         20
  237      55        104        169       1793         30        190         20
  238      38         96       3676       2220        330        499         20
  239     164         70       1545          0        120        195         10
  240     166         88      10500          0          0        197         10
  241     140         94        300          0          0        162         10
  242      10         48        395       6125        120        186         20
  243     148         33       4248          0        450        511         10
  244     168        109       3646          0         60        190         10
  245      14        122        684          0        330        435         10
  246     110        128        480          0         30        173         10
  247      71        130       1104          0         90        263         10
  248      22         99       2276          0         60        134         10
  249     182        107         65        399          0        206         20
  250     115         83       1898          0         60        185         10
  251     119         11       1680          0          0        131         10
  252      97         84       3915       6296         90        249         20
  253      97         24       2089          0        120        250         10
  254      87         93       2024          0        150        216         10
  255     150        108       1173       3114        330        470         20
  256     150         49         57       2075          0        162         20
  257     142        131       1682          0        120        180         10
  258      21         41       7170          0          0        102         10
  259      16          6       2550          0          0         86         10
  260      82         12       2968          0          0        175         10
  261      26          9        681          0        120        261         10
  262       7         18         66         20        150        265         20
  263     121         45        684          0          0        118         10
  264     197         87         32        127         60        203         20
  265     173         62        205       1859        120        264         20
  266      95         87         33          0         30        133         10
  267     125        103        101       1261         90        233         20
  268     163        111       1648       5955        120        258         20
  269      50         93        804       2139          0        105         20
  270      49         88        400       1494        120        225         20
  271      66         86       3604          0         90        173         10
  272     120         62        394        119          0        147         20
  273     101        111        110          0          0        143         10
  274     108         38       1775          0         30        193         10
  275      11         48       9418        749          0        125         20
  276     181         76       6564       2216          0        192         20
  277      53         37       1685        404        360        499         20
  278     119         94        388       2215         60        200         20
  279      86         67        991          0          0         96         10
  280     122        146        344        287        300        451         20
  281     131        123        786       5873         30        190         20
  282      25        117       5161       1943        330        486         20
  283      53         69        817         90          0        143         20
  284      66        152       3277         72          0        161         20
  285      62        151         60          0        180        264         10
  286      84         78       2544          0         60        190         10
  287      71        129      12904         84          0        154         20
  288     139        104       1682          0        300        407         10
  289     158         75       1639       1839         60        206         20
  290      78         87      15000          0          0        144         10
  291     164         45        514          0         30        193         10
  292     166         83         90       2569          0        183         20
  293     130         68       1514          0          0        140         10
  294     106         54         12          0        120        243         10
  295      57         94       5245        902         30        136         20
  296      74         93        290          0          0        111         10
  297      96         81         56         17        120        204         20
  298     127        133        733          0          0        181         10
  299     130         59       1572        688        120        212         20
  300     160        108        591       3008        180        248         20
  301     132        121        147          0        150        259         10
  302     112         74        347          0          0        138         10
  303     148         30       1881       2382         90        218         20
  304      29         11       8445          0        390        470         10
  305      21          7       1038          0         90        189         10
  306       7        116        147       1749        120        281         20
  307      77         44       4579       3422        120        285         20
  308     126         72       7182          0        390        537         10
  309      42         14       2710          0         90        230         10
  310     111         35       4771       2527        360        476         20
  311     190         58        120          0          0        204         10
  312      56        103       3792          0          0        159         10
  313     150         27         93          0        150        227         10
  314      80        113       2250       2029         60        191         20
  315     115         96       3726          0         60        145         10
  316     126         66        123          0         90        222         10
  317     132         62        422          0        120        291         10
  318      34        147       1520       1641         60        171         20
  319      76         44        234       1582        120        250         20
  320      74         20       5221       6408        120        229         20
  321     173         56        817       2138        120        258         20
  322     127         37         54         92         30        159         20
  323     122         34       1862         70         30        115         20
  324      44         47        202       1940          0         74         20
  325      35         23         16          0          0        114         10
  326      41        145       7246       3055        120        258         20
  327     162         96         16          0         90        220         10
  328     193         91       2004          0          0        211         10
  329     137         49        501          0          0        157         10
  330     109        146       4850       6304         60        190         20
  331      57        142       9688         26         90        170         20
  332      92        120        250          0         30        162         10
  333     100         67       6851         56         30        135         20
  334      43        129       1640          0         60        141         10
  335     114         56       1924          0        150        277         10
  336     148         32      10754       1881         30        164         20
  337      19          8       4343          0          0         69         10
  338     171         80        204        249         30        201         20
  339      38         68      15000          0        120        255         10
  340      19         13        108          0         90        247         10
  341     138         99       1838          0        150        245         10
  342     149         34       1568       3152         90        254         20
  343     108        105       5644          0         60        163         10
  344     178        117       2568          0          0        209         10
  345      54        104        194      14806        120        186         20
  346     106         55       1939          0          0        108         10
  347     152        104       5417       1989          0        172         20
  348      74        119        540          0        150        227         10
  349      97        113      10426         61         30        166         20
  350     195         99        192          0         60        213         10
  351     168         49       2348      12652         90        168         20
  352      36        106       1722       6296        360        463         20
  353      34         74       1589          0        150        274         10
  354      35        124       6109        251          0        146         20
  355     111         25       1110          0        120        236         10
  356     176         59       3726          0        150        283         10
  357      57         72        155          0        300        408         10
  358      19         52       1360          0          0        166         10
  359      85         77       7409          0         60        220         10
  360     103        127        110        439         60        169         20
  361      17         36        277          0         30        157         10
  362      27         46       1424          0          0         86         10
  363      17        119      13931       1069         90        263         20
  364     147         38       1937         50         90        223         20
  365     121         71       2620       5274          0        126         20
  366      31          7       1702         87        120        292         20
  367      78         65         89          0        120        287         10
  368     146         33        127          0         60        232         10
  369      38         73       1018        562        150        294         20
  370      73        113        524       3301        180        286         20
  371      45         49        112          0        120        275         10
  372     147        113         39       2361        120        199         20
  373     171         66        210       5151         30        180         20
  374     185         59       3400       5639        120        206         20
  375     122        139        175          0        150        254         10
  376      70         55       1251       5736        330        499         20
  377      58         21        451          0          0        174         10
  378      31        101       5872          0        120        217         10
  379      71         19         17        443          0        140         20
  380      81          6       4267          0        150        255         10
  381     160         78        270          0        120        188         10
  382      93         50         90          0         30        199         10
  383     162        117       3616          0        210        281         10
  384      80         64        414          0          0         99         10
  385     178         62       2706          0         30        195         10
  386      76         78       1637       4697         30        108         20
  387      49        148        772          0          0        161         10
  388      56         49         44          0          0         94         10
  389      90         28        374      14626        300        434         20
  390     178        101        248          0         60        190         10
  391      88         67       3417        697        390        526         20
  392      80         46       5532          0          0        136         10
  393      86         56       1879          0         90        194         10
  394     116         49      14757          0        300        440         10
  395     132         56        254      14746        360        501         20
  396     114         49        628       1895          0        131         20
  397      89         36         11        504          0         79         20
  398     194         60      12139          0         60        228         10
  399      54          2        181         31          0        110         20
  400      18         11       4858       2220        300        412         20
