400_316

CUSTOMER  VEHICLE
NUMBER	  NUMBER     CAPACITY    DispatchingCost
    400     500          40000       100

CUSTOMER
CUST NO.  XCOORD.   YCOORD.   DDEMAND   PDEMAND   READY TIME  DUE TIME   SERVICE TIME

    0      41         23          0          0          0        960          0
    1      21          7       7043        123          0        161         20
    2      79         16        706       6211        360        441         20
    3      51        114       1974       1723        300        401         20
    4     108         42       1538       3504        120        271         20
    5     101         20         13          0          0        101         10
    6     182         66       2961        686         60        182         20
    7      97         58      13022       1978        330        415         20
    8      45         49        112          0        120        275         10
    9     156         67       9316       1976         60        164         20
   10     133         70        282      14718          0        151         20
   11     168         49       2348      12652         90        168         20
   12     137         49       8190       1015          0        145         20
   13      80         70       2014          0        120        276         10
   14      26        121       3377          0          0        143         10
   15      34        149       2036          0         60        235         10
   16     106         85        844          0         60        169         10
   17      86         67        991          0          0         96         10
   18     115         96       2703          0        120        281         10
   19     168        139       3851          0        120        259         10
   20     101         85       1006          0        120        188         10
   21      62         76       3624        766        150        236         20
   22      30         38         14       9754        120        254         20
   23      96        118        579       5307        180        297         20
   24      23        110        406          0        300        412         10
   25      47        129        171          0         60        154         10
   26     154         31        879        338        120        246         20
   27      95         68         42          0         30        115         10
   28      56         19       4992       2542          0        140         20
   29      74        142       2500          0         30        161         10
   30      44         49       7334          0        360        431         10
   31      58         88        422       1246        150        294         20
   32     117        145       1686          0        180        294         10
   33     132         62        422          0        120        291         10
   34      90         74       1490          0          0        111         10
   35      68         86        211       5088         60        201         20
   36     101         77        314          0        300        398         10
   37      29        130       1851       2076         30        160         20
   38     192         88       4583       1308        120        231         20
   39      31         13       1210       3648        180        277         20
   40      69         24       3234        160        120        282         20
   41     108         46         98          0        120        202         10
   42      52         28       8254       2295        420        513         20
   43      38         68      15000          0        120        255         10
   44     155         55        178          0        150        248         10
   45      60         13       2205          0        120        205         10
   46     150         79         92        301         60        226         20
   47      85        135        377          0        120        220         10
   48     138        106       3816       2415         90        163         20
   49     107         61       2635          0          0        169         10
   50     136         72       1950         36        120        293         20
   51      34        122        556          0          0        129         10
   52      16         62       4458          0          0        103         10
   53      52          0       1860          0          0         98         10
   54     171         74       1026       6737        180        290         20
   55      95         87       2218       4579         60        171         20
   56     128         56       2475          0         90        243         10
   57      92         65        223          0         30        202         10
   58     132         36       1052          0        120        198         10
   59      32         56        683          0         30        189         10
   60      85         77        259       1035          0        175         20
   61      11         19       6393          0        120        230         10
   62      57         70       1258       2997        360        467         20
   63      40        112       1854          0        390        460         10
   64     118         67        576          0         60        167         10
   65     146         33       2113          0        150        246         10
   66      29        110       1016         30         60        157         20
   67      34         63        152          0         60        225         10
   68     103         95         75      10994         90        222         20
   69     178         62       2706          0         30        195         10
   70      28         81       4333          0         30        135         10
   71      40        155        128         35        180        254         20
   72       7        116         82       2516        150        227         20
   73      85         52         67          0        120        248         10
   74     155        145        396          0         30        204         10
   75      84         85        648          0          0        141         10
   76      29         11       8445          0        390        470         10
   77      66        152       3277         72          0        161         20
   78      74        120       4007          0        420        502         10
   79     150         49      15000          0         30        198         10
   80      93         84       3602          0        120        227         10
   81     160         74         49       1329        180        288         20
   82      66         63        237        665          0        160         20
   83     162         96         16          0         90        220         10
   84     102        100       1673          0        120        249         10
   85      76        127       4385          0        330        405         10
   86      38         32       1886          0        420        520         10
   87      26        126       1513          0        360        522         10
   88     188         79        566        126          0        216         20
   89     139         70         46          0         30        200         10
   90     183         89         24          0        180        297         10
   91      34        124       9338          0        120        284         10
   92      88        103       3713          0        180        260         10
   93     180         58       3535         63          0        196         20
   94      95         82       2682          0        120        265         10
   95      32        112       1555       1924        120        220         20
   96     194         60       6296        390         60        206         20
   97     111         54         13        436          0        168         20
   98      67         87       3590          0         90        258         10
   99     120        124       1602          0         90        183         10
  100     123         47       8172          0        360        470         10
  101      68         94       4472       1951        120        198         20
  102      50         80        673       1629        300        404         20
  103      47         51       1248          0        120        202         10
  104     132         44       1508          0         60        221         10
  105      74         93        290          0          0        111         10
  106      23        118       6397          0         60        201         10
  107      44         48       1146        110        390        471         20
  108      80         64        665         95          0         97         20
  109     110         49      13648          0          0        111         10
  110      93        152       6160          0         30        195         10
  111      24        114       1755          0          0        144         10
  112      41         70         30       1036        120        248         20
  113     112         36         58          0          0        143         10
  114     175        124       9326          0          0        214         10
  115      85         76        465          0        150        278         10
  116      56         10        887      14113        120        216         20
  117      87         81        949          0        360        471         10
  118      57        117       7204          0         60        140         10
  119     130         52       2295          0        390        472         10
  120      55         16        739          0        360        507         10
  121     185         73       1929       2138         60        194         20
  122      23        141       2280          0        150        231         10
  123      55         47       1285        100        390        490         20
  124     190         58       4309         30        180        250         20
  125      73         92       5409        719         60        236         20
  126      51        115        567       3605         30        192         20
  127     106         81       1600          0          0        129         10
  128      40        133       1587       5873         60        158         20
  129      90         87       2773       3791        390        530         20
  130      90         83       2995          0         60        163         10
  131     150        127       3450         58         90        181         20
  132     120         33       9977          0        390        496         10
  133      18         37       1460        890        120        218         20
  134     146        130       1611          0        180        278         10
  135     188         66         98       2542        210        288         20
  136       8         46        910        960          0         93         20
  137     135         51        172         41        120        247         20
  138      53         17         58          0        120        222         10
  139     193         91       2004          0          0        211         10
  140      17         36       1330         14          0         99         20
  141      58          2        272        167        120        198         20
  142     112         20       8802          0        360        539         10
  143     121         66         27       1505         30        129         20
  144     138        146         31          0         90        208         10
  145     123         52        138          0        210        273         10
  146      59         85        345        668         30        108         20
  147     150         20       3561          0        120        197         10
  148      12         55       3909         68        120        256         20
  149      75         55       2917        363        120        281         20
  150      26        142       2377       1745        180        252         20
  151      53         44        287          0        150        256         10
  152      86         99         17        389         30        138         20
  153     166         83         90       2569          0        183         20
  154      81         23      15000          0        330        401         10
  155     153        148       3786          0         60        219         10
  156     121        129       2805       1791        180        279         20
  157      97        113      10426         61         30        166         20
  158     133         89       1772       7207        390        457         20
  159     123         72        941       1885         60        196         20
  160     173         95       3140       2399          0        199         20
  161     141         58       4199       2130        360        473         20
  162      98         53       1297          0          0        172         10
  163      80         48        173       3613        120        194         20
  164      68         21       3467          0        120        254         10
  165     164        107         48          0        180        280         10
  166      62         56         40        248        120        258         20
  167       4         16       2745      12255        150        230         20
  168     120         78       5296          0        360        458         10
  169     142        102       3349          0        450        528         10
  170      52         63       3542          0          0         77         10
  171      66         58       1700      13300        120        288         20
  172      65         32        147         49        120        201         20
  173     100        101        290          0         90        253         10
  174      42         14       1514          0          0        159         10
  175      57         37       1885      13115          0        114         20
  176     146        132       4255          0         60        217         10
  177      65         12       3769          0          0         80         10
  178     122         40        307       3485        120        198         20
  179      30         45         17       1526        150        277         20
  180      19         13       1044          0          0         64         10
  181     122         66       3521          0         90        246         10
  182      57        145      11350          0        120        190         10
  183     130        148       1672          0        150        233         10
  184     115         64         92          0        150        252         10
  185     174        119       1642          0        120        243         10
  186     121        147       1605          0        150        260         10
  187      61         49       1523          0        150        242         10
  188      67         39        178      13912        120        188         20
  189     127         37         54         92         30        159         20
  190     174         67       3596          0         30        195         10
  191      62        135       1240       2938         90        228         20
  192      89         36         11        504          0         79         20
  193     135         78      15000          0        300        404         10
  194      31        106        686          0         30        169         10
  195     126         36       2136        234        120        259         20
  196      78         17       2692        337        390        461         20
  197     122         83       2054          0        180        253         10
  198      90         92         15          0        120        228         10
  199      88         63       2453         17         30        116         20
  200     181         68       1149          0         90        185         10
  201     173         62         44       5374        180        285         20
  202      34         74       1589          0        150        274         10
  203     146        141       2236        972        210        296         20
  204     172         77      11057       1016        300        402         20
  205     103         55         62          0          0        142         10
  206     131        104         65          0         30        166         10
  207      78         10        112          0        120        199         10
  208     141         30        886          0         60        212         10
  209     121         71       4982          0        360        530         10
  210     164         73        887        104        150        229         20
  211       7         33       2495        190          0         98         20
  212     186        106       9756          0        120        221         10
  213     158         73        166          0          0        174         10
  214      92         88         12          0        150        254         10
  215      29        101       2168         29         30        159         20
  216      88         54       1037       7180          0        101         20
  217      90         47       2146          0        120        281         10
  218      20         39         60        108          0        106         20
  219     117         97       9680          0        360        462         10
  220     142         28      14988         12        150        244         20
  221       7        117        610        100         60        189         20
  222      56        103        362         37          0        132         20
  223      80        113       2250       2029         60        191         20
  224     169        147         10          0         60        217         10
  225      91         55         90        839          0        158         20
  226     183         60       1659          0        210        281         10
  227     138         53       6618       1944        360        451         20
  228     106         55       1939          0          0        108         10
  229      73         81       3528          0          0        108         10
  230      94        118       2191          0        180        250         10
  231     102        120       1840          0         90        252         10
  232      86        102        531      14469        180        288         20
  233      48         46       3295       5889          0        146         20
  234     181         76        134        217        120        247         20
  235     149         94        165        502        180        259         20
  236      69         51       7005       1959        120        239         20
  237      10         48        395       6125        120        186         20
  238      77         55        280       1511          0        110         20
  239      47        133      11397          0        120        249         10
  240      46         46        105          0        150        275         10
  241     141        142       2973        620         60        236         20
  242      82          8        280          0          0        133         10
  243     155         24         30          0        120        262         10
  244     183         79         57          0         60        220         10
  245     135         23        213       3093        360        519         20
  246     160        136       1923          0        360        466         10
  247     164         70       1545          0        120        195         10
  248     198         93       5805          0        360        531         10
  249     131         83        315       1751         90        220         20
  250     138         56       1926          0        180        273         10
  251      43        122         40          0         90        165         10
  252     174         99       2160        447          0        203         20
  253      92         84       1940       2028        420        522         20
  254      55         65        330       1770        120        285         20
  255     126        111       9991       3234        180        256         20
  256      66        119       1551          0        150        227         10
  257      70         76         19      11041          0        104         20
  258      60        148       1697       5044         30        189         20
  259      81          8        254         86          0         85         20
  260      74         95       1290        123         30        163         20
  261      53         69        817         90          0        143         20
  262     106         68        277       1874          0        123         20
  263     100         53      13506          0        120        254         10
  264       7        114         82       2419         60        193         20
  265      23         35        164          0          0        164         10
  266      60         43       2267       1205        120        255         20
  267     139         25       1956          0          0        176         10
  268      64         44       1758       7409          0        122         20
  269      77        120         22          0         90        230         10
  270     105         79       1959          0        180        242         10
  271     112        136      14399        334        390        523         20
  272     131         89         49          0        120        184         10
  273      58         21       1892          0          0        135         10
  274     189        101        830          0        180        281         10
  275      87        139         60          0         90        167         10
  276     116         85         40          0        330        498         10
  277       4         23        236        920        120        223         20
  278      96         79       3055          0         30        208         10
  279      35        124       2695          0        120        189         10
  280     127         52        301          0         30        156         10
  281     110         98        255          0         30        131         10
  282      46         18       1403          0          0        159         10
  283     198         86        192          0         60        212         10
  284      61         63        183          0         30        140         10
  285      66        109       4511          0        420        525         10
  286      57         45       1460          0        330        503         10
  287      13        119       2319          0         60        227         10
  288      24        100       4040          0        150        250         10
  289      36        153        203        144        390        475         20
  290      36         87       9982         43         30        165         20
  291      76         44        296        171        120        283         20
  292     122        139        175          0        150        254         10
  293      58         86         21       9756        150        289         20
  294     102         87         11        383        150        245         20
  295     160        131         29          0        180        290         10
  296      35         97        196          0         90        170         10
  297       5         14       4792          0         30        102         10
  298      31          4       4408         12        330        490         20
  299      34        127       8560          0        300        454         10
  300      88         73      14285        715          0        119         20
  301     152        146       1043          0         90        200         10
  302      74         63        354          0        210        277         10
  303      70         64        104       5643        300        427         20
  304      23         93       3399          0         60        129         10
  305      40         67       1644          0        450        523         10
  306      55         67        252         43          0        112         20
  307     104         68        144         74          0        133         20
  308      98         69       1568          0        120        256         10
  309      31         40      14776        224        120        187         20
  310      51         80         35          0         90        216         10
  311      35        109       2089          0        120        225         10
  312      34        136       6807        100          0        156         20
  313      86        140       4314          0        300        416         10
  314     125        102         61          0          0        167         10
  315      69         90       3243          0        390        495         10
  316      75         34        803       5376        120        253         20
  317      76         76       5203         53          0        173         20
  318     103         96        112       9040        150        289         20
  319      45         61       1970        147        120        198         20
  320      22        149       4211          0        450        521         10
  321      28         45       4270          0          0        110         10
  322     128        111       2939          0          0        162         10
  323       6         12         30        210          0         73         20
  324      44         47      13065          0        150        280         10
  325     106         83       5186          0        300        442         10
  326     131         18       2262          0         30        158         10
  327      44         78       1873       4411        420        519         20
  328      83         64        104         25        120        287         20
  329      57         91        197       3956        390        532         20
  330     186         89       2076          0        120        260         10
  331     179         72       1473        197         90        224         20
  332     174         54       1034          0        180        264         10
  333     172         43        183          0         90        186         10
  334      13         87       2832          0          0        124         10
  335     132         43       7489          0          0        166         10
  336      95         91       1841       1378          0        166         20
  337      34        137       5813         74        300        434         20
  338      85         71        857       3492         30        142         20
  339     140         94        300          0          0        162         10
  340      70        125      13341       1659         30        196         20
  341     100         19        427       5297        120        227         20
  342     170        137         53          0         60        216         10
  343      73         96        423          0        120        197         10
  344      83         85       4875          0         30        133         10
  345      64        119        103      14897         60        155         20
  346      87         69        696       8189        150        256         20
  347      30        106         40      11057        180        280         20
  348      91         72        141          0        120        291         10
  349      39         52         90          0          0        107         10
  350     170        118       1758          0        390        454         10
  351      54         96       4930          0          0        112         10
  352      20        119       9298          0        120        206         10
  353     119         15       2659          0        420        480         10
  354      25         72         97       1414         60        171         20
  355      31        142       5368       2559        390        470         20
  356     101        120       1250          0        360        469         10
  357       6         49       4040          0        120        231         10
  358     155         27        325          0         60        164         10
  359     185         44         40          0         60        220         10
  360     109         64       2257       7680         60        153         20
  361      85         61       3805        210         60        151         20
  362      84         78       2544          0         60        190         10
  363     198         85        594          0        120        288         10
  364     107         63        800       1174         90        243         20
  365      86         86         86          0        180        250         10
  366      19          8       1293       1888        150        246         20
  367     173         43       2819          0         90        172         10
  368      21         78      12793       2207        120        225         20
  369      11         34        715       1709          0        163         20
  370      86         80        437        941         90        230         20
  371      82         99       1432       2939        120        207         20
  372     146        112       3512          0         90        178         10
  373     107         85         75       5377         60        132         20
  374     109         94       1274       1998        120        200         20
  375      74         20       5221       6408        120        229         20
  376      21         40       3810          0          0        140         10
  377      53        120        132        741         60        159         20
  378      76         59       2958          0          0         97         10
  379      82          9      11160        222          0        127         20
  380     121        120        603      14397         90        164         20
  381     188         83      14970         30         30        210         20
  382      34         67       2009        514          0         86         20
  383     175         51       9905        298        300        435         20
  384      85         75        110          0          0        115         10
  385      60         64       1366       6937        120        254         20
  386     111         85       2903          0        120        279         10
  387     160         33       2819          0        420        533         10
  388     114         80        646          0        150        224         10
  389     105         68        177        145         30        143         20
  390     144        128        172        300        300        396         20
  391      48        129       2461          0          0        177         10
  392     177        112        280        193          0        200         20
  393      67         80        420          0        150        258         10
  394     198         67         52          0          0        199         10
  395     153         75       6006          0         30        178         10
  396      65         82       2552          0         90        170         10
  397      95         90        390       1647        120        235         20
  398     160         37       2511          0         60        153         10
  399     176        112       3983       1777         60        201         20
  400      48        138        127          0        120        233         10
